IdData,IdKalimat,Data,DataCleaned,Label,DataEditGreedy,DataEditOptimal
0,0,"Halo yayan, Terima kasih atas pertanyaannya",halo yayan terima kasih,F1,0,0
0,1,"Berdasarkan riwayat keluhan istri Anda yang sudah Anda sampaikan, yaitu muntah - muntah dan diare lebih dari 5 - 10x, terdapat kemungkinan kondisi yang dialami oleh istri Anda, salah satunya adalah keracunan makanan, infeksi saluran cerna, adanya malapsorbsi / intoleransi makanan yang ditandai dengan gejala - gejala yang Anda sebutkan tersebut",dasar riwayat keluh istri muntah muntah diare x kondisi alami istri salah racun makan infeksi salur cerna malapsorbsi intoleransi makan tanda gejala gejala,F4,0,0
0,2,Gejala muntah dan diare pada dasarnya merupakan respon tubuh yang wajar sebagaimana tubuh berusaha mengeluarkan toksin / racun dari makanan / minuman yang terkontaminasi yang dikonsumsi sebelumnya,gejala muntah diare dasar rupa respon tubuh wajar tubuh usaha toksin racun makan minum kontaminasi konsumsi,F3,0,0
0,3,Kondisi ini dapat membaik dengan sendirinya dalam hitungan beberapa hari tanpa perlu pengobatan khusus dari dokter,kondisi hitung obat khusus dokter,F3,0,0
0,4,"Pantau terus gejala yang muncul, kembalikan cairan tubuh yang keluar, dan monitor tanda - tanda dehidrasi seperti lemas, mata cowong, tidak buang air kecil lebih dari 6 jam atau urin berwarna pekat, mulut kering dan rasa sangat haus, dan adanya tanda - tanda kebingungan",pantau gejala muncul cair tubuh monitor tanda tanda dehidrasi lemas mata cowong buang air jam urin warna pekat mulut kering haus tanda tanda bingung,F5,0,0
0,5,"Selain itu, berikut anjuran yang dapat dilakukan untuk mengurangi keluhan: Menghindari makan terlebih dahulu selama beberapa jam",anjur laku keluh hindar makan jam,F5,1,1
0,6,"Minum air, sup, atau minuman elektrolit untuk membantu mengembalikan cairan yang keluar dari tubuh istri Anda",minum air sup minum elektrolit bantu cair tubuh istri,F5,1,1
0,7,"Ketika makan nanti, makan sedikit - sedikit dengan makanan yang tawar seperti roti - rotian, nasi / bubur, biskuit",makan makan makan tawar roti roti nasi bubur biskuit,F5,1,1
0,8,Istirahat yang cukup,istirahat,F5,1,1
0,9,"Menghindari susu dan produk susu, kopi, minuman bersoda, dan makanan asam / pedas / berlemak terlebih dahulu",hindar susu produk susu kopi minum soda makan asam pedas lemak,F5,1,1
0,10,"Apabila gejala tidak membaik dalam waktu 3 - 5 hari, masih terus muntah atau diare dan terdapat darah di dalamnya, demam, lemas, langsung hubungi petugas fasilitas layanan kesehatan terdekat",gejala muntah diare darah demam lemas langsung hubung tugas fasilitas layan sehat,F5,2,2
0,11,Semoga informasi ini dapat membantu dan semoga lekas sembuh,moga informasi bantu moga lekas sembuh,F1,2,2
0,12,Salam,salam,F1,2,2
1,0,Halo,halo,F1,0,0
1,1,Terima kasih atas pertanyaan yang disampaikan ke Alodokter,terima kasih alodokter,F1,0,0
1,2,Kami dapat memahami kekhawatiran yang Anda rasakan,paham khawatir,F1,0,0
1,3,"Siklus menstruasi diawali oleh penglepasan sel telur dari indung telur ke rahim, yang diikuti oleh penebalan dinding rahim untuk persiapan menempelnya hasil fertilisasi / pembuahan sel telur oleh sperma",siklus menstruasi penglepasan sel telur indung telur rahim tebal dinding rahim tempel hasil fertilisasi buah sel telur sperma,F3,1,1
1,4,"Bila sel telur tidak dibuahi oleh sperma, dinding rahim akan meluruh sehingga keluar melalui vagina dalam bentuk darah serta sel - sel yang rusak",sel telur buah sperma dinding rahim luruh vagina bentuk darah sel sel rusak,F3,1,1
1,5,"Siklus menstruasi biasanya berlangsung setiap 21 - 35 hari, dengan haid yang berlangsung selama 2 - 8 hari, dan volume darah haid berkisar dari 20 - 60 mL (setara dengan 1 - 6 pembalut sehari)",siklus menstruasi langsung haid langsung volume darah haid kisar ml tara balut,F3,2,2
1,6,Tidak menutup kemungkinan bahwa gejala ketidakteraturan menstruasi yang Anda alami merupakan bentuk gangguan haid,tutup gejala ketidakteraturan menstruasi alami rupa bentuk ganggu haid,F4,2,2
1,7,"Ada beberapa kemungkinan bentuk gangguan haid, yang tersering antara lain: Metroragia, yaitu perdarahan haid yang interval antarhaidnya tak teratur",bentuk ganggu haid metroragia darah haid interval antarhaidnya atur,F3,2,2
1,8,"Menometroragia, yaitu peningkatan volume / durasi perdarahan haid yang disertai interval antarhaid yang tidak teratur",menometroragia tingkat volume durasi darah haid interval antarhaid atur,F3,2,2
1,9,"Hipermenorea / menoragia, yaitu peningkatan volume perdarahan haid (lebih dari 80 mL darah / hari) dan / atau memanjangnya durasi haid (lebih dari 7 hari), tetapi dengan interval antarhaid yang tetap normal",hipermenorea menoragia tingkat volume darah haid ml darah durasi haid interval antarhaid normal,F3,2,2
1,10,"Ada banyak kemungkinan penyebab gangguan haid, meliputi: Masalah pada organ reproduksi (rahim, leher rahim, saluran / tuba falopi, indung telur), termasuk pula sindrom polikistik ovarium",ganggu haid liput organ reproduksi rahim leher rahim salur tuba falopi indung telur masuk sindrom polikistik ovarium,F3,3,3
1,11,"Faktor - faktor lain di luar sistem organ reproduksi, meliputi: gangguan hormonal, efek samping obat, gangguan pembekuan darah, stres, episode depresi)",faktor faktor sistem organ reproduksi liput ganggu hormonal efek samping obat ganggu beku darah stres episode depresi,F3,4,4
1,12,"Supaya kondisi Anda dapat dievaluasi dan ditangani secara tepat, kami menyarankan Anda untuk memeriksakan diri secara langsung ke dokter spesialis kebidanan dan kandungan",kondisi evaluasi tangan saran periksa langsung dokter spesialis bidan kandung,F5,5,5
1,13,"Selain anamnesis dan pemeriksaan fisis, dokter mungkin menyarankan pemeriksaan penunjang bila ditemukan indikasi, misalnya: ultrasonografi (USG) kandungan, pemeriksaan darah, atau CT - scan",anamnesis periksa fisis dokter saran periksa tunjang temu indikasi ultrasonografi usg kandung periksa darah ct scan,F5,5,5
1,14,"Untuk membantu redakan keluhan, Anda disarankan untuk melakukan langkah - langkah sederhana berikut ini: Istirahat yang cukup",bantu reda keluh saran laku langkah langkah sederhana istirahat,F5,5,5
1,15,"Jaga berat badan dalam rentang normal, Makan makanan bergizi seimbang secara teratur",jaga berat badan rentang normal makan makan gizi imbang atur,F5,6,6
1,16,Rutin melakukan latihan fisik atau olahraga,rutin laku latih fisik olahraga,F5,6,6
1,17,Minum air putih paling tidak 8 gelas sehari Manajemen stres dengan baik,minum air putih gelas manajemen stres,F5,6,6
1,18,"Untuk memperkaya wawasan, Anda dapat membaca artikel tentang gangguan menstruasi",kaya wawas baca artikel ganggu menstruasi,F5,7,7
1,19,Demikian informasi dari kami,informasi,F1,7,7
1,20,Mudah - mudahan senantiasa sehat,mudah mudah senantiasa sehat,F1,7,7
1,21,Semoga bermanfaat,moga manfaat,F1,7,7
2,0,"Selamat pagi, terima kasih atas pertanyaannya",selamat pagi terima kasih,F1,0,0
2,1,Reumatoid artritis (RA) merupakan penyakit autoimun dimana sistem kekebalan tubuh yang menyerang persendian sehingga menyebabkan peradangan kronis,reumatoid artritis ra rupa sakit autoimun sistem kebal tubuh serang sendi radang kronis,F3,1,1
2,2,Obat anti inflamasi kortikosteroud dan nonsteroid digunakan untuk mengendalikan gejala RA,obat anti inflamasi kortikosteroud nonsteroid kendali gejala ra,F3,1,1
2,3,Namun untuk mengontrol perkembangan penyakit perlu diberikan obat golongan disease - modifying antirheumatic drugs (DMARDs) seperti metotreksat,kontrol kembang sakit obat golong disease modifying antirheumatic drugs dmards metotreksat,F3,1,1
2,4,Keduanya merupakan obat utama pada terapi RA ini,rupa obat utama terapi ra,F3,1,1
2,5,"DMARDs dapat mempengaruhi perkembangan penyakit, tetapi membutuhkan waktu 4 - 6 bulan lamanya untuk mendapatkan respon terapi penuh",dmards pengaruh kembang sakit butuh respon terapi penuh,F3,2,2
2,6,Namun penggunaan metotreksat harus dibawah monitoring oleh dokter karena dalam jangka waktu panjang dapat mengakibatkan gangguan berbagai organ seperti penurunan fungsi hati dan ginjal,metotreksat monitoring dokter jangka akibat ganggu organ turun fungsi hati ginjal,F3,2,2
2,7,"Sehingga pemberian DMARDs sebaiknya dilakukan setelah diagnosis, perkembangan dan keparahan penyakit sudah dipastikan dan tidak semua pasien dapat diberikan",dmards laku diagnosis kembang parah sakit pasien,F3,2,2
2,8,Umumnya pada tahap awal hanya diberikan anti inflamasi non steroid kemudian dilakukan evaluasi respon pengobatan,tahap anti inflamasi non steroid laku evaluasi respon obat,F3,3,3
2,9,Lakukanlah konsultasi dengan dokter untuk mendapatkan terapi yang tepat sesuai dengan kondisi medis anda,laku konsultasi dokter terapi sesuai kondisi medis,F5,3,3
2,10,"Sekian, semoga dapat membantu Wassalam",sekian moga bantu wassalam,F1,4,4
3,0,"Halo Friscilla, terima kasih ya sudah bertanya di Alodokter",halo friscilla terima kasih ya alodokter,F1,0,0
3,1,"Membaca keluhan yang anda alami, keluhan tersebut memang dapat saja disebabkan oleh efek samping suplemen yang anda konsumsi (terutama jika suplemen tersebut bukan direkomendasikan oleh dokter dan belum banyak penelitian yang jelas mengenai suplemen tersebut), tetapi dapat pula disebabkan oleh beberapa kemungkinan kondisi lain seperti : Radang usus Irritable bowel syndrome (IBS) Infeksi saluran cerna Sindrom dispepsia",baca keluh alami keluh efek samping suplemen konsumsi utama suplemen rekomendasi dokter teliti kena suplemen kondisi radang usus irritable bowel syndrome ibs infeksi salur cerna sindrom dispepsia,F4,1,0
3,2,"Sementara ini, sangat disarankan untuk menghentikan terlebih dahulu konsumsi suplemen penambah nafsu makan tersebut jika memang bukan disarankan oleh dokter dan beralih dengan mengubah pola pikir, pandangan dan makanan anda sehari - hari",saran henti konsumsi suplemen nafsu makan saran dokter alih ubah pola pikir pandang makan,F5,1,0
3,3,"Anda diperbolehkan saja untuk mengonsumsi makanan yang enak sesekali untuk memicu nafsu makan anda, tetapi tetap imbangi dengan makanan yang sehat setiap harinya, terutama asupan sayur dan buah",konsumsi makan enak picu nafsu makan imbang makan sehat utama asupan sayur buah,F5,1,0
3,4,"Untuk mengatasi keluhan anda, anda diperbolehkan saja mengonsumsi obat diare (khususnya untuk memadatkan tinja) sesuai dengan dosis yang ada pada kemasan serta diimbangi dengan menghindari makanan yang sekiranya dpat mengiritasi saluran cerna seperti makanan yang asam dan pedas",keluh konsumsi obat diare khusus padat tinja sesuai dosis kemas imbang hindar makan sekira dpat iritasi salur cerna makan asam pedas,F5,1,0
3,5,"Selain itu, disarankan pula untuk selalu menjaga kebersihan makanan, minuman serta alat makan anda setiap harinya untuk menghindrai terjadinya infeksi pada saluran cerna, lakukan olahraga secara rutin minimal 30 menit per hari sesuai kemampuan anda dan kelola stres dengan baik",saran jaga bersih makan minum alat makan menghindrai infeksi salur cerna laku olahraga rutin minimal menit sesuai kelola stres,F5,1,0
3,6,Semoga membantu,moga bantu,F1,1,0
4,0,"Halo, terima kasih atas pertanyaannya untuk Alodokter",halo terima kasih alodokter,F1,0,0
4,1,Pada dasarnya masalah pada lambung ada bermacam - macam jenisnya,dasar lambung jenis,F3,0,0
4,2,"Bila yang anda maksudkan adalah penyakit asam lambung (GERD), maka umumnya nyeri yang dirasakan adalah nyeri pada ulu hati dan rasa terbakar pada dada",maksud sakit asam lambung gerd nyeri nyeri ulu hati bakar dada,F3,0,0
4,3,Gangguan lambung jarang menimbulkan nyeri hingga ke punggung dan tidak akan menimbulkan nyeri pada tengkuk leher belakang,ganggu lambung jarang timbul nyeri punggung timbul nyeri tengkuk leher,F3,0,0
4,4,"Gangguan pada pankreas dan juga saluran empedu mungkin menyebabkan nyeri yang bisa menjalar ke punggung dan kadang bisa ke bahu juga, namun biasanya tidak akan dirasakan hingga ke leher belakang",ganggu pankreas salur empedu nyeri jalar punggung kadang bahu leher,F3,0,0
4,5,Sebaiknya cobalah ceritakan dengan lebih jelas gejala - gejala apa saja yang anda alami agar kami bisa menganalisis lebih lanjut kemungkinan - kemungkinan penyebabnya,coba cerita gejala gejala alami analisis,F5,1,1
4,6,Untuk mendiagnosis penyakit sebenarnya perlu dilakukan anamnesis (wawancara medis) yang mendalam dan juga pemeriksaan fisik dan pemeriksaan penunjang,diagnosis sakit laku anamnesis wawancara medis periksa fisik periksa tunjang,F5,1,1
4,7,"Namun di masa pandemi virus corona seperti sekarang, anda diharapkan untuk tidak pergi ke dokter kecuali dalam keadaan yang benar - benar mendesak",pandemi virus corona harap pergi dokter kecuali desak,F3,1,1
4,8,"Bila anda mengalami gejala - gejala penyakit asam lambung (misalnya anda merasa mual, kembung, nyeri ulu hati, rasa panas di dada, rasa mengganjal di tenggorok)",alam gejala gejala sakit asam lambung mual kembung nyeri ulu hati panas dada ganjal tenggorok,F3,1,1
4,9,"Berikut ini adalah beberapa hal yang bisa anda coba lakukan: Makan lebih sedikit - sedikit namun lebih sering, kunyah makanan anda hingga halus baru telan",coba laku makan kunyah makan halus telan,F5,2,2
4,10,Hindari makan terlalu banyak dan hindari berbaring setelah makan,hindar makan hindar baring makan,F5,2,2
4,11,Tinggikan sandaran kepala anda saat tidur,sandar kepala tidur,F5,2,2
4,12,"Hindari makan makanan yang terlalu berlemak / berminyak, terlalu pedas dan terlalu asam, serta hindari makan maknana yang banyak menghasilkan gas untuk sementara waktu",hindar makan makan lemak minyak pedas asam hindar makan maknana hasil gas,F5,2,2
4,13,"Hindari merokok, minum alkohol dan juga kopi",hindar rokok minum alkohol kopi,F5,2,2
4,14,Turunkan berat badan bila terdapat berat badan berlebih,turun berat badan berat badan,F5,3,3
4,15,"Sekian informasi dari saya, semoga cukup menjawab",sekian informasi moga,F1,3,3
5,0,Halo saudara Eva,halo saudara eva,F1,0,0
5,1,Pemberian makanan pendamping ASI (MPASI) terlalu dini pada anak memiliki banyak dampak bagi anak,makan damping asi mpasi anak milik dampak anak,F3,0,1
5,2,"Beberapa risiko yang dapat terjadi apabila diberikan terlalu dini yaitu adanya risiko aspirasi (masuknya makanan ke jalan pernafasan bayi), bayi tidak mendapatkan asupan makanan yang cukup dan tidak memiliki daya tahan tubuh yang bagus, risiko kelebihan berat badan, dan gangguan pencernaan pada bayi seperti Necrotizing enterocolitis (kerusakan usus halus), intoleransi laktosa, alergi susu sapi, dan sebagainya",risiko risiko aspirasi masuk makan jalan nafas bayi bayi asupan makan milik daya tahan tubuh bagus risiko berat badan ganggu cerna bayi necrotizing enterocolitis rusak usus halus intoleransi laktosa alergi susu sapi,F3,1,1
5,3,Hal ini dikarenakan bayi memerlukan waktu untuk mendapatkan fungsi pencernaan yang bagus bagi dirinya,bayi fungsi cerna bagus,F3,1,1
5,4,Apabila diberikan terlalu dini organ pencernaan tidak akan mampu untuk mengolah makanan tersebut dan berdampak buruk bagi bayi,organ cerna olah makan dampak buruk bayi,F3,1,1
5,5,"Berhati - hatilah apabila bayi Anda terus rewel dan menangis, BAB berdarah, perut kembung, mencret, atau lemas",hati hati bayi rewel tangis bab darah perut kembung mencret lemas,F3,1,1
5,6,Hal ini dapat menjadi tanda bahwa terjadi sesuatu bagi bayi Anda,tanda bayi,F3,1,1
5,7,"Kembalilah menggunakan ASI, karena ASI adalah makanan utama bagi bayi bawah 6 bulan",asi asi makan utama bayi,F3,1,1
5,8,ASI memiliki banyak manfaat bagi ibu dan bayi,asi milik manfaat bayi,F3,1,1
5,9,"Bagi ibu ASI dapat meningkatkan bounding antara bayi dan ibu, menghambat kesuburan sehingga dapat dipergunakan sebagai kontrasepsi alami, serta murah karena tidak memerlukan biaya",asi tingkat bounding bayi hambat subur kontrasepsi alami murah biaya,F3,2,2
5,10,"Sedangkan bagi bayi ASI dapat meningkatkan sistem kekebalan tubuh, berat badan ideal, dan tulang lebih kuat",bayi asi tingkat sistem kebal tubuh berat badan ideal tulang kuat,F3,2,2
5,11,"Berikanlah ASI eksklusif selama 6 bulan, baru diberikan makanan pendamping ASI",ikan asi eksklusif makan damping asi,F5,3,3
5,12,Anda dapat membaca link berikut untuk menambah wawasan Urutan pemberian makanan pendamping ASI pada anak,baca link wawas urut makan damping asi anak,F5,3,3
5,13,"Semoga bermanfaat, terima kasih",moga manfaat terima kasih,F1,3,3
6,0,Halo Terima kasih atas pertanyaannya pada Alodokter,halo terima kasih alodokter,F1,0,0
6,1,Obat prednicort memiliki kandungan aktif methylprednisolone yang termasuk kedalam golongan obat kortikosteroid,obat prednicort milik kandung aktif methylprednisolone masuk golong obat kortikosteroid,F3,1,1
6,2,"Golongan obat ini bekerja dengan menekan sistem kekebalan tubuh dan mengurangi reaksi peradangan serta gejalanya, seperti pembengkakan, nyeri, atau ruam",golong obat kerja tekan sistem kebal tubuh reaksi radang gejala bengkak nyeri ruam,F3,1,1
6,3,"Obat ini memang memiliki efek samping salah satunya pada sistem pencernaan yaitu mual, muntah, dan nyeri pada daerah ulu hati",obat milik efek samping salah sistem cerna mual muntah nyeri daerah ulu hati,F6,1,1
6,4,Jadi sebaiknya obat ini dikonsumsi sekitar 1 jam setelah makan untuk mengurangi efek samping tersebut,obat konsumsi jam makan efek samping,F6,1,1
6,5,"Obat Alloris memiliki kandungan aktif loratadine yang termasuk kedalam golongan obat antihistamin yang dapat meredakan gejala alergi seperti bersin - bersin, ruam kulit, pilek, akibat paparan alergen seperti debu dan lain sebagainya",obat alloris milik kandung aktif loratadine masuk golong obat antihistamin reda gejala alergi bersin bersin ruam kulit pilek akibat papar alergen debu,F3,1,1
6,6,Loratadine ini biasanya akan menimbulkan efek lelah atau mengantuk,loratadine timbul efek lelah antuk,F6,1,1
6,7,Jadi sebaiknya bila setelah mengonsumsi obat ini hindarilah untuk berpergian terutama bila mengendarai kendaraan bermotor sendiri,konsumsi obat hindar berpergian utama kendara kendara motor,F6,1,1
6,8,Kedua obat yang Anda konsumsi sebenarnya merupakan obat simptomatik yang artinya boleh dihentikan penggunaannya bila dosis yang diberikan oleh dokter Anda sudah terpenuhi atau gejala yang timbul sudah hilang,obat konsumsi rupa obat simptomatik arti henti dosis dokter penuh gejala timbul hilang,F3,1,1
6,9,Jadi tidak perlu dikonsumsi secara terus menerus,konsumsi,F3,1,1
6,10,"Untuk keluhan pada lambung, kemungkinan disebabkan oleh obat yang mengandung kortikosteroid, jadi sebaiknya konsumsilah setelah atau saat bersamaan dengan makanan untuk meminimalisir efek samping tersebut",keluh lambung obat kandung kortikosteroid konsumsi makan meminimalisir efek samping,F5,1,1
6,11,Sekian informasi yang dapat kami sampaikan,sekian informasi,F1,2,2
6,12,Semoga bermanfaat dr Winda Indriati,moga manfaat dr winda indriati,F1,2,2
7,0,Halo Jovan,halo jovan,F1,0,0
7,1,"Untuk menghitung usia kehamilan bukan dengan tanggal menikah, tetapi dihitung dengan hari pertama menstruasi terakhir (HPMT)",hitung usia hamil tanggal nikah hitung menstruasi hpmt,F3,0,0
7,2,"Sebagai contoh, seseorang yang menikah tanggal 28 november, tetapi HPMT nya tanggal 10 november, maka kehamilannya akan dihitung sejak 10 november",contoh orang nikah tanggal november hpmt nya tanggal november hamil hitung november,F3,0,0
7,3,"Contoh lainnya wanita yang baru menikah 2 minggu, bisa saja dikatakan sudah hamil 5 minggu karena perhitungannya menurut HPMT dan bukan menurut tanggal menikah",contoh wanita nikah minggu hamil minggu hitung hpmt tanggal nikah,F3,0,0
7,4,Hal tersebut normal,normal,F3,0,0
7,5,Untuk persalinan normal sendiri bisa terjadi pada usia kehamilan 37 - 40 minggu dengan toleransi waktu sampai 42 minggu,salin normal usia hamil minggu toleransi minggu,F3,0,0
7,6,Sedangkan hari perkiraan lahir / HPL yang terhitung melalui rumus HPMT adalah 40 minggu,lahir hpl hitung rumus hpmt minggu,F3,0,0
7,7,"Sebagai contoh pada orang yang HPL nya 28 november, bisa saja melahirkan secara normal 3 minggu sebelum HPL nya",contoh orang hpl nya november lahir normal minggu hpl nya,F3,0,0
7,8,Dengan demikian kami tidak bisa menyimpulkan jawaban dari pertanyaan Anda karena data yang diberikan kurang lengkap,simpul data lengkap,F3,1,1
7,9,"Anda bisa mencoba menghitung HPL dan usia kehamilan teman Anda dengan kalkulator kehamilan yang banyak tersedia di internet, misalnya klik DI SINI",coba hitung hpl usia hamil teman kalkulator hamil sedia internet klik,F5,1,1
7,10,Berikut ini artikel yang berhubungan dengan topik pertanyaan Anda: Menghitung usia kehamilan,artikel hubung topik hitung usia hamil,F5,1,1
7,11,"Terima kasih dan semoga membantu, dr Devika Y",terima kasih moga bantu dr devika y,F1,2,2
8,0,Terima kasih Rahmadina atas pertanyaannya,terima kasih rahmadina,F1,0,0
8,1,Jatuhnya anda sudah terjadi 10 tahun yang lalu,jatuh,F2,0,0
8,2,Yang ditakutkan dari cedera kepala adalah terjadinya perdarahan di dalam tengkorak sehingga menyebabkan meningkatnya tekanan dalam tengkorak,takut cedera kepala darah tengkorak tingkat tekan tengkorak,F4,1,1
8,3,"Meningkatnya tekanan di dalam tengkorak dapat menyebabkan sakit kepala, mual, muntah, penurunan kesadaran bahkan sampai meninggal",tingkat tekan tengkorak sakit kepala mual muntah turun sadar tinggal,F3,1,1
8,4,"Namun tentu saja bila memang terjadi perdarahan di dalam tengkorak, gejala tersebut akan muncul sebelum 10 tahun",darah tengkorak gejala muncul,F3,2,1
8,5,Pemeriksaan EEG adalah pemeriksaan untuk melihat aktivitas listrik di otak,periksa eeg periksa lihat aktivitas listrik otak,F3,2,2
8,6,"Pada orang yang epilepsi, akan terlihat aktivitas gelombang listrik yang meningkat",orang epilepsi lihat aktivitas gelombang listrik tingkat,F3,2,2
8,7,"Bila memang aktivitas listrik dalam otak anda normal tetapi anda masih mengalami keluhan - keluhan tersebut, sebaiknya anda memeriksakan diri kembali ke dokter spesialis saraf",aktivitas listrik otak normal alam keluh keluh periksa dokter spesialis saraf,F3,2,2
8,8,Kemungkinan anda akan dilakukan pencitraan pada kepala,laku citra kepala,F3,2,2
8,9,"Karena hal - hal yang dapat meningkatkan tekanan di dalam tengkorak tidak hanya perdarahan, tetapi juga tumor, infeksi",tingkat tekan tengkorak darah tumor infeksi,F3,3,3
8,10,"Selain itu, gejala yang anda keluhkan, bisa juga akibat adanya kelainan pembuluh darah di otak (arteri venous malformation / AVM)",gejala keluh akibat buluh darah otak arteri venous malformation avm,F3,3,3
8,11,Di mana hal yang ditakutkan dari AVM adalah pecahnya pembuluh darah tersebut,takut avm pecah buluh darah,F3,3,3
8,12,"Selain hal yang telah disebutkan di atas, penyebab sakit kepala juga dapat berupa : 1 Sakit kepala tipe tegang",sakit kepala rupa sakit kepala tipe tegang,F3,4,4
8,13,2 Sakit kepala tipe klaster,sakit kepala tipe klaster,F3,4,4
8,14,3 Migraine,migraine,F3,4,4
8,15,4 dan lain - lain,,F3,4,4
8,16,Anda dapat membacanya di sini: sakit kepala (1) dan sakit kepala,baca sakit kepala sakit kepala,F3,4,4
8,17,(2) Menjawab pertanyaan anda mengenai IKALEP,kena ikalep,F3,5,4
8,18,IKALEP adalah sebuah obat yang berisi asam valproat,ikalep buah obat isi asam valproat,F3,5,5
8,19,"Asam valproat memang sering digunakan untuk pasien epilepsi, namun, asam valproat juga mempunyai efek sebagai pencegah serangan migraine",asam valproat pasien epilepsi asam valproat efek cegah serang migraine,F3,5,5
8,20,Untuk lebih detailnya anda dapat menghubungi kembali dokter spesialis saraf anda,detail hubung dokter spesialis saraf,F3,5,5
8,21,"Sementara itu di rumah, sebaiknya anda beristirahat yang cukup, memperhatikan faktor - faktor apa saja yang membuat sakit kepala anda kumat",rumah istirahat hati faktor faktor sakit kepala kumat,F5,5,5
8,22,Anda juga dapat mengonsumsi obat - obat anti nyeri seperti paracetamol bila sakit anda kumat,konsumsi obat obat anti nyeri paracetamol sakit kumat,F3,5,5
8,23,"Untuk penggunaan obat, sebaiknya dosis dan waktunya disesuaikan dengan anjuran dokter",obat dosis sesuai anjur dokter,F3,5,5
8,24,"Demikian jawaban dari saya, semoga membantu, Andika Surya",moga bantu andika surya,F1,6,6
9,0,Halo Fachriani,halo fachriani,F1,0,0
9,1,Terima kasih atas pertanyaan Anda,terima kasih,F1,0,0
9,2,Darah menstruasi pada umumnya berwarna kemerahan seperti darah,darah menstruasi warna merah darah,F3,1,1
9,3,"Jika selama menstruasi Anda mengeluarkan darah yang berwarna kecoklatan, maka hal ini dapat disebabkan oleh berbagai macam penyebab, diantaranya sebagai berikut ini : Terdapatnya jaringan fibroid dalam rahim",menstruasi darah warna coklat jaring fibroid rahim,F4,1,1
9,4,Sisa darah menstruasi yang mengering,sisa darah menstruasi kering,F4,1,1
9,5,Kista cokelat yang pecah,kista cokelat pecah,F4,1,1
9,6,Gangguan pembekuan darah,ganggu beku darah,F4,1,1
9,7,"Obstruksi darah menstruasi == polip, mioma, dan lain – lain",obstruksi darah menstruasi polip mioma,F4,1,1
9,8,Pembesaran uterus dan lain – lain,uterus,F4,1,1
9,9,"Untuk mengetahui dengan pasti penyebab dari kondisi yang Anda alami saat ini, kami sangat menyarankan kepada Anda untuk segera mengunjungi Dokter Spesialis Kebidanan dan Kandungan agar dilakukan serangkaian pemeriksaan lebih lanjut seperti pemeriksaan fisik, tes darah, USG Obgyn, dan lain – lain sehingga penyebab pasti dari kondisi Anda diketahui dan akhirnya penanganan yang tepat dapat diberikan",kondisi alami saran kunjung dokter spesialis bidan kandung laku rangkai periksa periksa fisik tes darah usg obgyn kondisi tangan,F5,2,2
9,10,"Demikian penjelasan yang dapat kami sampaikan, semoga bermanfaat",moga manfaat,F5,2,2
9,11,"Salam, dr Jati",salam dr jati,F1,2,2
10,0,Terima kasih telah bertanya di Alodokter com,terima kasih alodokter com,F1,0,0
10,1,"Keluarnya gumpalan darah dari vagina dapat disebabkan oleh : pertanda menstruasi normal penyakit yang menyebabkan kelainan menstruasi: PCOS, kista ovarium, mioma uteri, kelainan tiroid kanker serviks",gumpal darah vagina tanda menstruasi normal sakit menstruasi pcos kista ovarium mioma uteri tiroid kanker serviks,F4,1,1
10,2,"Untuk memastikan penyebabnya, disarankan untuk memeriksakan langsung dengan dokter spesialis kandungan",saran periksa langsung dokter spesialis kandung,F5,2,2
10,3,"Dokter akan melakukan pemeriksaan jalan lahir, pemeriksaan USG kandungan, dan dalam beberapa kasus tertentu pemeriksaan darah untuk memastikan masalah medis Anda",dokter laku periksa jalan lahir periksa usg kandung periksa darah medis,F5,2,2
10,4,"Jika gumpalan kembali muncul, dan keluar dari liang vagina maka disarankan untuk di masukkan ke dalam wadah kosong untuk diperiksa oleh dokter kandungan",gumpal muncul liang vagina saran masuk wadah kosong periksa dokter kandung,F5,2,2
10,5,"Semoga bermanfaat, dr Previyanti",moga manfaat dr previyanti,F1,2,2
11,0,"Halo, terima kasih atas pertanyaannya",halo terima kasih,F1,0,0
11,1,Asma termasuk golongan penyakit atopik yang belum bisa disembuhkan total dan bisa terus kambuh - kambuhan jika faktor risikonya tidak dimanagemen dengan baik,asma masuk golong sakit atopik sembuh total kambuh kambuh faktor risiko dimanagemen,F3,1,1
11,2,"Penyakit ini kerap ditandai dengan sesak, mengi, dan juga batuk",sakit kerap tanda sesak mengi batuk,F3,1,1
11,3,"Kekambuhan asma seringnya dicetuskan oleh stres, kelelahan, paparan alergen dan substansi udara tertentu, refluks asam lambung, infeksi pernafasan, dan konsumsi obat tertentu",kambuh asma cetus stres lelah papar alergen substansi udara refluks asam lambung infeksi nafas konsumsi obat,F3,1,1
11,4,"Obat asma yang Anda sebutkan mengandung bahan aktif budesonide dan formoterol fumarate, yakni suatu obat golongan kortikosteroid dan agonis beta 2 aksi panjang yang bisa digunakan untuk meredakan serangan asma dan mengontrol asma agar tidak sering kambuh",obat asma kandung bahan aktif budesonide formoterol fumarate obat golong kortikosteroid agonis beta aksi reda serang asma kontrol asma kambuh,F3,1,1
11,5,"Obat ini digunakan dengan cara disemprot, yakni : Lepaskan dahulu tutup kemasan, tari inhaler ke atas",obat semprot lepas tutup kemas tari inhaler,F3,1,1
11,6,Putar inhaler ke kanan dan ke kiri dengan cepat hingga terdengar suara klik,putar inhaler kanan kiri cepat dengar suara klik,F3,2,2
11,7,Buang napas Anda,buang napas,F3,3,3
11,8,"Letakkan inhaler di mulut Anda, sembari menyondongkan kepala sedikit ke belakang",letak inhaler mulut sembari sondong kepala,F3,3,3
11,9,Semprotkan inhaler lalu isap dengan menarik napas kuat dan dalam,semprot inhaler isap tarik napas kuat,F3,3,3
11,10,Apakah Anda sudah melakukan langkah di atas secara tepat?,laku langkah,F2,4,3
11,11,"Jika sudah, semestinya obat telah berhasil masuk ke tubuh Anda secara benar",mesti obat hasil masuk tubuh,F5,4,3
11,12,Hal ini ditandai dengan serangan asma yang mereda dan kekambuhannya yang bisa diminimalisasi,tanda serang asma reda kambuh minimal,F5,4,4
11,13,"Akan tetapi, jika tetap saja asma Anda tidak membaik, tidak ada salahnya Anda kembali periksa ke dokter atau dokter paru agar dievaluasi apa penyebabnya, lantas ditangani dengan tepat",asma salah periksa dokter dokter paru evaluasi lantas tangan,F5,4,4
11,14,Semoga membantu ya,moga bantu ya,F1,4,4
12,0,Hai,hai,F1,0,0
12,1,"Keluhan yang dialami oleh suami Anda dapat diakibatkan oleh berbagai kemungkinan penyebab seperti: bronkhitis, Tuberkulosis / TBC, Pleuritis (radang selaput paru), Penyakit asam lambung, Gangguan jantung ( gagal jantung, serangan jantung ) dan sebagainya",keluh alami suami akibat bronkhitis tuberkulosis tbc pleuritis radang selaput paru sakit asam lambung ganggu jantung gagal jantung serang jantung,F4,0,0
12,2,"Untuk memastikan penyebabnya diperlukan pemeriksaan lebih lanjut oleh dokter , yaitu meliputi pemeriksaan fisik untuk memeriksa kondisi paru - paru dan jantung, serta pemeriksaan penunjang seperti tes darah, X - Ray, EKG dan sebagainya",periksa dokter liput periksa fisik periksa kondisi paru paru jantung periksa tunjang tes darah x ray ekg,F4,0,0
12,3,Oleh sebab itu jika keluhan terus berlanjut sebaiknya suami Anda berkonsultasi dengan dokter untuk menelusuri penyebabnya dan mendapatkan penanganan yang tepat sesuai kondisi,keluh suami konsultasi dokter telusur tangan sesuai kondisi,F5,0,0
12,4,Berikut anjuran yang dapat dilakukan: Istirahat dan tidur yang cukup,anjur laku istirahat tidur,F5,1,1
12,5,Makan secara teratur dengan gizi seimbang,makan atur gizi imbang,F5,1,1
12,6,"Hindari jenis makanan yang terlalu asam, pedas, berlemak, atau makanan yang digoreng",hindar jenis makan asam pedas lemak makan goreng,F5,1,1
12,7,Jangan langsung berbaring setelah makan Berkumur dengan air hangat yang diberi sedikit garam akan membantu melembabkan tenggorokan dan meredakan batuk,langsung baring makan kumur air hangat garam bantu melembabkan tenggorok reda batuk,F5,1,1
12,8,Batasi aktivitas berat yang berlebihan,batas aktivitas berat,F5,1,2
12,9,Kelola stres dengan bijak,kelola stres bijak,F5,1,2
12,10,Baca laman artikel berikut ini: Batuk - batuk Penyebab nyeri dada sebelah kanan,baca laman artikel batuk batuk nyeri dada belah kanan,F5,2,2
12,11,Demikian semoga bermanfaat,moga manfaat,F1,3,2
12,12,"Salam, dr Muliani Sukiman",salam dr muliani sukiman,F1,3,3
13,0,"Halo Nolaa, terima kasih atas pertanyaannya untuk Alodokter",halo nolaa terima kasih alodokter,F1,0,0
13,1,Pemeriksaan kehamilan dengan menggunakan testpack memang sebaiknya dilakukan saat sudah terjadi keterlambatan menstruasi,periksa hamil testpack laku lambat menstruasi,F3,0,0
13,2,"Bila siklus menstruasi anda biasanya terjadi setiap 28 hari, maka perkiraan siklus menstruasi anda di bulan Desember adalah tanggal 20 Desember",siklus menstruasi siklus menstruasi desember tanggal desember,F3,0,0
13,3,"Bila anda belum mengalami menstruasi hingga tanggal 21 Desember, anda dapat melakukan testpack dengan menggunakan kencing pertama di pagi hari agar hasil yang didapat lebih akurat",alam menstruasi tanggal desember laku testpack kencing pagi hasil akurat,F3,0,0
13,4,"Bila anda memperoleh hasil positif, maka anda tidak perlu mengulang pemeriksaan karena 99% hasil tersebut adalah benar",hasil positif ulang periksa hasil,F3,1,1
13,5,"Bila anda mendapat hasil negatif, maka anda dapat mengulang pemeriksaan 3 - 7 hari setelah pemeriksaan tersebut bila belum juga mendapat menstruasi",hasil negatif ulang periksa periksa menstruasi,F3,1,1
13,6,"Bila hasilnya tetap negatif, berarti anda tidak sedang hamil",hasil negatif arti hamil,F3,1,1
13,7,Melakukan hubungan seksual dengan penetrasi (memasukkan penis ke vagina) tetap memiliki risiko kehamilan,laku hubung seksual penetrasi masuk penis vagina milik risiko hamil,F4,2,2
13,8,"Cairan pre - ejakulat pria atau cairan bening yang keluar dari penis saat penis mengalami ereksi atau saat mengalami stimulasi seksual, kadang dapat mengandung sperma yang hidup, sehingga meskipun kemungkinannya sangat kecil, cairan pre - ejakulat yang keluar di dalam vagina tetap dapat menyebabkan kehamilan",cair pre ejakulat pria cair bening penis penis alam ereksi alam stimulasi seksual kadang kandung sperma hidup cair pre ejakulat vagina hamil,F4,2,2
13,9,"Bila anda dan pasangan memang tidak menghendaki terjadinya kehamilan, sebaiknya anda dan pasangan mempertimbangkan penggunaan alat kontrasepsi untuk mencegah kehamilan",pasang hamil pasang timbang alat kontrasepsi cegah hamil,F5,3,3
13,10,Diskusikan dengan bidan atau dokter kandungan untuk pemilihan alat kontrasepsi yang paling sesuai untuk anda dan pasangan anda,diskusi bidan dokter kandung pilih alat kontrasepsi sesuai pasang,F5,3,3
13,11,Berikut ini adalah artikel yang dapat anda baca terkait cara memilih alat kontrasepsi,artikel baca kait pilih alat kontrasepsi,F5,3,3
13,12,"Sekian informasi dari saya, semoga bermanfaat dr Irna Cecilia",sekian informasi moga manfaat dr irna cecilia,F1,3,3
14,0,"Halo, Terima kasih atas pertanyaannya",halo terima kasih,F1,0,0
14,1,"Ya, kehamilan dapat terjadi jika hubungan badan dilakukan setelah menstruasi",ya hamil hubung badan laku menstruasi,F3,1,0
14,2,Kehamilan dapat terjadi ketika sel sperma pria bertemu dengan sel telur wanita,hamil sel sperma pria temu sel telur wanita,F3,1,1
14,3,Sel telur yang baru mulai berkembang dalam ovarium atau indung telur saat dimulainya menstruasi,sel telur kembang ovarium indung telur menstruasi,F3,1,1
14,4,"Setelah matang, sel telur ini dilepaskan dari ovarium dan menuju saluran telur atau tuba falopi pada saat masa subur",matang sel telur lepas ovarium tuju salur telur tuba falopi subur,F3,1,1
14,5,Pembuahan harus terjadi dalam waktu 24 jam setelah telur dilepaskan,buah jam telur lepas,F3,1,1
14,6,"Bila pada saat ini terjadi hubungan seksual dan sperma masuk ke dalam vagina dan rahim, sperma dapat bertemu dan membuahi sel telur ini, dan kehamilan dapat terjadi",hubung seksual sperma masuk vagina rahim sperma temu buah sel telur hamil,F3,1,1
14,7,Siklus menstruasi yang normal berkisar antara 21 - 35 hari yang dihitung dari hari pertama menstruasi sampai dengan hari pertama menstruasi berikutnya,siklus menstruasi normal kisar hitung menstruasi menstruasi,F3,2,2
14,8,Masa subur dihitung berdasarkan siklus menstruasi setiap bulannya,subur hitung dasar siklus menstruasi,F3,2,2
14,9,Umumnya masa subur wanita adalah 12 â€“ 16 hari sebelum hari pertama menstruasi berikutnya,subur wanita menstruasi,F3,2,2
14,10,"Tetapi, hal ini berlaku untuk wanita yang memiliki siklus menstruasi 28 hari",laku wanita milik siklus menstruasi,F3,2,2
14,11,Bagaimanakah siklus menstruasi pasangan Anda?,siklus menstruasi pasang,F2,2,2
14,12,Hal ini berguna untuk menentukan masa suburnya,subur,F2,3,3
14,13,Sperma dapat hidup di dalam rahim wanita selama 7 hari,sperma hidup rahim wanita,F3,3,3
14,14,"Dengan demikian, sperma masih dapat membuahi sel telur jika ketika masa subur pasangan Anda dimulai sperma masih ada di dalam rahim",sperma buah sel telur subur pasang sperma rahim,F3,3,3
14,15,"Jika Anda dan pasangan tidak menghendaki adanya kehamilan, silakan Anda segra berkonsultasi dengan dokter spesialis kebidanan dan kandungan terlebih dahulu",pasang hamil sila segra konsultasi dokter spesialis bidan kandung,F3,4,4
14,16,Hindari penggunaan obat penggugur kandungan tanpa anjuran dokter,hindar obat gugur kandung anjur dokter,F3,4,4
14,17,"Aborsi yang dilakukan tanpa indikasi medis memiliki risiko medis tersendiri misalnya perdarahan, kerusakan rahim, infeksi pada rahim, radang panggul, sampai kemandulan / infertilitas",aborsi laku indikasi medis milik risiko medis darah rusak rahim infeksi rahim radang panggul mandul infertilitas,F3,5,5
14,18,"Di samping itu, aborsi yang dilakukan secara ilegal tanpa indikasi medis dapat dikenai sangsi hukum bagi pelaku pengaborsi dan yang meminta diaborsi berupa penjara 10 tahun dan denda 1 miliar rupiah",samping aborsi laku ilegal indikasi medis kena sangsi hukum laku aborsi aborsi rupa penjara denda miliar rupiah,F3,5,5
14,19,"Di kemudian hari, jika Anda belum menginginkan kehamilan, hindari berhubungan seksual diluar ikatan perkawinan",hamil hindar hubung seksual ikat kawin,F5,5,5
14,20,"Jika tidak memungkinkan, silakan gunakan alat kontrasepsi",sila alat kontrasepsi,F5,6,6
14,21,Semoga membantu,moga bantu,F1,6,6
14,22,dr Aloisia,dr aloisia,F1,6,6
15,0,Terima kasih Lily Febriana atas pertanyaannya,terima kasih lily febriana,F1,0,0
15,1,"Pola makan yang baik adalah makan dalam porsi sedikit namun sering, bukan makan jarang tetapi sekali makan porsi makannya langsung banyak",pola makan makan porsi makan jarang makan porsi makan langsung,F3,0,0
15,2,Setiap orang mempunyai kapasitas lambung yang berbeda - beda,orang kapasitas lambung beda beda,F3,1,1
15,3,"Selain kapasitas lambung yang berbeda, cepat kenyangnya seseorang juga dipengaruhi karena faktor kebiasaan",kapasitas lambung beda cepat kenyang orang pengaruh faktor,F3,1,1
15,4,Lamanya kekenyangan bertahan dalam tubuh juga dipengaruhi oleh jenis makanan yang dimakan,kenyang tahan tubuh pengaruh jenis makan makan,F3,2,2
15,5,Hal tersebut dapat dilihat dengan pada kadar indeks glikemik,lihat kadar indeks glikemik,F3,2,2
15,6,Indeks glikemik adalah kecepatan sebuah makanan diubah menjadi gula dalam tubuh,indeks glikemik cepat buah makan ubah gula tubuh,F3,2,2
15,7,"Semakin tinggi indeks glikemik, semakin cepat pula makanan tersebut diubah menjadi gula dalam tubuh sehingga terjadi lonjakan kadar gula darah dan lebih cepat lapar",indeks glikemik cepat makan ubah gula tubuh lonjak kadar gula darah cepat lapar,F3,2,2
15,8,Sebagai contoh: Pasta memiliki indeks glikemik yang lebih rendah dibanding nasi putih,contoh pasta milik indeks glikemik rendah banding nasi putih,F3,2,2
15,9,"Hal tersebut menyebabkan, seseorang yang memakan nasi putih akan mengalami peningkatan kadar gula dalam darah yang tinggi dan cepat, namun lebih cepat juga merasa lapar bila dibandingkan dengan seseorang yang mengonsumsi pasta",orang makan nasi putih alam tingkat kadar gula darah cepat cepat lapar banding orang konsumsi pasta,F3,2,2
15,10,"Selama hal tersebut tidak menimbulkan keluhan, tidak ada yang perlu Anda khawatirkan",timbul keluh khawatir,F5,3,3
15,11,Anda juga dapat membaca artikel terkait: Tips hidup sehat,baca artikel kait tips hidup sehat,F5,3,3
15,12,"Demikian jawaban dari saya, semoga membantu",moga bantu,F1,3,3
15,13,Andika Surya,andika surya,F1,3,3
16,0,"Hai Fendy, Terima kasih telah bertanya ke Alodokter",hai fendy terima kasih alodokter,F1,0,0
16,1,Baik lambung maupun paru terletak di area yang berdekatan yakni di dada hingga ke perut bagian atas,lambung paru letak area dada perut,F3,1,1
16,2,"Karenanya, gangguan pada kedua organ ini terkadang akan memunculkan keluhan yang hampir serupa",ganggu organ terkadang muncul keluh rupa,F3,1,1
16,3,"Maka dari itu, untuk membedakannya, diperlukan pemeriksaan fisik langsung oleh dokter atau juga dibantu dengan tes penunjang, seperti rontgen, laboratorium, atau USG",beda periksa fisik langsung dokter bantu tes tunjang rontgen laboratorium usg,F3,2,2
16,4,"Jika ditilik dari keluhan yang Anda sampaikan, nyeri di area lambung hingga punggung kiri, sesak napas, dan nyeri saat menarik napas bisa terjadi karena beberapa sebab berikut: Gangguan saluran cerna, misalnya: Gastritis (radang mukosa lambung)",tilik keluh nyeri area lambung punggung kiri sesak napas nyeri tarik napas ganggu salur cerna gastritis radang mukosa lambung,F3,3,3
16,5,GERD (refluks asam lambung ke esofagus),gerd refluks asam lambung esofagus,F3,3,3
16,6,Tukak lambung Pankreatitis (radang pankreas),tukak lambung pankreatitis radang pankreas,F3,3,3
16,7,Kolangitis (radang saluran empedu),kolangitis radang salur empedu,F3,3,3
16,8,"Gangguan saluran napas misalnya: Bronkhitis (radang saluran udara menuju paru), Efusi pleura (penumpukan cairan di rongga antara selaput paru)",ganggu salur napas bronkhitis radang salur udara tuju paru efusi pleura tumpuk cair rongga selaput paru,F3,3,3
16,9,Pneumothoraks (penumpukan udara di rongga antara selaput paru),pneumothoraks tumpuk udara rongga selaput paru,F3,3,3
16,10,Tuberkulosis (flek paru),tuberkulosis flek paru,F3,3,3
16,11,Pneumonia (radang parenkim paru),pneumonia radang parenkim paru,F3,3,3
16,12,"Gangguan sistem organ lainnya, misalnya: Penyakit jantung koroner, Ketidakseimbangan asam basa, Hiperkolesterolemia (kolesterol darah tinggi), Saraf tulang belakang terjepit Gangguan cemas berlebih, dan sebagainya",ganggu sistem organ sakit jantung koroner ketidakseimbangan asam basa hiperkolesterolemia kolesterol darah saraf tulang jepit ganggu cemas,F3,3,3
16,13,"Apabila keluhan terasa sangat membebani Anda, sebaiknya jangan Anda tangani seorang diri ya",keluh beban tangan orang ya,F5,4,4
16,14,Periksakan langsung keluhan Anda kepada dokter di fasilitas kesehatan terdekat,periksa langsung keluh dokter fasilitas sehat,F5,4,4
16,15,"Dengan demikian, kemungkinan penyebab yang berbahaya bisa terdeteksi dengan cepat dan penanganan pun bisa lebih dini dilakukan",bahaya deteksi cepat tangan laku,F5,4,4
16,16,"Sementara itu, berikut langkah penanganan awal yang bisa Anda lakukan: Makanlah dengan teratur dengan porsi sedikit - sedikit tetapi sering",langkah tangan laku makan atur porsi,F5,4,4
16,17,"Kurangi konsumsi makanan yang terlalu pedas, asam, dan mengandung banyak gas",konsumsi makan pedas asam kandung gas,F5,5,5
16,18,"Batasi konsumsi kafein (kopi, teh, soda, mint, cokelat)",batas konsumsi kafein kopi teh soda mint cokelat,F5,5,5
16,19,Kompres area tubuh yang tidak nyaman dengan air hangat,kompres area tubuh nyaman air hangat,F5,6,6
16,20,Batasi dahulu aktivitas fisik yang terlalu melelahkan,batas aktivitas fisik lelah,F5,6,6
16,21,Jangan stres atau cemas berlebihan Rajinlah berolahraga,stres cemas rajin olahraga,F5,6,6
16,22,Semoga membantu ya,moga bantu ya,F1,7,7
16,23,dr Nadia Nurotul Fuadah,dr nadia nurotul fuadah,F1,7,7
17,0,"Halo Angel, Terima kasih atas pertanyaannya",halo angel terima kasih,F1,0,0
17,1,"Ada banyak jenis obat anti nyeri (analgetik), yang kerap digunakan ialah golongan salisilat, paracetamol, OAINS (obat anti inflamasi non steroid), opioid, dan sebagainya",jenis obat anti nyeri analgetik kerap golong salisilat paracetamol oains obat anti inflamasi non steroid opioid,F3,1,1
17,2,"Tidak semua obat ini termasuk sebagai obat bebas, yang bisa sembarangan Anda konsumsi tanpa periksa dahulu ke dokter, terlebih bila Anda merupakan seorang penderita hipertensi",obat masuk obat bebas sembarang konsumsi periksa dokter rupa orang derita hipertensi,F3,1,2
17,3,"Pemberian beberapa jenis obat anti nyeri pada penderita hipertensi bisa memicu peningkatan tekanan darah yang mendadak, yang bila terlambat ditangani bisa memicu terjadinya stroke dan komplikasi lainnya",jenis obat anti nyeri derita hipertensi picu tingkat tekan darah dadak lambat tangan picu stroke komplikasi,F3,2,3
17,4,"Selain itu, beberapa jenis obat anti nyeri juga bisa berinteraksi negatif dengan beberapa jenis obat anti hipertensi",jenis obat anti nyeri interaksi negatif jenis obat anti hipertensi,F3,2,4
17,5,"Sebab itu, bila Anda mengalami nyeri, dan belum sempat memeriksakan diri ke dokter, maka jauh lebih aman bagi Anda mengonsumsi obat anti nyeri jenis paracetamol dahulu",alam nyeri periksa dokter aman konsumsi obat anti nyeri jenis paracetamol,F5,3,4
17,6,Obat ini relatif aman untuk dikonsumsi penderita hipertensi,obat relatif aman konsumsi derita hipertensi,F5,3,4
17,7,"Selain itu, agar nyeri mereda, Anda bisa juga aplikasikan kompres hangat di area tubuh yang nyeri, perbanyak istirahat, dan jangan dahulu cemas / takut berlebihan",nyeri reda aplikasi kompres hangat area tubuh nyeri istirahat cemas takut,F5,4,5
17,8,"Apabila nyeri semakin menjadi dan tidak tertahankan, sebelum sembarangan mengonsumsi obat lain, sebaiknya periksakan dahulu diri Anda ke dokter ya",nyeri tahan sembarang konsumsi obat periksa dokter ya,F5,5,6
17,9,"Konsumsi obat anti nyeri jenis lainnya boleh saja dilakukan penderita hipertensi, asalkan di bawah resep dan pengawasan dari dokter yang memeriksa",konsumsi obat anti nyeri jenis laku derita hipertensi resep awas dokter periksa,F5,5,6
17,10,Semoga membantu,moga bantu,F1,6,6
18,0,Halo,halo,F1,0,0
18,1,"Bisa saja, namun mual juga bisa disebabkan penyakit lain, jadi belum tentu mual yang timbul setelah makan disebabkan asam lambung",mual sakit mual timbul makan asam lambung,F4,0,0
18,2,"Mual bisa disebabkan karena beberapa faktor seperti : Infeksi virus, Kehamilan muda, Keracunan makanan, Kekenyangan, GERd, Maag, efek obat tertentu, dan lain – lain",mual faktor infeksi virus hamil muda racun makan kenyang gerd maag efek obat,F4,0,0
18,3,Gejala asam lambung antara lain adalah : Rasa panas pada dada yang bisa timbul setelah makan atau sebelumnya,gejala asam lambung panas dada timbul makan,F3,0,0
18,4,Rasa perih di ulu hati,perih ulu hati,F3,0,0
18,5,Mual - muntah Begah / kembung terkadang ada keluhan rasa pedih di tenggorokan jika asam lambung naik,mual muntah begah kembung terkadang keluh pedih tenggorok asam lambung,F3,0,0
18,6,"Untuk mengatasi asam lambung, maka cara sederhana yang bisa Anda coba antara lain adalah : Makan porsi kecil",asam lambung sederhana coba makan porsi,F5,1,1
18,7,Hindari makan terlalu kenyang,hindar makan kenyang,F5,1,1
18,8,"Hindari makanan asam, pedas, berminyak",hindar makan asam pedas minyak,F5,1,1
18,9,"Hindari soda, alkohol, teh dan kopi",hindar soda alkohol teh kopi,F5,1,2
18,10,"Makan obat maag seperti omeprazol, ranitidin dan lain - lain",makan obat maag omeprazol ranitidin,F5,1,3
18,11,Hindari berbaring sehabis makan,hindar baring habis makan,F5,2,3
18,12,Tidak makan 2 jam menjelang tidur,makan jam jelang tidur,F5,2,3
18,13,Baca topik menghilangkan mual setelah makan,baca topik hilang mual makan,F5,2,3
18,14,Semoga bermanfaat,moga manfaat,F1,3,3
18,15,dr Yusi,dr yusi,F1,4,4
19,0,Halo afleni,halo afleni,F1,0,0
19,1,Pendarahan pada kehamilan dapat terjadi pada usia kehamilan muda ataupun kehamilan lanjut,darah hamil usia hamil muda hamil,F3,0,0
19,2,Pada kehamilan lanjut pendarahan atau flek saat hamil dapat dipicu oleh beberapa faktor seperti: Stres Aktivitas fisik berat yang membuat tubuh kelelahan,hamil darah flek hamil picu faktor stres aktivitas fisik berat tubuh lelah,F3,1,0
19,3,Posisi plasenta yang tidak normal seperti plasenta previa atau letak ari - ari yang mendekati atau menutupi jalan lahir Solusio plasenta atau terlepasnya ari - ari dari dinding rahim ditandai dengan nyeri perut dan keluarnya darah,posisi plasenta normal plasenta previa letak ari ari tutup jalan lahir solusio plasenta lepas ari ari dinding rahim tanda nyeri perut darah,F3,1,1
19,4,Hubungan seksual berlebihan,hubung seksual,F3,1,1
19,5,Infeksi vagina,infeksi vagina,F3,1,1
19,6,Polip pada leher rahim,polip leher rahim,F3,1,1
19,7,"Jika sudah dilakukan pemeriksaan dan hasilnya masih baik tidak perlu panik, tetap jaga kehamilan Anda dan upayakan lebih banyak beristirahat, jika diperlukan lakukan bed rest atau istirahat total, perbanyak minum air putih, upayakan menghindari stres dan aktivitas fisik berat",laku periksa hasil panik jaga hamil upaya istirahat laku bed rest istirahat total minum air putih upaya hindar stres aktivitas fisik berat,F3,1,2
19,8,"Jika flek disertai dengan nyeri perut, perut terasa kencang, gerakan janin berkurang segera periksakan diri kembali untuk mengetahui kondisinya karena hal ini dapat meningkatkan risiko kelahiran prematur dan stres pada janin",flek nyeri perut perut kencang gerak janin periksa kondisi tingkat risiko lahir prematur stres janin,F3,1,2
19,9,Tetap lakukan pemeriksaan berkala setiap bulannya dan memasuki bulan ke 8 pemeriksaan kehamilan dilakuakn setiap 2 minggu sekali dan nantinya setiap minggu pada bulan ke 9,laku periksa masuk periksa hamil dilakuakn minggu minggu,F5,2,2
19,10,"Semoga bermanfaat, dr Adhi P",moga manfaat dr adhi p,F1,2,2
20,0,Halo rohmahmila,halo rohmahmila,F1,0,0
20,1,Terima kasih atas pertanyaan Anda,terima kasih,F1,0,0
20,2,"Sekedar informasi untuk Anda, menstruasi mempunyai ciri yang normal diantaranya adalah : siklusnya antara 21 hari sampai dengan 35 hari, terjadinya menstruasi antara 3 hari sampai dengan 7 hari, keluarnya darah menstruasi kurang lebih berjumlah 40 mL",dar informasi menstruasi ciri normal siklus menstruasi darah menstruasi ml,F3,1,1
20,3,"Kondisi yang Anda alami dengan keluhan utama berupa keluarnya darah menstruasi yang sedikit ( dimana biasanya kurang dari 40 mL ), dalam bahasa medis disebut sebagai hypomenorrhea",kondisi alami keluh utama rupa darah menstruasi ml bahasa medis hypomenorrhea,F3,1,1
20,4,"Penyebab tersering terjadinya hypomenorrhea, yaitu karena stres psikologis",hypomenorrhea stres psikologis,F3,1,1
20,5,"Jika seorang wanita mengalami stres, maka hormon di dalam tubuhnya atau bagian otak yang mengatur menstruasi yaitu Hipotalamus akan mengalami gangguan",orang wanita alam stres hormon tubuh otak atur menstruasi hipotalamus alam ganggu,F3,1,1
20,6,"Selain oleh karena stres psikologis, kondisi ini juga dapat disebabkan oleh : keturunan, usia, penggunaan alat kontrasepsi tertentu, gangguan pada kelenjar tiroid, sindrom ovarium polikistik === gangguan kesehatan yang mengakibatkan ketidakseimbangan hormonal",stres psikologis kondisi turun usia alat kontrasepsi ganggu kelenjar tiroid sindrom ovarium polikistik ganggu sehat akibat ketidakseimbangan hormonal,F3,1,1
20,7,"Sedangkan benjolan pada ketiak Anda dapat disebabkan oleh : pembengkakan kelenjar getah bening, lipoma === sel - sel lemak yang tumbuh secara berlebihan, kista === kantung yang berisi cairan didalam kulit, abses === kumpulan nanah di dalam kulit, kanker",benjol ketiak bengkak kelenjar getah bening lipoma sel sel lemak tumbuh kista kantung isi cair kulit abses kumpul nanah kulit kanker,F3,1,1
20,8,"Jika kondisi hypomenorrhea yang Anda alami sudah lebih dari tiga bulan atau tiga siklus menstruasi berturut - turut, maka kami sangat menyarankan untuk segera menemui dokter spesialis kebidanan dan kandungan, dan mendiskusikan masalah ini, agar Anda dapat dilakukan sedangkan pemeriksaan lebih lanjut, sehingga segala sesuatu nya terang dan jelas, dan akhirnya penanganan yang tepat dapat diberikan",kondisi hypomenorrhea alami siklus menstruasi saran temu dokter spesialis bidan kandung diskusi laku periksa nya terang tangan,F5,2,2
20,9,Klik artikel di bawah ini yang sesuai dengan pertanyaan Anda : MENSTRUASI,klik artikel sesuai menstruasi,F5,2,2
20,10,"Demikian penjelasan yang dapat kami sampaikan, semoga bermanfaat Salam, dr Jati",moga manfaat salam dr jati,F1,2,2
21,0,Halo Ingrid Terima kasih atas pertanyaannya pada Alodokter,halo ingrid terima kasih alodokter,F1,0,0
21,1,Masa nifas setelah kehamilan biasanya hingga 6 minggu atau sekitar 40 hari,nifas hamil minggu,F3,0,0
21,2,Pada masa tersebut memang tidak disarankan untuk melakukan hubungan seksual dengan suami dikarenakan kesiapan psikologis dari ibu,saran laku hubung seksual suami kesiap psikologis,F3,0,0
21,3,Untuk rentang waktu yang Ibu sebutkan memang sudah diluar masa nifas dan sudah diperbolehkan untuk melakukan hubungan seksual dengan suami,rentang nifas laku hubung seksual suami,F3,0,0
21,4,Namun yang perlu diperhatikan adalah kondisi hormonal wanita setelah melahirkan belum kembali normal seperti sebelum hamil dan pada umumnya kesuburan wanita akan kembali setelah masa nifas selesai atau setelah menstruasi berikutnya,perhati kondisi hormonal wanita lahir normal hamil subur wanita nifas selesai menstruasi,F3,0,0
21,5,"Dan apabila anda memberikan ASI eksklusif, kemungkinan untuk hamil dari hubungan seksual dengan suami dapat dikatakan kecil kemungkinannya",asi eksklusif hamil hubung seksual suami,F3,0,0
21,6,Pemilihan kontrasepsi bergantung pada kebutuhan dan kesiapan sepasang suami istri,pilih kontrasepsi gantung butuh kesiap pasang suami istri,F3,0,0
21,7,"Untuk kondom, tingkat keberhasilan kondom laki - laki dalam mencegah kehamilan adalah 80 - 89 persen",kondom tingkat hasil kondom laki laki cegah hamil persen,F3,1,1
21,8,"Untuk kondom wanita, yang memiliki bentuk seperti mangkuk dengan tekstur lentur dan tipis, memiliki tingkat keberhasilan dalam mencegah kehamilan adalah sekitar 80 persen",kondom wanita milik bentuk mangkuk tekstur lentur tipis milik tingkat hasil cegah hamil persen,F3,1,1
21,9,"Untuk tingkat keberhasilan kehamilan yang lebih tinggi, sebaiknya dilakukan pemasangan AKDR (Alat Kontrasepsi Dalam Rahim) dimana tingkat keberhasilannya sebesar 99 persen",tingkat hasil hamil laku pasang akdr alat kontrasepsi rahim tingkat hasil persen,F5,1,1
21,10,"Namun sebaiknya Anda mengkonsultasikannya terlebih dahulu dengan Bidan atau dokter spesialis kandungan (SpOG) mengenai pemilihan kontrasepsi baik caranya, tingkat keefektivitasannya, dan efek sampingnya",mengkonsultasikannya bidan dokter spesialis kandung spog kena pilih kontrasepsi tingkat efektivitas efek samping,F5,2,2
21,11,Demikian informasi yang dapat kami berikan,informasi ikan,F1,2,2
21,12,Semoga membantu,moga bantu,F1,2,2
21,13,dr Winda Indriati,dr winda indriati,F1,2,2
22,0,"Hai Alfi, Terima kasih atas pertanyaannya",hai alf terima kasih,F1,0,0
22,1,Saya akan bantu menjawab IUD atau alat kontrasepsi dalam rahim (AKDR) atau spiral adalah alat kontrasepsi yang dimasukan ke dalam rahim,bantu iud alat kontrasepsi rahim akdr spiral alat kontrasepsi masuk rahim,F3,1,1
22,2,"IUD ini umumnya ada 2 tipe yaitu hormonal IUD dan copper IUD (AKDR tembaga), yang tujuan keduanya sama - sama mencegah terjadinya pembuahan",iud tipe hormonal iud copper iud akdr tembaga tuju cegah buah,F3,1,1
22,3,"IUD baik digunakan pada kondisi: 1 Dimana ibu ingin metode kontrasepsi jangka panjang dimana kesuburan tidak dipengaruhi (pada kontrasepsi hormonal, diperlukan waktu sampai kesuburan kembali seperti sebelum menggunakan kb hormonal)",iud kondisi metode kontrasepsi jangka subur pengaruh kontrasepsi hormonal subur kb hormonal,F3,2,2
22,4,2 Tidak dapat atau memiliki kontraindikasi menggunakan kb hormonal,milik kontraindikasi kb hormonal,F3,2,2
22,5,3 Ibu menyusui (tidak mempengaruhi produksi ASI),susu pengaruh produksi asi,F3,2,2
22,6,"Selain itu, IUD juga memiliki manfaat seperti tidak menyebabkan pertambahan berat badan, mengurangi risiko kehamilan di luar kandungan, endometriosis , mengurangi perdarahan dan kram saat menstruasi, dan lain - lain",iud milik manfaat berat badan risiko hamil kandung endometriosis darah kram menstruasi,F3,3,3
22,7,Berikut ini adalah risiko yang dapat terjadi pada penggunaan IUD yaitu: 1 Infeksi (jarang),risiko iud infeksi jarang,F3,3,3
22,8,2 Kehamilan (sangat jarang),hamil jarang,F3,3,3
22,9,3 Masalah menstruasi,menstruasi,F3,4,4
22,10,"Penggunaan IUD dapat menimbulkan gejala perdarahan saat menstruasi menjadi lebih lama, lebih banyak, lebih sakit selama beberapa bulan setelah pemasangan IUD, atau muncul flek diantara periode menstruasi dan keram perut",iud timbul gejala darah menstruasi sakit pasang iud muncul flek periode menstruasi keram perut,F3,4,4
22,11,Gejala ini umumnya timbul pada jenis AKDR tembaga,gejala timbul jenis akdr tembaga,F3,4,4
22,12,Sementara penggunaan IUD hormonal dapat mengurangi masalah perdarahan dan kram perut,iud hormonal darah kram perut,F3,4,4
22,13,"1 Pada kasus yang jarang, AKDR dapat menembus dinding rahim (perforasi)",jarang akdr tembus dinding rahim perforasi,F3,5,5
22,14,Pada kondisi ini AKDR harus segera dilepas,kondisi akdr lepas,F3,5,5
22,15,"2 Ekspulsi Sekitar 2 - 10 dari 100 IUD yang dipasang, biasanya akan keluar",ekspulsi iud pasang,F3,5,5
22,16,"Kondisi ini terjadi pada beberapa bulan pertama, dan umumnya terjadi pada ibu yang baru saja melahirkan atau pada wanita yang belum pernah hamil",kondisi lahir wanita hamil,F3,5,5
22,17,"Oleh sebab itu biasanya setelah pemasangan IUD, ibu dapat memeriksanya dengan meraba ada / tidaknya benang plastik IUD di dalam vagina, atau melalui pemeriksaan USG",pasang iud periksa raba benang plastik iud vagina periksa usg,F3,5,5
22,18,"Kami mengerti perasaan anda, namun perlu diketahui, bahwa rasa cemas hanya memperburuk kondisi anda (perdarahan jadi lebih banyak atau kram semakin sakit)",erti cemas buruk kondisi darah kram sakit,F6,5,5
22,19,Pada beberapa kondisi bisa saja kb spiral copot setelah dipasang,kondisi kb spiral copot pasang,F6,5,5
22,20,Untuk pengecekan ibu dapat merasakan ada / tidaknya benang IUD di dalam vagina atau dengan cara memeriksakan diri ke dokter kandungan,cek benang iud vagina periksa dokter kandung,F5,5,5
22,21,Semoga membantu,moga bantu,F1,5,5
23,0,Halo Deswita,halo deswita,F1,0,0
23,1,"Walaupun sering BAK merupakan salah satu tanda kehamilan tidak pasti, apabila Anda ingin menunda kehamilan dan Anda sudah meminum alat kontrasepsi emergensi yang Anda sebutkan, kemungkinan kehamilan menjadi kecil",bak rupa salah tanda hamil tunda hamil minum alat kontrasepsi emergensi hamil,F3,0,0
23,2,"Sering BAK juga merupakan salah satu gejala infeksi saluran kemih (ISK), dan bukan efek samping kontrasepsi",bak rupa salah gejala infeksi salur kemih isk efek samping kontrasepsi,F3,0,1
23,3,ISK adalah infeksi pada saluran kemih yang disebabkan oleh bakteri yang berpindah dari lubang anus ke lubang saluran kemih,isk infeksi salur kemih bakteri pindah lubang anus lubang salur kemih,F3,1,1
23,4,ISK lebih mudah terjadi pada wanita karena jarak lubang anus dan lubang kemih lebih dekat pada wanita daripada pria,isk mudah wanita jarak lubang anus lubang kemih wanita pria,F3,1,1
23,5,"Perpindahan bakteri ini umumnya dapat terjadi setelah berhubungan badan, karena kebiasaan menyeka kemaluan setelah berkemih dari belakang ke depan, kebiasaan menggunakan pembalut jenis tampon, dan memakai kontrasepsi jenis diafragma",pindah bakteri hubung badan seka malu kemih balut jenis tampon pakai kontrasepsi jenis diafragma,F3,2,1
23,6,"Beberapa gejala yang dapat dialami oleh penderita adalah: nyeri saat berkemih, sering BAK tetapi air seni yang keluar sedikit, perubahan warna air seni menjadi lebih pekat atau berdarah, bau air seni yang tidak enak, rasa tidak tuntas ketika selesai BAK, demam nyeri perut bagian bawah",gejala alami derita nyeri kemih bak air seni ubah warna air seni pekat darah bau air seni enak tuntas selesai bak demam nyeri perut,F3,2,2
23,7,"Apabila gejala menetap, silakan Anda memastikan penyebabnya dengan memeriksakan diri ke dokter, biasanya selain memeriksa Anda, dokter juga akan menyarankan melakukan pemeriksaan air kencing",gejala sila periksa dokter periksa dokter saran laku periksa air kencing,F5,3,3
23,8,"Bila memang terbukti ISK, Anda akan diobati dengan antibiotik",bukti isk obat antibiotik,F5,3,3
23,9,"Anda dapat melakukan anjuran berikut: segera berkemih setelah berhubungan badan untuk membersihkan saluran kemih dari kontaminasi bakteri yang mungkin berpindah hindari berhubungan badan sampai Anda diobati perbanyak minum air putih jangan menahan BAK hindari penggunaan pembalut jenis tampon biasakan untuk menyeka kemaluan dari depan ke belakang setelah berkemih hindari pemakaian celana yang ketat gunakan celana dalam denga bahan yang mudah menyerap keringat bila Anda ingin menunda kehamilan, sebaiknya Anda berkonsultasi dengan dokter spesialis kandungan tentang metode kontrasepsi yang tepat untuk Anda",laku anjur kemih hubung badan bersih salur kemih kontaminasi bakteri pindah hindar hubung badan obat minum air putih tahan bak hindar balut jenis tampon seka malu kemih hindar pakai celana ketat celana denga bahan mudah serap keringat tunda hamil konsultasi dokter spesialis kandung metode kontrasepsi,F5,3,3
23,10,"Semoga informasi ini bermanfaat, Salam",moga informasi manfaat salam,F1,3,3
24,0,Dear Nur,dear nur,F1,0,0
24,1,Flek darah yang terjadi apat merupakan menstruasi yang Anda alami namun volumnya sedikit,flek darah apat rupa menstruasi alami volumnya,F3,1,1
24,2,Volume normal darah haid sekitar 10 sampai 80 mL per hari,volume normal darah haid ml,F3,1,1
24,3,Selain itu dapat pula merupakan flek yang terjadi di luar siklus menstruasi atau sebelum menstruasi yang dapat disebabkan oleh: : ketidakseimbangan hormonal,rupa flek siklus menstruasi menstruasi ketidakseimbangan hormonal,F3,1,1
24,4,Stres,stres,F3,1,1
24,5,Kelelahan,lelah,F3,1,1
24,6,radang panggul,radang panggul,F3,2,2
24,7,kista ovarium,kista ovarium,F3,2,2
24,8,erosi vagina,erosi vagina,F3,2,2
24,9,polip serviks,polip serviks,F3,2,2
24,10,polip rahim,polip rahim,F3,2,2
24,11,Endometriosis,endometriosis,F3,2,2
24,12,infeksi saluran telur,infeksi salur telur,F3,2,2
24,13,kelainan pembekuan darah,beku darah,F3,2,2
24,14,kanker serviks,kanker serviks,F3,2,2
24,15,dan lain sebagainya,,F3,3,3
24,16,Sebaiknya Anda berkonsultasi dengan dokter kandungan di mana dokter akan menganalisis gejala yang Anda alami dan melakukan pemeriksaan fisik yang diperlukan,konsultasi dokter kandung dokter analisis gejala alami laku periksa fisik,F5,3,3
24,17,Pemeriksaan penunjang seperti tes darah dan USG dapat dokter anjurkan,periksa tunjang tes darah usg dokter anjur,F5,3,3
24,18,Terapi yang sesuai akan dokter berikan,terapi sesuai dokter ikan,F5,3,3
24,19,"Anjuran yang dapat Anda lakukan: hindari aktivitas fisik yang amat melelahkan minimalisir stres dengan bijak, konsumsi makanan bergizi seimbang secara teratur, miliki waktu yang cukup untuk beristirahat dan tidur, minum air putih dalam jumlah cukup minimal 2 liter per hari",anjur laku hindar aktivitas fisik lelah minimalisir stres bijak konsumsi makan gizi imbang atur milik istirahat tidur minum air putih minimal liter,F5,4,4
24,20,"Artikel yang dapat Anda baca: Mewaspadai menstruasi yang tidak normal, mengapa ada flek cokelat sebelum haid",artikel baca waspada menstruasi normal flek cokelat haid,F5,5,5
24,21,"Semoga bermanfaat dan salam, dr Rony Wijaya",moga manfaat salam dr rony wijaya,F1,6,6
25,0,"Halo, terima kasih sudah bertanya di alodokter com",halo terima kasih alodokter com,F1,0,0
25,1,Ruam yang muncul pada bayi merupakan hal yang cukup sering terjadi dikarenakan kulit bayi yang masih sensitif,ruam muncul bayi rupa kulit bayi sensitif,F3,1,1
25,2,"Beberapa penyebab yang mungkin mengakibatkan ruam pada bayi diantaranya: â€¢ Alergi, pada beberapa kasus anak dapat mewarisi alergi dari orang tua dan akibat konsumsi makanan tertentu kemudian memberikan ASI juga dapat mempengaruhi alergi pada anak",akibat ruam bayi alergi anak waris alergi orang tua akibat konsumsi makan asi pengaruh alergi anak,F3,1,1
25,3,"â€¢ Infeksi kulit akibat bakteri Infeksi virus, seperti HFMD (hand food and mouth disease)",infeksi kulit akibat bakteri infeksi virus hfmd hand food and mouth disease,F3,1,1
25,4,"Beberapa saran yang dapat Anda lakukan diantaranya : â€¢ Menjaga kebersihan kulit bayi dengan segera lap / bersihkan kulit bayi apabila terkena asi, dapat menggunakan handuk yang telah dibasahi air minum, seka pelan pada kulit bayi setiap selesai menyusu",saran laku jaga bersih kulit bayi lap bersih kulit bayi kena asi handuk basah air minum seka pelan kulit bayi selesai susu,F3,1,1
25,5,â€¢ Jaga kebersihan kulit bayi dengan memandikannya 2 x sehari menggunakan sabun berbahan dasar ringan khusus bayi,jaga bersih kulit bayi mandi x sabun bahan dasar ringan khusus bayi,F3,1,1
25,6,"â€¢ Apabila bayi mengonsumsi susu formula, pertimbangkan kemungkinan alergi terhadap susu formula tersebut",bayi konsumsi susu formula timbang alergi hadap susu formula,F3,1,1
25,7,"â€¢ Telusuri faktor pencetus alergi pada bayi melalui makanan yang ibu konsumsi jika bayi minum ASI, apabila mengalami kesulitan dalam menelusurinya, sebaiknya konsultasi langsung dengan dokter",telusur faktor cetus alergi bayi makan konsumsi bayi minum asi alam sulit telusur konsultasi langsung dokter,F3,1,1
25,8,Saya sarankan untuk melakukan pemeriksaan ke dokter spesialis anak untuk memastikan penyebab keluhan yang di alami anak Anda,saran laku periksa dokter spesialis anak keluh alami anak,F5,2,2
25,9,Dokter akan melakukan pemeriksaan lanjutan sehingga pengobatan yang tepat dapat diberikan,dokter laku periksa obat,F5,2,2
25,10,Hindari penggunaan obat apapun tanpa pengawasan dokter,hindar obat awas dokter,F5,2,2
25,11,"Demikian jawaban dari saya, semoga membantu",moga bantu,F1,2,2
25,12,"Salam, dr Sylvia",salam dr sylvia,F1,2,2
26,0,Waalaikum salam Nameil,waalaikum salam nameil,F1,0,0
26,1,Phenytoin adalah obat antiepilepsi yang digunakan untuk mengontrol kejang,phenytoin obat antiepilepsi kontrol kejang,F3,0,0
26,2,"Pemilihan obat phenytoin berdasarkan berbagai pertimbangan, tentunya dokter adik Anda sudah mempertimbangkan berbagai hal, termasuk jenis kejang yang dialami sehingga memilih obat ini",pilih obat phenytoin dasar timbang dokter adik timbang masuk jenis kejang alami pilih obat,F3,0,0
26,3,"Phenytoin memiliki efek samping yang umum, diantaranya adalah: Pusing, mengantuk, kebingungan, gugup",phenytoin milik efek samping pusing antuk bingung gugup,F3,1,1
26,4,"Mual, muntah, konstipasi",mual muntah konstipasi,F3,1,1
26,5,"Tremor, bicara yang kurang jelas, gangguan koordinasi dan keseimbangan",tremor bicara ganggu koordinasi imbang,F3,1,1
26,6,Bercak / ruam pada kulit Sakit kepala,bercak ruam kulit sakit kepala,F3,1,1
26,7,Gangguan tidur,ganggu tidur,F3,1,1
26,8,"Melihat efek samping yang tertulis di atas, bisa saja keluhan yang adik Anda rasakan saat ini adalah akibat dari obat phenytoin, tetapi bisa juga karena masalah lainnya, misalnya defisit akibat epilepsi, gangguan pada otot, dan lain sebagainya",lihat efek samping tulis keluh adik akibat obat phenytoin defisit akibat epilepsi ganggu otot,F3,1,1
26,9,"Jika keluhan ini sangat mengganggu adik Anda, sebaiknya Anda atau orang tua Anda segera membawa adik Anda ke dokter yang menanganinya",keluh ganggu adik orang tua bawa adik dokter tangan,F3,2,2
26,10,Dokter bisa menentukan penanganan yang sesuai keadaan adik Anda,dokter tangan sesuai adik,F3,2,2
26,11,"Jika memang perlu, dokter bisa menyesuaikan dosis, mengganti atau menambah obat untuk adik Anda",dokter suai dosis ganti obat adik,F3,3,3
26,12,Obat antiepilepsi diminum setiap hari hingga dua tahun bebas kejang,obat antiepilepsi minum bebas kejang,F3,3,3
26,13,"Jika kejang terjadi dalam masa pengobatan, maka pengobatan perlu dievaluasi ulang, apakah dosisnya ditambah, obatnya ditambah atau keputusan lainnya",kejang obat obat evaluasi ulang dosis obat putus,F3,3,3
26,14,Penting untuk mengonsumsi obat dan kontrol secara rutin,konsumsi obat kontrol rutin,F3,3,3
26,15,Jangan menghentikan atau mengganti obat secara tiba - tiba tanpa instruksi dokter karena akibatnya dapat fatal,henti ganti obat instruksi dokter akibat fatal,F5,3,3
26,16,Baca artikel di bawah ini: Phenytoin Epilepsi,baca artikel phenytoin epilepsi,F5,3,3
26,17,"Semoga membantu ya, dr Mega",moga bantu ya dr mega,F1,4,4
27,0,Halo Naya,halo naya,F1,0,0
27,1,Pembuahan adalah proses awal yang mengawali terjadinya kehamilan,buah proses hamil,F3,0,0
27,2,Pembuahan didefinisikan sebagai bertemunya sel sperma yang dikeluarkan pria saat ejakulasi dengan sel telur yang dihasilkan wanita pada masa subur,buah definisi temu sel sperma pria ejakulasi sel telur hasil wanita subur,F3,0,0
27,3,"Tanpa berlangsungnya proses ini, maka tidak akan terjadi kehamilan",langsung proses hamil,F3,0,0
27,4,Lama hidup sperma tergantung dari di mana sperma tersebut berada,hidup sperma gantung sperma,F3,1,1
27,5,Sperma yang berada di luar tubuh hanya mampu bertahan hidup beberapa menit saja,sperma tubuh tahan hidup menit,F3,1,1
27,6,"Sperma yang berada di pakaian, seprei, atau handuk, hanya mampu bertahan hidup hingga air mani kering",sperma pakai seprei handuk tahan hidup air mani kering,F3,1,1
27,7,"Sehingga sangat kecil kemungkinan (bahkan tidak mungkin) terjadi pembuahan pada wanita yang menggunakan handuk bergantian dengan pria, sekalipun wanita sedang berada pada masa subur",buah wanita handuk ganti pria wanita subur,F3,2,2
27,8,"Akan tetapi, menggunakan handuk secara bergantian dapat menyebabkan penularan penyakit, terutama penyakit kulit, seperti infeksi jamur, infestasi parasit (skabies), dan sebagainya",handuk ganti tular sakit utama sakit kulit infeksi jamur infestasi parasit skabies,F3,2,2
27,9,"Oleh karena itu, sebaiknya masing - masing individu memiliki handuknya masing - masing",individu milik handuk,F5,2,2
27,10,Silahkan baca tentang proses pembuahan,silah baca proses buah,F5,2,2
27,11,Semoga membantu dr Lili,moga bantu dr lili,F1,2,2
28,0,"Halo Hardyno, terima kasih sudah bertanya di Alodokter com",halo hardyno terima kasih alodokter com,F1,0,0
28,1,Darah yang keluar saat batuk umumnya bercampur dengan dahak,darah batuk campur dahak,F3,1,1
28,2,"Batuk berdarah dapat disebabkan oleh banyak hal, dibagi berdasarkan lokasi sumber perdarahan : Saluran nafas bagian bawah : bronchitis akut / kronis, bronkiektasis, trauma, atau keganasan, dan masih banyak lagi",batuk darah dasar lokasi sumber darah salur nafas bronchitis akut kronis bronkiektasis trauma ganas,F3,1,1
28,3,"Parenkim paru : abses paru (penumpukan nanah di paru), pneumonia, TBC, Mycetoma, dan masih banyak lagi",parenkim paru abses paru tumpuk nanah paru pneumonia tbc mycetoma,F3,1,1
28,4,"Pembuluh darah : malformasi arterivena, emboli paru, ruptut arteri pulmonary, dan sebagainya",buluh darah malformasi arterivena emboli paru ruptut arteri pulmonary,F3,1,1
28,5,"Bukan dari saluran nafas bagian bawah : perdarahan sekitar, hidung dan tenggorokan, serta perdarahan saluran cerna yang menyerupai batuk berdarah",salur nafas darah hidung tenggorok darah salur cerna rupa batuk darah,F3,1,1
28,6,"Bila melihat dari keterangan Anda, dimana batuk berlangsung satu bulan, disertai batuk darah, demam dan berkeringat malam hal ini mengarah pada TB paru , namun perlu pemeriksaan lebih lanjut untuk memastikannya seperti pemeriksaan rontgen dada, pemeriksaan dahak, pemeriksaan darah",lihat terang batuk langsung batuk darah demam keringat malam arah tb paru periksa periksa rontgen dada periksa dahak periksa darah,F4,1,1
28,7,"Mengingat banyaknya kondisi lain yang dapat menimbulkan keluhan serupa, kami sarankan Anda untuk menemui dokter untuk dilakukan pemeriksaan dan penanganan lebih lanjut",kondisi timbul keluh rupa saran temu dokter laku periksa tangan,F5,2,2
28,8,"Semakin cepat diketahui penyebabnya, dan diterapi sedini mungkin maka kemungkinan kesembuhan semakin besar",cepat terapi sembuh,F5,2,2
28,9,"Untuk sementara yang dapat Anda lakukan sebagai penanganan awal, diantaranya : Hindari merokok",laku tangan hindar rokok,F5,2,2
28,10,Juga hindari lingkungan penuh asap,hindar lingkung penuh asap,F5,2,2
28,11,Remaja dan orang dewasa dapat mengisap permen pereda tenggorokan,remaja orang dewasa isap permen reda tenggorok,F5,2,2
28,12,"Hindari iritasi tenggorokan dengan tidak mengonsumsi minuman atau makanan yang terlalu panas, dan makanan berasa pedas, asam, berminyak",hindar iritasi tenggorok konsumsi minum makan panas makan pedas asam minyak,F5,3,3
28,13,"Minum cukup air, terutama jika Anda sedang demam",minum air utama demam,F5,3,3
28,14,"Sekian informasi yang dapat kami sampaikan, semoga bermanfaat",sekian informasi moga manfaat,F1,4,4
28,15,"Salam, dr Prasetyo",salam dr prasetyo,F1,4,4
29,0,Alo Dede Jaenudin,alo dede jaenudin,F1,0,0
29,1,Hemoroidectomy adalah operasi memotong dan membuang wasir,hemoroidectomy operasi potong buang wasir,F3,0,0
29,2,"Layaknya setiap operasi, hemoroidectomy juga berpotensi menimbulkan komplikasi",layak operasi hemoroidectomy potensi timbul komplikasi,F3,0,0
29,3,"Komplikasi hemoroidectomy dapat dibedakan menjadi komplikasi akut yang muncul tidak lama setelah operasi dan sembuh tidak lama kemudian, serta komplikasi jangka panjang yang muncul setelah beberapa bulan / tahun pasca operasi",komplikasi hemoroidectomy beda komplikasi akut muncul operasi sembuh komplikasi jangka muncul pasca operasi,F3,0,0
29,4,Komplikasi akut hemoroidectomy antara lain: Perdarahan pasca operasi Infeksi Retensi urin / tidak bisa BAK umumnya terjadi karena rasa nyeri yang dirasakan pasien saat mengedan sehingga pasien cenderung menahan - nahan kencing,komplikasi akut hemoroidectomy darah pasca operasi infeksi retensi urin bak nyeri pasien edan pasien cenderung tahan nahan kencing,F3,1,1
29,5,Akibatnya risiko infeksi saluran kemih meningkat,akibat risiko infeksi salur kemih tingkat,F3,1,1
29,6,"Trauma jaringan sekitar anus Konstipasi Anal fistula - terbentuk saluran tidak normal yang menghubungkan bagian anus dengan dunia luar Sedangkan komplikasi jangka panjang yang dapat timbul setelah hemoroidectomy adalah: Striktur anus - pembentukan jaringan parut yang tidak normal, sehingga lubang anus menjadi sempit dan pasien kesulitan BAB Inkontinensia BAB - karena cedera pada otot sphincter anus, sehingga pasien tidak bisa menahan BAB / tinja keluar dengan sendirinya Nyeri anus kronis Infeksi saluran kemih dapat terjadi karena higienitas di daerah kemaluan yang kurang",trauma jaring anus konstipasi anal fistula bentuk salur normal hubung anus dunia komplikasi jangka timbul hemoroidectomy striktur anus bentuk jaring parut normal lubang anus sempit pasien sulit bab inkontinensia bab cedera otot sphincter anus pasien tahan bab tinja nyeri anus kronis infeksi salur kemih higienitas daerah malu,F3,1,1
29,7,Kuman penyebab infeksi saluran kemih tersering adalah E coli yang berasal dari saluran pencernaan,kuman infeksi salur kemih e coli salur cerna,F3,1,1
29,8,Cara cebok yang tidak baik atau tangan yang bekas terkena tinja kemudian memegang saluran kemih dapat meningkatkan risiko terjadinya infeksi pada saluran kemih,cebok tangan bekas kena tinja pegang salur kemih tingkat risiko infeksi salur kemih,F3,1,1
29,9,"Gejala infeksi saluran kemih adalah nyeri saat BAK, BAK sedikit - sedikit, rasa tidak tuntas saat selesai BAK, nyeri di perut bagian bawah, dan ada darah pada urin",gejala infeksi salur kemih nyeri bak bak tuntas selesai bak nyeri perut darah urin,F3,1,1
29,10,Diagnosis infeksi saluran kemih adalah berdasarkan gejala klinis dan pemeriksaan penunjang berupa analisis urin,diagnosis infeksi salur kemih dasar gejala klinis periksa tunjang rupa analisis urin,F3,1,1
29,11,Pengobatan ISK sebaiknya dilakukan apabila sudah memeriksakan diri ke dokter,obat isk laku periksa dokter,F3,2,2
29,12,Antibiotik bukanlah obat yang seharusnya bisa dibeli bebas oleh pasien tanpa resep dokter,antibiotik obat beli bebas pasien resep dokter,F3,2,2
29,13,Penggunaan antibiotik yang sembarangan dapat menyebabkan resistensi terhadap antibiotik tersebut di kemudian hari,antibiotik sembarang resistensi hadap antibiotik,F3,2,2
29,14,"Bila mengalami keluhan pada luka pasca operasi dan ada keluhan baru yang timbul misalnya seperti infeksi saluran kemih, Anda bisa melakukan pemeriksaan terlebih dahulu dengan dokter",alam keluh luka pasca operasi keluh timbul infeksi salur kemih laku periksa dokter,F5,3,3
29,15,"Demikian penjelasan dari saya, semoga bermanfaat",moga manfaat,F1,3,3
30,0,Hai Lisa Caiank Akmal,hai lisa caiank akmal,F1,0,0
30,1,Menstruasi adalah hal yang normal terjadi pada wanita,menstruasi normal wanita,F3,1,1
30,2,Umumnya menstruasi terjadi selama 2 - 7 hari dengan jarak setiap 21 - 35 hari sekali,menstruasi jarak,F3,1,1
30,3,Akan tetapi setiap wanita dapat memiliki kemungkinan untuk mengalami gejala menstruasi seperti: Lemas dan lelah,wanita milik alam gejala menstruasi lemas lelah,F3,1,1
30,4,Sakit kepala,sakit kepala,F3,2,2
30,5,Perut kembung dan mual,perut kembung mual,F3,2,2
30,6,Payudara yang membesar dan nyeri,payudara nyeri,F3,2,2
30,7,Kenaikan berat badan,berat badan,F3,3,3
30,8,Perubahan nafsu makan dan lain sebagainya,ubah nafsu makan,F3,3,3
30,9,Banyak mitos yang terdapat di masyarakat Indonesia seputar menstruasi,mitos masyarakat indonesia putar menstruasi,F3,4,4
30,10,Akan tetapi tidak semuanya benar,,F3,4,4
30,11,Anda harus dapat memilah mana yang benar atau tidak,pilah,F3,4,4
30,12,"Konsultasikan secara langsung dengan dokter spesialis kandungan jika memang perlu, agar dapat mengetahui informasi seputar menstruasi",konsultasi langsung dokter spesialis kandung informasi putar menstruasi,F5,4,4
30,13,"Untuk keramas saat menstruasi tentu diperbolehkan, tidak ada efek sampingnya",keramas menstruasi efek samping,F5,4,4
30,14,Simak juga artikel berikut ini,simak artikel,F5,5,5
30,15,"Semoga membantu, dr Yosephine",moga bantu dr yosephine,F1,5,5
31,0,Hai,hai,F1,0,0
31,1,Antibiotik merupakan suatu obat yang diresepkan oleh dokter dan penggunaannya sebaiknya tidak dilakukan sembarangan,antibiotik rupa obat resep dokter laku sembarang,F3,1,1
31,2,"Penggunaan antibiotik dapat bervariasi, tergantung dari penyakit dan keadaan anda",antibiotik variasi gantung sakit,F3,1,1
31,3,"Jika anda mengalami gangguan infeksi saluran kemih, maka salah satu pengobatan yang dapat digunakan adalah penggunaan obat obat antibiotik tertentu",alam ganggu infeksi salur kemih salah obat obat obat antibiotik,F3,1,1
31,4,Novaflox merupakan suatu antibiotik yang mengandung kandungan ciprofloxacin,novaflox rupa antibiotik kandung kandung ciprofloxacin,F3,1,1
31,5,"Penggunaan obat tersebut dapat digunakan untuk mengobati infeksi saluran kemih, infeksi saluran cerna, infeksi kulit",obat obat infeksi salur kemih infeksi salur cerna infeksi kulit,F3,2,2
31,6,Penggunaan ciprofloxacin dapat bervariasi mulai dari 3 hari hingga 14 hari,ciprofloxacin variasi,F3,2,2
31,7,"Pada infeksi saluran kemih, maka penggunaan memang dapat minimal digunakan selama 3 hari",infeksi salur kemih minimal,F3,2,2
31,8,"Tetapi hal tersebut tergantung dari keparahan tingkat infeksi, riwayat infeksi saluran kemih berulang, keadaan saluran kemih, keadaan sistemik anda, dan penyakit penyerta lainnya",gantung parah tingkat infeksi riwayat infeksi salur kemih ulang salur kemih sistemik sakit,F3,2,2
31,9,Menentukan berat ringannya infeksi saluran kemih tidak dapat anda tentukan sendiri,berat ringan infeksi salur kemih,F3,2,2
31,10,terdapat berbagai kriteria untuk menetapkan infeksi saluran kemih ringan atau berat,kriteria infeksi salur kemih ringan berat,F3,2,2
31,11,Sehingga dari keadaan anda penggunaan ciprofloxacin selama 7 hari yang diberikan dokter anda merupakan lama pengobatan yang masih termasuk ke dalam batas wajar,ciprofloxacin dokter rupa obat masuk batas wajar,F3,2,2
31,12,Penggunaan ciprofloxacin selama 7 hari asalkan dengan indikasi yang tepat tidak menyebabkan terjadi resistensi bakteri,ciprofloxacin indikasi resistensi bakteri,F3,2,2
31,13,selain itu infeksi saluran kemih dapat terjadi mulai dari ginjal hingga ke uretra,infeksi salur kemih ginjal uretra,F3,2,2
31,14,Sistitis merupakan infeksi yang terbatas hanya pada kandung kemih,sistitis rupa infeksi batas kandung kemih,F3,2,2
31,15,"Oleh karena itu, sebaiknya anda melakukan kontrol rutin ke dokter anda ya",laku kontrol rutin dokter ya,F5,3,3
31,16,"jika anda masih ragu, maka anda dapat menanyakan ulang ke dokter anda sehingga dokter dapat memberikan penjelasan yang lebih tepat sesuai dengan keadaan anda",ragu ulang dokter dokter sesuai,F5,3,3
31,17,"minum cukup air putih, dan jangan merokok merupakan suatu hal yang penting",minum air putih rokok rupa,F5,4,4
31,18,"Jangan suka menahan BAK, dan bilas setelah BAK dari arah depan ke belakang ya ( dari arah vagina ke anus)",suka tahan bak bilas bak arah ya arah vagina anus,F5,4,4
31,19,berikut artikel yang dapat anda baca mengenai ISK,artikel baca kena isk,F5,5,5
31,20,Semoga bermanfaat,moga manfaat,F1,5,5
31,21,Terima kasih,terima kasih,F1,5,5
32,0,"Halo Frasel, terima kasih telah mengunjungi Alodokter",halo frasel terima kasih kunjung alodokter,F1,0,0
32,1,Disini saya akan meneruskan jawaban yang tadi diberikan oleh dr Valan,dr valan,F1,0,0
32,2,"Seperti yang Anda jelaskan sebelumnya bahwa Anda mengalami keluhan keluar bercak darah agak banyak, sehingga memang kami sarankan untuk mengunjungi dokter spesialis kebidanan dan kandungan",alam keluh bercak darah saran kunjung dokter spesialis bidan kandung,F5,1,1
32,3,Untuk pemeriksaan yang akan dilakukan oleh dokter spesialis sepenuhnya merupakan keputusan di lapangan saat dokter tersebut melihat tanda dan gejala pada pasien,periksa laku dokter spesialis sepenuh rupa putus lapang dokter lihat tanda gejala pasien,F5,1,1
32,4,"Jika dokter mencurigai adanya suatu massa atau benjolan di daerah sekitar rahim, atau Anda mengeluhkan sesuatu di daerah tersebut, maka akan dilakukan tindakan USG",dokter curiga massa benjol daerah rahim keluh daerah laku tindak usg,F5,1,1
32,5,Pemeriksaan pervaginam kemungkinan besar akan dilakukan dokter spesialis kandungan mengingat keluhan Anda sebelumnya adalah keputihan dan keluar bercak darah,periksa pervaginam laku dokter spesialis kandung keluh putih bercak darah,F5,1,1
32,6,"Dari pemeriksaan pervaginam dokter akan dapat menentukan penyebab dari gejala dan keluhan yang Anda rasakan apakah penyebabnya karena jamur, bakteri, tumor, radang, atau ada penyebab lain sehingga Anda akan mendapat terapi dan tatalaksana yang tepat",periksa pervaginam dokter gejala keluh jamur bakteri tumor radang terapi tatalaksana,F5,1,1
32,7,Semoga Bermanfaat,moga manfaat,F1,1,1
32,8,dr Thoriqotil H M,dr thoriqotil h m,F1,1,1
33,0,Halo,halo,F1,0,0
33,1,Terima kasih atas pertanyaan yang disampaikan ke Alodokter,terima kasih alodokter,F1,0,0
33,2,Kami dapat memahami kekhawatiran yang Anda rasakan,paham khawatir,F1,0,0
33,3,Produk yang Anda sebutkan merupakan obat bermerk dengan kandung zat aktif berupa ambroxol,produk rupa obat bermerk kandung zat aktif rupa ambroxol,F4,1,1
33,4,Obat ini biasanya digunakan untuk membantu mengencerkan dahak agar lebih mudah dikeluarkan pada penyakit yang melibatkan saluran pernafasan,obat bantu encer dahak mudah sakit libat salur nafas,F3,1,1
33,5,"Secara umum, jika obat bukan merupakan golongan antibiotik dan tidak ada pernyataan informasi umur obat pada kemasan, obat sirup yang kemasannya sudah dibuka dapat disimpan dan digunakan kembali dalam jangka waktu satu bulan, dengan catatan bahwa penyimpanan dilakukan dengan baik dan benar",obat rupa golong antibiotik nyata informasi umur obat kemas obat sirup kemas buka simpan jangka catat simpan laku,F3,1,1
33,6,Obat sirup perlu disimpan di tempat bersuhu ruangan (sekitar 25 - 30 C) dan terhindari dari paparan sinar matahari / panas berlebih,obat sirup simpan suhu ruang c hindar papar sinar matahari panas,F3,1,1
33,7,Bacalah terlebih dahulu informasi produk obat tersebut untuk mengetahui apakah terdapat keterangan mengenai umur obat,baca informasi produk obat terang kena umur obat,F3,1,1
33,8,Setiap obat dapat memiliki petunjuk cara penyimpanan dan umur penggunaan yang berbeda – beda,obat milik simpan umur beda beda,F3,1,1
33,9,"Bila Anda ragu, Anda juga dapat menanyakan informasi tentang obat tersebut kepada apoteker di apotek tempat Anda membeli obat tersebut",ragu informasi obat apoteker apotek beli obat,F5,1,2
33,10,"Meskipun demikian, kami menganjurkan Anda untuk terlebih dahulu berkonsutasi dengan dokter atau dokter spesialis anak sebelum menggunakan kembali obat yang Anda simpan",anjur berkonsutasi dokter dokter spesialis anak obat simpan,F5,2,2
33,11,Produk yang Anda sebutkan tergolong sebagai obat keras sehingga penggunaannya harus berdasarkan peresepan dan pengawasan dokter,produk golong obat keras dasar resep awas dokter,F4,2,2
33,12,Penghitungan dosis obat anak perlu disesuaikan dengan berat badan anak,hitung dosis obat anak sesuai berat badan anak,F4,3,3
33,13,"Karena tidak menutup kemungkinan terjadi perubahan berat badan pada anak Anda saat ini dibandingkan dengan ketika obat tersebut pertama kali diresepkan, mungkin pula diperlukan pengaturan dosis kembali oleh dokter",tutup ubah berat badan anak banding obat kali resep atur dosis dokter,F4,3,3
33,14,Demikian informasi dari kami,informasi,F1,4,4
33,15,Mudah - mudahan senantiasa sehat,mudah mudah senantiasa sehat,F1,4,4
33,16,Semoga bermanfaat,moga manfaat,F1,4,4
34,0,Halo Kujirijino,halo kujirijino,F1,0,0
34,1,Gangguan pada lambung merupakan kondisi yang cukup banyak terjadi di masyarakat,ganggu lambung rupa kondisi masyarakat,F3,0,0
34,2,"Masalah lambung ini ada beberapa jenis, akan tetapi masing - masing memiliki kemiripan dalam gejala, penyebab, dan penanganan",lambung jenis milik gejala tangan,F3,0,0
34,3,"Ada penyakit asam lambung , ada juga tukak lambung , dan yang lainnya",sakit asam lambung tukak lambung,F3,0,0
34,4,Masalah lambung umumnya memiliki penyebab yang mirip - mirip seperti : Pola makan yang tidak teratur dan jenis - jenis makanan tertentu,lambung milik pola makan atur jenis jenis makan,F3,0,0
34,5,Stres pikiran,stres pikir,F3,1,1
34,6,Konsumsi obat tertentu (seperti obat pereda nyeri) secara rutin,konsumsi obat obat reda nyeri rutin,F3,1,1
34,7,"Asap rokok, minuman keras, dan minuman berkafein dan lain - lain",asap rokok minum keras minum berkafein,F3,1,1
34,8,Tindakan Anda memeriksakan diri dengan dokter sudahlah tepat,tindak periksa dokter,F4,2,2
34,9,Pengobatan yang diberikan juga sudah sesuai dengan penanganan pada masalah lambung,obat sesuai tangan lambung,F4,2,2
34,10,"Jika Anda masih tetap merasa tidak nyaman dengan lambung Anda, ada baiknya berkonsultasi lebih lanjut dengan dokter spesialis penyakit dalam ahli pencernaan",nyaman lambung konsultasi dokter spesialis sakit ahli cerna,F5,2,2
34,11,"Jika dirasa perlu, dokter dapat melakukan pemeriksaan lanjutan seperti endoskopi pada lambung Anda",dokter laku periksa endoskopi lambung,F5,2,2
34,12,Pengobatan yang lebih lanjut seperti antibakteri untuk melawan infeksi H pylori dapat dilakukan dokter jika terbukti Anda memiliki infeksi bakteri tersebut,obat antibakteri lawan infeksi h pylori laku dokter bukti milik infeksi bakteri,F5,2,2
34,13,Selain itu tindakan dengan melakukan yoga atau meditasi dapat dilakukan juga untuk menurunkan tingkat stres atau kecemasan pada diri Anda,tindak laku yoga meditasi laku turun tingkat stres cemas,F5,3,3
34,14,"Semoga bermanfaat, dr Yosephine",moga manfaat dr yosephine,F1,3,3
35,0,Alo Ferawaty Terima kasih atas pertanyaannya,alo ferawaty terima kasih,F1,0,0
35,1,"Ukuran rahim dan pintu rahim bisa bervariasi pada tiap orang, tergantung faktor genetik, ras, usia, dan kondisi kesehatan Anda secara umum, demikian pula dengan posisi rahim (ada yang retrofleksi atau melipat ke belakang, ada pula yang antefleksi atau melipat ke depan)",ukur rahim pintu rahim variasi orang gantung faktor genetik ras usia kondisi sehat posisi rahim retrofleksi lipat antefleksi lipat,F3,0,0
35,2,"Sesungguhnya, perbedaan ukuran rahim, pintu rahim, dan posisi rahim ini tidak selalu mengganggu kesuburan",sungguh beda ukur rahim pintu rahim posisi rahim ganggu subur,F3,0,0
35,3,"Hanya saja, memang diperlukan teknik khusus bagi wanita dengan kondisi rahim seperti ini untuk bisa hamil lebih mudah",teknik khusus wanita kondisi rahim hamil mudah,F3,0,0
35,4,"Di samping itu, bila ukuran pintu rahim Anda terlalu lebar, maka risiko Anda untuk mengalami keguguran atau persalinan prematur pun akan lebih besar",samping ukur pintu rahim lebar risiko alam gugur salin prematur,F3,0,0
35,5,"Sebab itu, untuk menghindari risiko ini, saat hamil, Anda perlu memperbanyak beristirahat dan kontrol teratur kondisi kesehatan janin Anda ke dokter atau dokter kandungan",hindar risiko hamil istirahat kontrol atur kondisi sehat janin dokter dokter kandung,F5,1,1
35,6,Terlambat menstruasi yang Anda alami saat ini bisa saja menandakan Anda hamil,lambat menstruasi alami tanda hamil,F4,1,1
35,7,"Bisa juga, keluhan Anda muncul karena gangguan hormon, perimenopause, stres, kelelahan, diet ekstrim, kista ovarium, kelainan kelenjar tiroid, gaya hidup kurang sehat, efek samping KB atau obat tertentu, dan banyak lagi kemungkinan lainnya",keluh muncul ganggu hormon perimenopause stres lelah diet ekstrim kista ovarium kelenjar tiroid gaya hidup sehat efek samping kb obat,F4,1,1
35,8,"Saran kami, cobalah Anda lakukan testpack supaya bisa membedakan kemungkinan terjadinya kehamilan",saran coba laku testpack beda hamil,F5,1,1
35,9,"Bila hasil testpack Anda negatif, maka besar kemungkinan Anda tidak hamil",hasil testpack negatif hamil,F5,1,1
35,10,"Dan karenanya, untuk membuat menstruasi berjalan lebih lancar, Anda perlu memperbanyak istirahat, rajin berolahraga, jaga berat badan ideal, perbanyak makan buah dan sayur yang kaya antioksidan, jangan stres berlebihan, dan jalani selalu gaya hidup yang sehat",menstruasi jalan lancar istirahat rajin olahraga jaga berat badan ideal makan buah sayur kaya antioksidan stres jalan gaya hidup sehat,F5,2,2
35,11,"Jika Anda dan pasangan ingin merencanakan kehamilan, imbangi juga langkah tersebut dengan teratur berhubungan seksual setiap 1 - 3 hari sekali, utamanya di masa subur",pasang rencana hamil imbang langkah atur hubung seksual utama subur,F5,3,3
35,12,"Supaya potensi kehamilan lebih besar, bagi wanita dengan posisi rahim retrofleksi, posisi hubungan seksual man on top dan berbaring sejenak (sekitar 10 - 15 menit) usai ejakulasi dengan mengganjal bokong menggunakan bantal bisa juga dicoba",potensi hamil wanita posisi rahim retrofleksi posisi hubung seksual man on top baring jenak menit ejakulasi ganjal bokong bantal coba,F5,3,3
35,13,"Lebih lanjut, baiknya Anda berkonsultasi langsung dengan dokter atau dokter kandungan supaya diberikan penanganan yang lebih komprehensif ya",konsultasi langsung dokter dokter kandung tangan komprehensif ya,F5,4,4
35,14,Semoga membantu,moga bantu,F1,4,4
36,0,"Hai Yogie, Terima kasih telah bertanya ke Alodokter",hai yogie terima kasih alodokter,F1,0,0
36,1,Sakit maag (dispepsia) memang seringkali kambuh dan berulang serta memerlukan waktu penyembuhan yang tidak sebentar,sakit maag dispepsia seringkali kambuh ulang sembuh sebentar,F3,1,1
36,2,"Hal ini dikarenakan, kebanyakan kasus sakit maag tidak diketahui dengan jelas pencetusnya (dispepsia fungsional), sehingga sulit mengidentifikasi modalitas terapi terbaik yang perlu dilakukan untuk mengatasinya",sakit maag cetus dispepsia fungsional sulit identifikasi modalitas terapi laku,F3,1,1
36,3,"Hanya sebagian kecil kasus sakit maag yang penyebabnya bisa diidentifikasi dengan jelas (dispepsia organik), contohnya akibat gastritis, GERD, kolangitis, tukak lambung, tukak duodenum, pankreatitis, dan sebagainya",sakit maag identifikasi dispepsia organik contoh akibat gastritis gerd kolangitis tukak lambung tukak duodenum pankreatitis,F3,1,1
36,4,Menentukan pencetus sakit maag idealnya dilakukan dengan pemeriksaan endoskopi,cetus sakit maag ideal laku periksa endoskopi,F3,1,1
36,5,"Pemeriksaan ini bisa dilakukan dengan bantuan dokter spesialis penyakit dalam, khususnya sub divisi gastroenterologi",periksa laku bantu dokter spesialis sakit khusus sub divisi gastroenterologi,F3,2,2
36,6,Apakah Anda sudah pernah menjalani pemeriksaan ini?,jalan periksa,F2,2,2
36,7,"Bila belum, saran kami Anda periksakan diri kembali ke dokter spesialis penyakit dalam",saran periksa dokter spesialis sakit,F3,2,2
36,8,"Dengan diketahuinya penyebab sakit maag Anda, maka penanganan pun bisa dilakukan dengan lebih tepat sasaran",sakit maag tangan laku sasar,F4,2,3
36,9,"Perlu juga Anda ketahui, bahwa mengatasi sakit maag tidak melulu berfokus pada obat - obatan",sakit maag melulu fokus obat obat,F4,2,3
36,10,Pemberian obat sebaik apapun tidak akan mampu mengatasi sakit maag yang Anda derita selama Anda tidak mengubah gaya hidup Anda menjadi lebih sehat,obat sakit maag derita ubah gaya hidup sehat,F4,3,3
36,11,"Sebab itu, di samping mengonsumsi obat, sebaiknya Anda lakukan juga langkah berikut: Disiplin menerapkan jadwal makan, makanlah setiap 3 hingga 4 jam sekali dengan porsi kecil",samping konsumsi obat laku langkah disiplin terap jadwal makan makan jam porsi,F5,3,4
36,12,"Kurangi makan terlalu kenyang, terlebih mendekati waktu tidur",makan kenyang tidur,F5,3,4
36,13,"Batasi konsumsi makanan yang terlalu asam, mengandung banyak gas, dan juga terlalu pedas",batas konsumsi makan asam kandung gas pedas,F5,3,4
36,14,Hindari juga berlebihan mengonsumsi kafein,hindar konsumsi kafein,F5,3,4
36,15,Kompres area perut yang terasa tidak nyaman menggunakan air hangat,kompres area perut nyaman air hangat,F5,4,5
36,16,"Kenakan juga pakaian yang nyaman, dan tidak terlalu ketat di area perutnya Perbanyak minum air hangat",kena pakai nyaman ketat area perut minum air hangat,F5,4,5
36,17,Hindari stres dan rajinlah berolahraga,hindar stres rajin olahraga,F5,4,6
36,18,"Hindari konsumsi obat sembarangan, kecuali yang diresepkan langsung oleh dokter",hindar konsumsi obat sembarang kecuali resep langsung dokter,F5,5,6
36,19,"Biasanya, penyembuhan sakit maag bisa memerlukan waktu beberapa minggu, bahkan lebih",sembuh sakit maag minggu,F5,5,6
36,20,"Namun, dengan teratur menjalani pengobatan dan pola hidup yang sehat, perbaikan keluhan tentu bukan merupakan hal yang mustahil",atur jalan obat pola hidup sehat keluh rupa mustahil,F5,5,6
36,21,"Apabila keluhan Anda tetap tidak kunjung membaik, Anda dihimbau untuk memeriksakan diri kembali ke dokter",keluh kunjung dihimbau periksa dokter,F5,5,6
36,22,"Beragam pemeriksaan lain, seperti tes laboratorium, rontgen, USG, dan sebagainya mungkin juga perlu dilakukan guna menyingkirkan kemungkinan penyebab nyeri perut Anda yang lainnya, misalnya tumor intraabdomen, radang usus, sindroma iritasi usus, infeksi saluran kemih, peritonitis, gangguan psikosomatis, keracunan, gastroenteritis, dan sebagainya",agam periksa tes laboratorium rontgen usg laku singkir nyeri perut tumor intraabdomen radang usus sindroma iritasi usus infeksi salur kemih peritonitis ganggu psikosomatis racun gastroenteritis,F5,6,7
36,23,Semoga membantu ya,moga bantu ya,F1,7,7
37,0,Alo RR Tanti Jatiningrum terima kasih sudah bertanya kepada Alodokter,alo rr tanti jatiningrum terima kasih alodokter,F1,0,0
37,1,"Dermatitis merupakan peradangan pada kulit yang ditandai dengan kondisi ruam kemerhan, disertai gatal, bintik pada kulit dan sebagainya",dermatitis rupa radang kulit tanda kondisi ruam kemerhan gatal bintik kulit,F3,1,1
37,2,Sedangkan dikatakan perioral dermatitis atau yaitu ketika ruam dan masalah kulit tersebut ditemukan di daerah sekitar rongga mulut,perioral dermatitis ruam kulit temu daerah rongga mulut,F3,1,1
37,3,Dan londisi ini memang lebih sering terjadi pada wanita dan anak - anak,londisi wanita anak anak,F3,2,2
37,4,"Untuk mendiagnosis tersebut memang hanya berdasarkan penampakkan klinis, atau dokter hanya melihat berdasarkan gejala, dan pemeriksaan fisik dengan melihat kondisi langsung",diagnosis dasar klinis dokter lihat dasar gejala periksa fisik lihat kondisi langsung,F3,3,3
37,5,Dan saat ini belum ada tes yang spesifik untuk menantukkan perioral dermatitis,tes spesifik menantukkan perioral dermatitis,F3,3,3
37,6,"Penyebab jelas perioral dermatitis sendiri belum diketahui, namun kebanyakan perioral dermatitis terjadi pada wanita usia muda berhubungan dengan penggunaan krom atau kosmetik pada wajah yang mengandung steroid",perioral dermatitis perioral dermatitis wanita usia muda hubung krom kosmetik wajah kandung steroid,F3,4,4
37,7,"Meskipun penyebab pastinya belum diketahui, perioral dermatitis dapat muncul karene faktor berikut : Penggunaan obat oles atau krim wajah yang tidak diketahui mengandung steroid",perioral dermatitis muncul karene faktor obat oles krim wajah kandung steroid,F3,4,4
37,8,"Menggunakan obat - obatan pada bagian hidung , mulut seperti obat spray yang mengandung steroid",obat obat hidung mulut obat spray kandung steroid,F3,4,4
37,9,Penggunaan kosmetik dan perawatan wajah lainnya,kosmetik rawat wajah,F3,4,4
37,10,Pasta gigi yang mengandung floride atau penggunaan fluorinated toothpaste,pasta gigi kandung floride fluorinated toothpaste,F3,4,4
37,11,Pengaruh hormon,pengaruh hormon,F3,4,4
37,12,Penanganan yang dilakukan selain dengan pengobatan juga perlu penanganan sendiri atau selfcare dengan cara menghindari faktor - faktor yang mungkin meningkatkan terjadinya perioral dermatitis seperti yang sudah dijabarkan diatas,tangan laku obat tangan selfcare hindar faktor faktor tingkat perioral dermatitis jabar,F3,4,4
37,13,Oleh sebab itu salah satu saran dokter Anda yaitu dengan mengganti pasta gigi yang tidak mengandung floride,salah saran dokter ganti pasta gigi kandung floride,F3,4,4
37,14,Karena pasta gigi yang mengandung flooride ini dapat menjadi salah satu resiko terjadinya perioral dermatitis,pasta gigi kandung flooride salah resiko perioral dermatitis,F3,4,4
37,15,"Perawatan yang dapat Anda lakukan sendiri lainnya seperti : Self - care you may want to try include: Hentikan penggunaan krim wajah, kosmetik dan produk krim wajah lainnya yang kelemahan dan kandungannya belum diketahui",rawat laku self care you may want to try include henti krim wajah kosmetik produk krim wajah lemah kandung,F5,5,5
37,16,Sebaiknya konsultasikan ke dokter spesialis kulit untuk penggunaan krim wajah,konsultasi dokter spesialis kulit krim wajah,F5,6,6
37,17,Cuci wajah dengan air hangat,cuci wajah air hangat,F5,6,6
37,18,Menggunakan sabun pembersih wajah yang tidak mengandung pewangi ataupun detergen,sabun bersih wajah kandung wangi detergen,F5,6,6
37,19,"Pengobatan yang diberikan dokter dapat berupa antibiotik, namun Anda juga perlu memperhatikan dan menghindari faktor yang mungkin menadi perioral dermetitis tersebut, Sedangkan pengobatan perioraldermatitis ini juga tidak cepat, bahkan dapat membutuhkan waktu sampai berbulan - bulan kepatuhan pengobatan diimbangi dengan perawatan diri sendiri sangat penting",obat dokter rupa antibiotik hati hindar faktor nadi perioral dermetitis obat perioraldermatitis cepat butuh patuh obat imbang rawat,F5,7,7
37,20,Selain itu jika ada keluhan yang mengganggu sebaiknya kontrol kembali ke dokter untuk evaluasi dan penanganan lebih lanjut,keluh ganggu kontrol dokter evaluasi tangan,F5,7,7
37,21,"Sekian jawaban dari kami, semoga bermanfaat",sekian moga manfaat,F1,7,7
38,0,"Selamat siang, terima kasih telah bertanya di Alodokter",selamat siang terima kasih alodokter,F1,0,0
38,1,"Keluhan gangguan haid dan maag adalah dua keluhan yang berbeda, dan tidak secara langsung berkaitan satu sama lain",keluh ganggu haid maag keluh beda langsung kait,F3,1,1
38,2,"Sehingga pada kasus Anda, berarti setidaknya ada dua kondisi yang Anda alami sekarang, dan keduanya butuh penanganan",arti kondisi alami butuh tangan,F3,1,1
38,3,"Namun karena kedua keluhan tersebut berasal dari sistem yang berbeda, maka fokuslah pada yang paling mengganggu Anda terlebih dahulu",keluh sistem beda fokus ganggu,F3,1,1
38,4,"Dari cerita Anda, kami menangkap bahwa keluhan utama yang Anda rasakan lebih kepada sakit maagnya",cerita tangkap keluh utama sakit maagnya,F3,1,2
38,5,Sejauh ini upaya Anda sudah cukup tepat dengan memeriksakan ke dokter,upaya periksa dokter,F3,2,2
38,6,"Namun bila keluhan Anda masih menetap, maka Anda harus kembali kontrol ke dokter lagi, karena ada berbagai macam jenis obat maag dan kemungkinan besar untuk pertemuan awal, Anda baru diberikan yang paling lemah",keluh kontrol dokter jenis obat maag temu lemah,F5,2,2
38,7,"Jika Anda datang lagi untuk kontrol dengan mengatakan bahwa keluhan Anda menetap, dokter bisa memutuskan untuk meningkatkan dosis atau menambah jenis obatnya",kontrol keluh dokter putus tingkat dosis jenis obat,F5,2,2
38,8,"Dan jika sebelumnya Anda baru memeriksakan diri ke dokter umum, kali ini boleh memeriksakan ke dokter penyakit dalam",periksa dokter kali periksa dokter sakit,F5,2,2
38,9,"Selain itu, perlu juga dipahami pemicu - pemicu maag, diantaranya adalah makanan pedas, telat makan, berat badan berlebih, merokok, segera tidur setelah makan, stres, makan makanan asam dan berminyak, konsumsi kopi, dan bagi beberapa orang yang maagnya sudah parah, bahkan teh pun dapat memicu maag",paham picu picu maag makan pedas telat makan berat badan rokok tidur makan stres makan makan asam minyak konsumsi kopi orang maagnya parah teh picu maag,F5,3,3
38,10,Penting bagi Anda untuk memahami pemicu - pemicu ini dan menghindarinya agar mempercepat pemulihan dan menghindari kekambuhan,paham picu picu hindar cepat pulih hindar kambuh,F5,4,4
38,11,"Jika masalah maag Anda sudah selesai, periksakan diri Anda ke dokter kandungan untuk dicari tahu penyebab masalah dari haid yang tidak teraturnya",maag selesai periksa dokter kandung cari haid atur,F5,4,4
38,12,"Dokter perlu menilai apakah ini disebabkan oleh pola hidup, atau ada penyakit tertentu yang dapat berdampak pada kesuburan",dokter nilai pola hidup sakit dampak subur,F5,4,4
38,13,Penanganan yang akan Anda terima nanti tergantung dari hasil pemeriksaan ini,tangan terima gantung hasil periksa,F5,4,4
38,14,"Sekian, semoga menjawab pertanyaan Anda",sekian moga,F1,4,4
39,0,"Halo Indra, Terima kasih atas pertanyaannya",halo indra terima kasih,F1,0,0
39,1,"Berdasarkan keluhan - keluhan yang Anda sampaikan, terdapat kemungkinan adanya infeksi saluran napas, di mana obat yang diberikan sudah cukup sesuai dengan indikasi dari gejala pada infeksi saluran napas",dasar keluh keluh infeksi salur napas obat sesuai indikasi gejala infeksi salur napas,F4,1,1
39,2,"Secara berurutan, obat - obatan tersebut berfungsi sebagai obat antihistamin untuk mengurangi gatal dan bersin, obat kortikosteroid untuk mengurangi peradangan akibat infeksi atau iritasi, obat flu yang dikombinasi dengan penurun demam, dan antibiotik spektrum luas untuk infeksi bakteri",urut obat obat fungsi obat antihistamin gatal bersin obat kortikosteroid radang akibat infeksi iritasi obat flu kombinasi turun demam antibiotik spektrum luas infeksi bakteri,F4,1,1
39,3,"Berdasarkan obat - obatan yang disebutkan di atas, tidak terdapat obat topikal atau kumur yang digunakan untuk mengobati sariawan secara lokal",dasar obat obat obat topikal kumur obat sariawan lokal,F4,1,1
39,4,"Obat - obatan yang diberikan adalah obat - obatan minum yang akan diserap ke seluruh tubuh, dan obat kortikosteroid dapat membantu mengurangi reaksi inflamasi atau peradangan pada sariawan",obat obat obat obat minum serap tubuh obat kortikosteroid bantu reaksi inflamasi radang sariawan,F4,1,1
39,5,"Meskipun sariawan dapat sembuh dengan sendirinya dalam beberapa hari, berikut anjuran yang dapat Anda lakukan untuk membantu mengurangi keluhan sariawan: Berkumur dengan obat kumur antiseptik",sariawan sembuh anjur laku bantu keluh sariawan kumur obat kumur antiseptik,F5,1,1
39,6,"Mengurangi konsumsi makanan dan minuman yang bersifat pedas, asam, dan terlalu panas",konsumsi makan minum sifat pedas asam panas,F5,2,2
39,7,"Menghindari melakukan manipulasi pada sariawan, seperti menyentuhnya dengan tangan, atau menyentuh sariawan dengan lidah",hindar laku manipulasi sariawan sentuh tangan sentuh sariawan lidah,F5,2,2
39,8,Cukupi kebutuhan air putih 2 - 3 liter per hari,butuh air putih liter,F5,2,2
39,9,"Cukupi kebutuhan nutrisi yang bergizi dan seimbang, perbanyak makan buah dan sayuran",butuh nutrisi gizi imbang makan buah sayur,F5,2,2
39,10,Semoga informasi ini dapat membantu ya dan semoga lekas sembuh,moga informasi bantu ya moga lekas sembuh,F1,2,2
39,11,Salam,salam,F1,2,2
40,0,Halo Triana,halo triana,F1,0,0
40,1,Masa nifas atau masa setelah melahirkan dimana merupakan masa pemulihan bagi ibu dan organ reproduksi salah satunya ditandai dengan keluarnya darah dari kemaluan sebagai salah satu cara tubuh untuk membuang lapisan rahim setelah persalinan,nifas lahir rupa pulih organ reproduksi salah tanda darah malu salah tubuh buang lapis rahim salin,F3,0,0
40,2,Nifas sendiri dapat berlangsung 4 - 6 minggu atau sekitar 42 hari,nifas langsung minggu,F3,1,1
40,3,Jika saat ini masih tetap keluar darah nifas masih dikatakan normal tetapi apabila sampai beberapa hari atau minggu kedepan masih tetap keluar darah nifas perlu untuk dipastikan dengan memeriksakan diri pada dokter ahli kandungan dan kebidanan,darah nifas normal minggu darah nifas periksa dokter ahli kandung bidan,F3,1,1
40,4,Hal yang perlu diperhatikan dari darah nifas sendiri diantaranya apabila darah nifas keluar disertai: Demam tinggi Sakit kepala hebat,perhati darah nifas darah nifas demam sakit kepala hebat,F3,1,1
40,5,Darah keluar banyak atau berupa gumpalan - gumpalan besar,darah rupa gumpal gumpal,F3,1,1
40,6,Perlu mengganti pembalut lebih dari 4 kali dalam sehari,ganti balut kali,F3,2,2
40,7,Timbul nyeri seperti pada betis,timbul nyeri betis,F3,2,2
40,8,Timbul gangguan bak,timbul ganggu bak,F3,2,2
40,9,Timbul sesak napas,timbul sesak napas,F3,2,2
40,10,Perubahan mood atau timbul rasa sedih terus menerus sebagai tanda ibu mengalami baby blues,ubah mood timbul sedih tanda alam baby blues,F3,2,2
40,11,"Untuk itu penting bagi ibu agar rutin melakukan kontrol paska melahirkan, mencukupi kebutuhan nutrisi dan menjaga kebersihan dan kesehatan organ intim",rutin laku kontrol paska lahir butuh nutrisi jaga bersih sehat organ intim,F5,3,3
40,12,Tidak lupa juga untuk segera memeriksakan diri apabila timbul tanda bahaya pada darah nifas,lupa periksa timbul tanda bahaya darah nifas,F5,3,3
40,13,Semoga bermanfaat,moga manfaat,F1,3,3
41,0,"Halo Icha, terima kasih ya sudah bertanya di Alodokter",halo icha terima kasih ya alodokter,F1,0,0
41,1,"Membaca keluhan yang anda alami, keluhan tersebut memang dapat saja disebabkan oleh suatu reaksi alergi terhadap obat tersebut, sehingga disarankan untuk tidak mengonsumsi obat tersebut kembali",baca keluh alami keluh reaksi alergi hadap obat saran konsumsi obat,F4,1,1
41,2,"Selain kemungkinan anda mengalami reaksi alergi, keluhan anda juga dapat saja disebabkan oleh penyakit GERD anda yang terpicu kembali",alam reaksi alergi keluh sakit gerd picu,F4,1,1
41,3,"Oleh karena adanya keluhan dalam penggunaan obat tersebut, sangat disarankan anda berkonsultasi lebih lanjut dengan dokter mengenai keluhan batuk yang anda alami sembari membawa obat yang anda konsumsi tersebut untuk disampaikan kepada dokter agar tidak diberikan obat yang sama",keluh obat saran konsultasi dokter kena keluh batuk alami sembari bawa obat konsumsi dokter obat,F5,1,1
41,4,"Selanjutnya, anda juga sangat disarankan untuk mencatat dan mengingat apa saja obat yang dapat memicu reaksi alergi jika anda konsumsi ketika berobat",saran catat obat picu reaksi alergi konsumsi obat,F5,1,1
41,5,"Apabila nantinya setelah anda mengonsumsi obat dari dokter keluhan kembali berulang, segera hentikan penggunaan dan kembali ke dokter anda untuk dilakukan penanganan reaksi alergi anda serta pemberian obat pengganti",konsumsi obat dokter keluh ulang henti dokter laku tangan reaksi alergi obat ganti,F5,1,1
41,6,"Namun bila keluhan yang dirasakan cukup berat, hingga menyebabkan anda sesak napas berat, pembengkakan atau bahkan rasa ingin pingsan, segeralah ke IGD rumah sakit terdekat untuk mendapatkan pertolongan segera",keluh berat sesak napas berat bengkak pingsan igd rumah sakit tolong,F5,2,2
41,7,Semoga membantu,moga bantu,F1,2,2
42,0,Terima kasih Lydia's Angel atas pertanyaannya,terima kasih lydias angel,F1,0,0
42,1,"Demacolin merupakan obat yang mempunyai kandungan parasetamol, pseudoefedrin, dan CTM",demacolin rupa obat kandung parasetamol pseudoefedrin ctm,F3,1,1
42,2,"Tentu saja setiap obat mempunyai khasiat dan efek samping masing - masing, karena itu diharapkan setiap orang yang mengonsumsi obat harus tahu dosis yang tepat",obat khasiat efek samping harap orang konsumsi obat dosis,F3,1,1
42,3,Mengonsumsi parasetamol berlebihan dapat menyebabkan kerusakan hati yang memang dapat menyebabkan mual,konsumsi parasetamol rusak hati mual,F6,1,1
42,4,"Namun, selain parasetamol, tentu saja pseudoefedrin dan CTM mempunyai efek sampngnya juga, misalnya saja pseudoefedrin dapat meningkatkan tekanan darah dan CTM dapat menyebabkan kantuk",parasetamol pseudoefedrin ctm efek sampngnya pseudoefedrin tingkat tekan darah ctm kantuk,F6,1,1
42,5,"Selain efek samping di atas, parasetamol, pseudoefedrin dan CTM juga masih mempunyai berbagai efek samping lain jika dikonsumsi secara sembarangan",efek samping parasetamol pseudoefedrin ctm efek samping konsumsi sembarang,F6,1,1
42,6,Anda sebaiknya berobat ke pelayanan kesehatan terdekat jika keluhan tidak juga membaik,obat layan sehat keluh,F5,1,1
42,7,"Sambil menunggu, Anda juga dapat mengonsumsi obat - obatan anti mual seperti omeprazol dan lainnya dan berharap efek obat tersebut segera hilang",tunggu konsumsi obat obat anti mual omeprazol harap efek obat hilang,F5,1,1
42,8,"Jika keluhan tidak juga membaik atau bahkan semakin parah, segeralah ke UGD rumah sakit terdekat",keluh parah ugd rumah sakit,F5,2,2
42,9,Anda juga dapat membaca artikel terkait: Risiko mengonsumsi obat bebas,baca artikel kait risiko konsumsi obat bebas,F5,3,3
42,10,Demikian jawaban dari saya,,F1,4,4
42,11,Semoga membantu dr Andika Surya,moga bantu dr andika surya,F1,4,4
43,0,Dear Nila,dear nila,F1,0,0
43,1,Sebelumnya berapa lama Anda mengalami menstruasi?,alam menstruasi,F2,0,0
43,2,Bagaimana perdarahan yang keluar?,darah,F2,0,0
43,3,Apakah saat ini Anda menggunakan alat kontrasepsi tertentu?,alat kontrasepsi,F2,0,0
43,4,Menstruasi merupakan siklus alami tubuh yang akan terjadi bila tidak terjadi proses pembuahan terhadap sel telur,menstruasi rupa siklus alami tubuh proses buah hadap sel telur,F3,0,0
43,5,"Siklus menstruasi sendiri normalnya terjadi setiap 21 hingga 35 hari sekali, di mana durasi menstruasi berkisar antara 2 hingga 7 hari dengan volume darah yang keluar berkisar antara 30 hingga 70 ml",siklus menstruasi normal durasi menstruasi kisar volume darah kisar ml,F3,0,0
43,6,Volume darah menstruasi dikatakan sedikit apabila kurang dari 30 ml atau istilah hypomenorrhea,volume darah menstruasi ml istilah hypomenorrhea,F3,0,0
43,7,"Kondisi ini dapat disebabkan oleh beberapa kondisi, antara lain dipengaruhi faktor genetik, efek penggunaan kontrasepsi tertentu, stres, aktivitas yang terlalu berat, perubahan berat badan secara drastis, sindrom polikistik ovarium dan lain – lain",kondisi kondisi pengaruh faktor genetik efek kontrasepsi stres aktivitas berat ubah berat badan drastis sindrom polikistik ovarium,F3,1,1
43,8,"Untuk mengetahui penyebab dari kondisi yang saat ini Anda alami, Anda bisa melakukan pemeriksaan secara langsung ke dokter kandungan agar nantinya dapat dilakukan pemeriksaan lebih lanjut mengenai keluhan yang Anda alami",kondisi alami laku periksa langsung dokter kandung laku periksa kena keluh alami,F5,2,2
43,9,"Di mana apabila penyebab pasti diketahui, maka dokter akan dapat memberikan penanganan yang tepat",dokter tangan,F5,2,2
43,10,Berikut artikel yang dapat Anda baca mengenai darah menstruasi sedikit mungkin ini penyebabnya,artikel baca kena darah menstruasi,F5,2,2
43,11,"Demikian informasi yang dapat kami sampaikan, semoga informasi ini dapat bermanfaat untuk mengatasi keluhan Anda",informasi moga informasi manfaat keluh,F1,3,2
43,12,Dr Taneya Putri Zahra,dr taneya putri zahra,F1,3,3
44,0,Dear Mutiara,dear mutiara,F1,0,0
44,1,Gejala yang Anda alami dapat diakibatkan oleh: gastroenteritis keracunan makanan tukak lambung disentri tifus kolera,gejala alami akibat gastroenteritis racun makan tukak lambung disentri tifus kolera,F4,0,0
44,2,Anda bisa berkonsultasi dengan dokter spesialis penyakit dalam di mana dokter akan menganalisis gejala yang Anda alami dan melakukan pemeriksaan fisik,konsultasi dokter spesialis sakit dokter analisis gejala alami laku periksa fisik,F5,0,0
44,3,"Pemeriksaan tambahan seperti USG, tes darah, CT Scan bisa dokter anjurkan bila perlu",periksa usg tes darah ct scan dokter anjur,F5,0,0
44,4,Terapi yang tepat akan dokter berikan,terapi dokter ikan,F5,0,0
44,5,Tips berikut ini dapat Anda lakukan: hindari mengonsumsi makanan yang tidak higienis kelola dengan bijak stres konsumsi makanan bergizi dan bersih secara teratur tidur cukup minum lebih banyak air putih konsumsi sayuran dan buah Artikel ini bisa Anda baca: Sakit perut,tips laku hindar konsumsi makan higienis kelola bijak stres konsumsi makan gizi bersih atur tidur minum air putih konsumsi sayur buah artikel baca sakit perut,F5,1,0
44,6,"Semoga bermanfaat, dr Rony W",moga manfaat dr rony w,F1,1,0
45,0,"Alo, terima kasih atas pertanyaannya",alo terima kasih,F1,0,0
45,1,"Terpal plastik adalah substansi yang tidak bisa dicerna, sehingga jika tertelan oleh bayi, kemungkinan dampaknya adalah: Masuk ke saluran pencernaan, bisa memicu muntah hingga keluar kembali lewat mulut, bisa keluar utuh bersama feses, namun bisa juga menyumbat usus dan membuat kolik, sulit buang angin, sulit buang air besar, dan muntah - muntah",terpal plastik substansi cerna telan bayi dampak masuk salur cerna picu muntah mulut utuh feses sumbat usus kolik sulit buang angin sulit buang air muntah muntah,F3,0,0
45,2,"Masuk ke saluran pernapasan, bisa memicu radang paru ( pneumonia aspirasi), bahkan bisa menyumbat total saluran napas, sehingga membuat sesak, batuk, mengi, bahkan bisa sampai mematikan",masuk salur napas picu radang paru pneumonia aspirasi sumbat total salur napas sesak batuk mengi mati,F3,0,0
45,3,"Pertanyaannya saat ini, adakah gejala tertentu yang bayi Anda alami usai tertelan terpal plastik tersebut?",gejala bayi alami telan terpal plastik,F2,0,0
45,4,Seberapa banyak terpal plastik yang tertelan olehnya?,terpal plastik telan,F2,0,0
45,5,"Apabila bayi Anda tidak mengalami tanda bahaya seperti telah kami singgung di atas, besar kemungkinan kondisinya tidaklah berbahaya",bayi alam tanda bahaya singgung kondisi bahaya,F2,1,1
45,6,"Anda cukup memberi bayi Anda banyak ASI, minum, serta makan yang sehat, sembari lebih berhati - hati dalam menjaga bayi agar tidak lagi tertelan benda asing yang berbahaya",bayi asi minum makan sehat sembari hati hati jaga bayi telan benda asing bahaya,F5,1,1
45,7,"Sebaliknya, jika tanda bahaya di atas ada yang Anda dapati pada bayi Anda, lebih aman Anda memeriksakannya langsung ke dokter atau dokter anak supaya ditangani dengan baik ya",tanda bahaya bayi aman periksa langsung dokter dokter anak tangan ya,F5,1,1
45,8,Semoga membantu,moga bantu,F1,1,1
46,0,"Halo, Terima kasih atas pertanyaan yang diajukan",halo terima kasih aju,F1,0,0
46,1,"Mengenai jenis KB, memang memiliki kelebihan dan kekurangan masing - masing, tidak terkecuali jenis suntik KB 3 bulan",kena jenis kb milik kecuali jenis suntik kb,F3,1,1
46,2,"Pada suntik KB 3 bulan yang Anda gunakan tersebut, memang terdapat kekurangan yang muncul pada tubuh, salah satunya penambahan berat badan",suntik kb muncul tubuh salah berat badan,F3,1,1
46,3,"Suntik kb ini efeknya terbilang cukup lama, hal ini yang menyebabkan menstruasi tidak teratur",suntik kb efek bilang menstruasi atur,F3,1,1
46,4,Bahkan bisa membutuhkan 1 tahun setelah dihentikan untuk kembali subur,butuh henti subur,F3,2,2
46,5,"Terkait berat badan yang Anda miliki saat ini, perlu dipastikan kembali apakah dengan berat tersebut Anda masih tergolong berat badan ideal atau berlebihan / obesitas",kait berat badan milik berat golong berat badan ideal obesitas,F4,3,3
46,6,"Perlu dibandingkan antara berat badan dan tinggi badan, dengan cara menghitung indeks massa tubuh (IMT)",banding berat badan badan hitung indeks massa tubuh imt,F4,3,3
46,7,"Dengan begitu, kita bisa memastikan berat badan ideal yang sesuai dengan tubuh kita",berat badan ideal sesuai tubuh,F4,3,3
46,8,"Untuk menurunkan berat badan agar bisa menjadi lebih ideal, tentu harus menyelaraskan antara pola makan dan olahraga",turun berat badan ideal laras pola makan olahraga,F4,4,4
46,9,"Cara makan seperti yang Anda sebutkan diatas, bisa dikatakan belum tepat untuk menurunkan berat badan",makan turun berat badan,F4,4,4
46,10,"Pola makan yang tepat menurunkan berat badan adalah, meningkatkan frekuensi makan",pola makan turun berat badan tingkat frekuensi makan,F4,4,4
46,11,"Tentukan pola makan dengan frekuensi 5 kali, terdiri dari makan pagi, makan siang, makan malam, dan waktu untuk camilan diantara kedua waktu makan tersebut",pola makan frekuensi kali makan pagi makan siang makan malam camil makan,F5,4,5
46,12,"Pilih jenis makanan yang sesuai untuk menurunkan berat badan, serta harus seimbang antara karbohidrat, protein, dan lemak",pilih jenis makan sesuai turun berat badan imbang karbohidrat protein lemak,F5,4,6
46,13,"Hindari beberapa makanan seperti yang mengandung minyak, bersantan, makanan yang digoreng, makanan yang mengandung kolestrol jahat, dan lain sebagainya",hindar makan kandung minyak santan makan goreng makan kandung kolestrol jahat,F5,5,7
46,14,"Atur jumlahnya agar lebih sedikit, misalnya nasi cukup 1 sampai 1,5 centong, ayam satu potong tanpa kulit dan tidak digoreng, tahu / tempe 2 potong tidak digoreng, serta perbanyak sayuran",atur nasi centong ayam potong kulit goreng tempe potong goreng sayur,F5,6,7
46,15,"Untuk camilannya, cukup dengan buah - buahan",camil buah buah,F5,6,7
46,16,Cara untuk menurunkan berat badan yang tepat memang harus menjalankan diet yang sehat,turun berat badan jalan diet sehat,F5,7,8
46,17,"Selain diet sehat, harus diseimbangkan dengan rutin berolahraga",diet sehat imbang rutin olahraga,F5,7,8
46,18,"Dengan begitu, metabolisme tubuh akan bekerja baik sehingga untuk mendapatkan berat badan ideal dan tubuh yang sehat bisa tercapai",metabolisme tubuh kerja berat badan ideal tubuh sehat capai,F5,8,8
46,19,"Selain itu, tubuh yang sehat dan berat yang ideal pun juga akan mempengaruhi siklus menstruasi menjadi lebih teratur",tubuh sehat berat ideal pengaruh siklus menstruasi atur,F5,8,8
46,20,Tidak perlu meminum apapun untuk kembali menstruasi,minum menstruasi,F5,8,8
46,21,"Demikian informasi yang dapat disampaikan, semoga bermanfaat",informasi moga manfaat,F1,8,8
47,0,Halo Nurul,halo nurul,F1,0,0
47,1,Terima kasih atas pertanyaan Anda,terima kasih,F1,0,0
47,2,"Kondisi yang Anda alami dengan keluhan utama berupa rasa sakit pada perut bagian tengah bawah, memang masih dapat disebabkan oleh karena gangguan kesehatan yang terkait organ lambung",kondisi alami keluh utama rupa sakit perut ganggu sehat kait organ lambung,F4,0,0
47,3,"Berikut ini beberapa penyakit yang dapat menyerang organ lambung, diantaranya adalah: Gastritis === Peradangan pada dinding lambung bagian dalam, penyakit asam lambung / GERD, ulkus lambung === luka yang terjadi pada dinding lambung bagian dalam, kanker lambung",sakit serang organ lambung gastritis radang dinding lambung sakit asam lambung gerd ulkus lambung luka dinding lambung kanker lambung,F3,0,0
47,4,"Akan tetapi selain oleh karena penyakit yang telah disebutkan di atas, kondisi ini juga dapat disebabkan oleh: Peradangan pada pankreas, gangguan kesehatan pada organ empedu, sindrom iritasi usus",sakit kondisi radang pankreas ganggu sehat organ empedu sindrom iritasi usus,F3,0,0
47,5,"Jika rasa sakit terjadi, maka cobalah atasi keadaan ini dengan cara mengonsumsi obat khusus gangguan lambung seperti antasida cair, yang dapat dibeli dengan bebas di apotik, minumlah sesuai dengan aturan pakai yang tertera di kemasan",sakit coba konsumsi obat khusus ganggu lambung antasida cair beli bebas apotik minum sesuai atur pakai tera kemas,F3,1,1
47,6,"Selain itu kami sangat menyarankan untuk : menghindari makanan yang asam / pedas / berminyak / berlemak / digoreng / bersantan, makan makanan yang sehat dan bergizi tepat waktu, minum air putih minimal 2 Liter per hari, stop merokok dan jangan minum minuman keras, hindari minum kopi, kelola psikologis",saran hindar makan asam pedas minyak lemak goreng santan makan makan sehat gizi minum air putih minimal liter stop rokok minum minum keras hindar minum kopi kelola psikologis,F3,1,1
47,7,"Apabila setelah Anda melakukan cara - cara di atas, kondisi sakit yang Anda alami masih saja dirasakan atau semakin memburuk, maka kami sangat menyarankan untuk segera menemui dokter, dan mendiskusikan masalah ini, agar Anda dapat dilakukan serangkain pemeriksaan lebih lanjut secara langsung, dan akhirnya penanganan tepat dapat segera diberikan sesuai dengan penyebab pasti nantinya diketahui",laku kondisi sakit alami buruk saran temu dokter diskusi laku serangkain periksa langsung tangan sesuai,F5,2,2
47,8,Klik artikel di bawah ini yang sesuai dengan pertanyaan Anda : GASTRITIS,klik artikel sesuai gastritis,F5,2,2
47,9,"Demikian penjelasan yang dapat kami sampaikan, semoga bermanfaat",moga manfaat,F1,2,2
47,10,"Salam, dr Jati",salam dr jati,F1,2,2
48,0,Hai,hai,F1,0,0
48,1,Kehamilan dapat terjadi ketika bertemunya sel sperma dengan sel telur yang matang di dalam rahim,hamil temu sel sperma sel telur matang rahim,F3,0,0
48,2,"Jika usia kehamilan anda sudah memasuki usia 7 minggu, maka perdarahan yang semakin banyak dari jalan lahir yang ditakutkan ialah terjadinya suatu keguguran / abortus",usia hamil masuk usia minggu darah jalan lahir takut gugur abortus,F4,1,1
48,3,Keguguran dapat terjadi pada usia kehamilan kurang dari 20 minggu,gugur usia hamil minggu,F3,1,1
48,4,"Gejala awal keguguran ialah munculnya flek, dan semakin lama perdarahan semakin banyak, dan biasanya darah berwarna merah kehitaman dan dapat disertai dengan gumpalan darah",gejala gugur muncul flek darah darah warna merah hitam gumpal darah,F3,2,2
48,5,Selain itu dapat juga disertai dengan nyeri perut,nyeri perut,F3,2,2
48,6,Nyeri perut pun terkadang hanya dirasakan sebagai rasa keram pada perut,nyeri perut terkadang keram perut,F3,2,2
48,7,"Tetapi selain itu, keadaan yang anda alami dapat juga disebabkan karena penyebab lainnya seperti: Iritasi vagina",alami iritasi vagina,F4,2,2
48,8,Infeksi pada daerah vagina,infeksi daerah vagina,F4,2,2
48,9,Kanker serviks,kanker serviks,F4,2,2
48,10,"Oleh karena itu, untuk menghindari hal yang tidak diinginkan seperti keguguran, maka sebaiknya anda segera memeriksakan diri secara langsung ke dokter spesialis kandungan ( SpOG) sehingga dokter dapat memeriksa keadaan anda lebih lanjut",hindar gugur periksa langsung dokter spesialis kandung spog dokter periksa,F5,3,3
48,11,mungkin nanti akan dilakukan pemeriksaan tambahan seperti pemeriksaan dalam dan USG jika memang diperlukan,laku periksa periksa usg,F5,3,3
48,12,dengan demikian nanti dokter dapat segera memberikan pengobatan yang tepat untuk anda,dokter obat,F5,3,3
48,13,Disarankan agar anda beristirahat total untuk sementara,saran istirahat total,F5,4,4
48,14,konsumsi makanan bergizi,konsumsi makan gizi,F5,4,4
48,15,minum cukup air putih,minum air putih,F5,4,4
48,16,"jangan merokok, termasuk hindari paparan asap rokok",rokok masuk hindar papar asap rokok,F5,4,4
48,17,untuk sementara jangan berhubungan seks terlebih dahulu,hubung seks,F5,4,4
48,18,berikut artikel yang dapat anda baca mengenai keguguran,artikel baca kena gugur,F5,4,4
48,19,Semoga bermanfaat,moga manfaat,F1,4,4
48,20,terima kasih dr danny,terima kasih dr danny,F1,5,5
49,0,Dear Feby,dear feby,F1,0,0
49,1,Tanda kehamilan yang paling jelas terlihat adalah tidak terjadinya menstruasi,tanda hamil lihat menstruasi,F3,0,0
49,2,Namun hal tersebut bukan tanda pasti kehamilan,tanda hamil,F3,0,0
49,3,Tanda pasti kehamilan baru bisa didapatkan sekitar minggu kelima hingga ketujuh setelah pembuahan (pertemuan sel telur dan sel sperma) yaitu dengan terlihatnya kantung kehamilan yang berisi janin melalui pemeriksaan USG,tanda hamil minggu tujuh buah temu sel telur sel sperma lihat kantung hamil isi janin periksa usg,F3,0,0
49,4,"Sebagai skrining awal kehamilan, Anda dapat melakukan pemeriksan testpack",skrining hamil laku pemeriksan testpack,F5,0,0
49,5,Pemeriksaan testpack dapat mulai dilakukan sehari setelah Anda mengalami keterlambatan menstruasi,periksa testpack laku alam lambat menstruasi,F5,0,0
49,6,"Bila hasil nya negatif, ulangi seminggu lagi",hasil nya negatif ulang minggu,F5,0,0
49,7,"Gejala lain (bukan tanda pasti) dalam kehamilan dapat berupa: payudara lebih padat, lebih sensitif, lebih kencang sering buang air kecil kram perut mual dan muntah lebih sensitif terhadap bau nafsu makan menurun sulit buang air besar pusing mood berubah sedikit bercak darah yang dapat terjadi sekitar 7 - 10 hari setelah pembuahan Kram perut dapat disebabkan oleh kram otot, gastroenteritis, batu ginjal, radang panggul, dan penyakit lainnya yang berasal dari saluran cerna, saluran kemih, atau saluran reproduksi",gejala tanda hamil rupa payudara padat sensitif kencang buang air kram perut mual muntah sensitif hadap bau nafsu makan turun sulit buang air pusing mood ubah bercak darah buah kram perut kram otot gastroenteritis batu ginjal radang panggul sakit salur cerna salur kemih salur reproduksi,F3,1,1
49,8,Berikut artikel yang dapat Anda baca: Tanda - tanda kehamilan Kram perut saat hamil Tes awal kehamilan dengan testpack,artikel baca tanda tanda hamil kram perut hamil tes hamil testpack,F5,1,1
49,9,"Semoga bermanfaat dan salam, dr Rony Wijaya",moga manfaat salam dr rony wijaya,F1,2,2
50,0,"Halo Shiwak, terima kasih atas pertanyaannya",halo shiwak terima kasih,F1,0,0
50,1,Sakit tenggorokan merupakan gejala utama dari radang tenggorokan,sakit tenggorok rupa gejala utama radang tenggorok,F3,1,1
50,2,"Gejala ini juga dapat disertai dengan gejala lain seperti batuk, pilek demam, sakit kepala, nyeri sendi dan otot, dan nafsu makan yang berkurang",gejala gejala batuk pilek demam sakit kepala nyeri sendi otot nafsu makan,F3,1,1
50,3,"Radang tenggorokan dapat disebabkan oleh infeksi virus atau bakteri, iritasi atau alergi, dan penyakit asam lambung",radang tenggorok infeksi virus bakteri iritasi alergi sakit asam lambung,F3,1,1
50,4,"Prednison dan dexamethsaon adalah obat dalam golongan kortikosteroid, yang berfungsi untuk mengatasi peradangan di dalam tubuh",prednison dexamethsaon obat golong kortikosteroid fungsi radang tubuh,F3,1,1
50,5,Obat ini juga dapat digunakan untuk mengatasi reaksi alergi,obat reaksi alergi,F3,1,1
50,6,Baik prednison maupun dexamethasone tidak ada yang lebih superior atau lebih efektif dalam mengatasi peradangan,prednison dexamethasone superior efektif radang,F3,1,1
50,7,Kedua obat ini tergolong dalam obat keras yang tidak sebaiknya Anda gunakan tanpa anjuran dokter,obat golong obat keras anjur dokter,F3,1,1
50,8,Tidak semua radang tenggorokan akan diobati dengan obat tersebut,radang tenggorok obat obat,F3,1,1
50,9,"Oleh karena itu, jika Anda mengalami keluhan sakit tenggorokan yang tidak kunjung membaik, Anda dianjurkan untuk memeriksakan diri ke dokter untuk pemeriksaan lebih lanjut sehingga Anda menerima penanganan yang sesuai",alam keluh sakit tenggorok kunjung anjur periksa dokter periksa terima tangan sesuai,F5,2,2
50,10,"Anda juga dianjurkan untuk melakukan anjuran berikut: hindari konsumsi makanan pedas, bermiyak, dan makanan atau minuman manis tingkatkan konsumsi makanan yang bergizi perbanyak konsumsi air putih beristirahat dengan cukup selama 7 - 9 jam setiap hari berkumur dengan air garam hangat untuk membantu meredakan sakit tenggorokan hindari paparan debu dan polusi udara hindari kebiasaan merokok",anjur laku anjur hindar konsumsi makan pedas bermiyak makan minum manis tingkat konsumsi makan gizi konsumsi air putih istirahat jam kumur air garam hangat bantu reda sakit tenggorok hindar papar debu polusi udara hindar rokok,F5,2,2
50,11,Semoga informasi ini membantu Anda,moga informasi bantu,F1,2,2
51,0,Halo Zahrotul,halo zahrotul,F1,0,0
51,1,"Penyakit campak sendiri disebabkan oleh adanya infeksi virus, sehingga umumnya sakit campak tidak perlu diberikan antibiotik",sakit campak infeksi virus sakit campak antibiotik,F3,0,0
51,2,Namun pada kondisi khusus misalnya ada infeksi lainnya oleh bakteri yang terjadi bersamaan maka dokter akan mempertimbangkan pemberian antibiotik,kondisi khusus infeksi bakteri dokter timbang antibiotik,F3,0,0
51,3,Sebagai contoh misalnya terkena sakit campak namun juga terkena infeksi saluran pernafasan atas sehingga keluhan radang tenggorokan dan batuk pileknya semakin bertambah buruk,contoh kena sakit campak kena infeksi salur nafas keluh radang tenggorok batuk pilek buruk,F3,0,0
51,4,"Dokter yang memeriksa Anda tentunya lebih paham akan kondisi Anda karena beliau telah memeriksa diri Anda secara langsung sehingga mempertimbangkan pemberian obat tersebut, Anda bisa mengikuti pengobatan yang terbaru tanpa perlu menghabiskan obat yang lama, namun pengobatan yang baru ini disarankan sampai tuntas ya meskipun keluhannya telah membaik",dokter periksa paham kondisi beliau periksa langsung timbang obat obat habis obat obat saran tuntas ya keluh,F4,1,0
51,5,Semoga bermanfaat dr arnold,moga manfaat dr arnold,F1,1,0
52,0,Hai,hai,F1,0,0
52,1,Nyeri saat BAK bisa disebabkan oleh: Infeksi saluran kemih,nyeri bak infeksi salur kemih,F4,1,1
52,2,Batu kandung kemih,batu kandung kemih,F3,1,1
52,3,Herpes genital,herpes genital,F3,1,1
52,4,Kanker kandung kemih,kanker kandung kemih,F3,1,1
52,5,"Pada kebanyakan kasus, nyeri saat BAK pada perempuan yang sudah menikah disebabkan oleh infeksi saluran kemih",nyeri bak perempuan nikah infeksi salur kemih,F3,1,1
52,6,Hal ini biasanya berkaitan dengan kebiasaan menahan BAK dan kurang minum air,kait tahan bak minum air,F3,2,2
52,7,"Untuk memastikan penyebab keluhan tersebut, diperlukan pemeriksaan langsung oleh Dokter",keluh periksa langsung dokter,F3,2,2
52,8,Mungkin diperlukan pemeriksaan air seni dan USG untuk menunjang diagnosis,periksa air seni usg tunjang diagnosis,F3,2,2
52,9,"Setelah penyebabnya jelas, barulah penanganan yang tepat bisa diberikan, misalnya antibiotika untuk kasus infeksi dan operasi untuk batu / tumor kandung kemih",tangan antibiotika infeksi operasi batu tumor kandung kemih,F3,2,2
52,10,Tips berikut mungkin membantu: Minum sekurangnya 2 liter air per hari,tips bantu minum liter air,F3,2,2
52,11,Jus buah cranberry dapat membantu mencegah infeksi saluran kemih,jus buah cranberry bantu cegah infeksi salur kemih,F3,2,2
52,12,Hindari menahan BAK,hindar tahan bak,F3,2,2
52,13,Biasakan membersihkan area kemaluan dari arah depan ke belakang dan bukan sebaliknya untuk mencegah masuknya kuman dari vagina / anus ke dalam saluran kemih,bersih area malu arah cegah masuk kuman vagina anus salur kemih,F3,3,3
52,14,"Sekian, semoga bermanfaat",sekian moga manfaat,F1,4,4
52,15,dr Radius Kusuma,dr radius kusuma,F1,4,4
53,0,Halo Man'z,halo manz,F1,0,0
53,1,Testpack adalah alat untuk mendeteksi kehamilan dengan praktis dan bisa dilakukan di rumah,testpack alat deteksi hamil praktis laku rumah,F3,0,0
53,2,Testpack akan lebih akurat jika dilakukan setidaknya 1 minggu pasca terlambat menstruasi,testpack akurat laku minggu pasca lambat menstruasi,F3,0,0
53,3,Umumnya dalam kemasan testpack sudah ada petunjuk pemakaian testpack,kemas testpack pakai testpack,F3,0,0
53,4,Sebaiknya Anda ikuti petunjuknya ya,ya,F5,0,0
53,5,Biasanya disebutkan testpack menggunakan urin pagi setelah bangun tidur karena kadar hormon lebih tinggi sehingga bisa lebih sensitif mendeteksi kehamilan,testpack urin pagi bangun tidur kadar hormon sensitif deteksi hamil,F3,0,0
53,6,"Apabila Anda terbangun malam hari dan merasa ingin BAK, Anda bisa BAK dahulu",bangun malam bak bak,F3,1,1
53,7,Tidak apa - apa dan tidak terlalu berpengaruh,pengaruh,F3,1,1
53,8,Menahan BAK justru beresiko menyebabkan rasa nyeri dan infeksi saluran kemih,tahan bak resiko nyeri infeksi salur kemih,F3,1,1
53,9,Oleh sebab itu sangat tidak disarankan untuk menahan BAK ya,saran tahan bak ya,F5,1,1
53,10,"Jika Anda sudah melakukan testpack, apabila hasilnya negatif, sebaiknya lakukan testpack ulang 1 minggu lagi dengan beberapa merek testpack bila perlu",laku testpack hasil negatif laku testpack ulang minggu merek testpack,F5,2,2
53,11,"Jika hasilnya positif, konsultasikan dengan dokter kandungan supaya bisa dilakukan USG untuk memastikan kehamilan",hasil positif konsultasi dokter kandung laku usg hamil,F5,2,2
53,12,"Hasil testpack negatif adalah 1 garis, positif adalah 2 garis, dan bila hasilnya 1 garis positif dan 1 garis samar maka digolongkan positif",hasil testpack negatif garis positif garis hasil garis positif garis samar golong positif,F3,3,3
53,13,tetapi harus dilakukan testpack ulang 1 minggu kemudian untuk konfirmasi,laku testpack ulang minggu konfirmasi,F3,4,4
53,14,Berikut ini artikel yang berhubungan dengan topik pertanyaan Anda: Waktu yang tepat untuk menjalani tes kehamilan,artikel hubung topik jalan tes hamil,F3,4,4
53,15,"terima kasih dan semoga membantu, dr Devika Y",terima kasih moga bantu dr devika y,F1,5,5
54,0,Halo Dendy,halo dendy,F1,0,0
54,1,terima kasih atas pertanyaannya,terima kasih,F1,0,0
54,2,Keringat kristal atau miliaria kristalina adalah salah satu bentuk biang keringat yang banyak terjadi pada bayi,keringat kristal miliaria kristalina salah bentuk biang keringat bayi,F3,0,0
54,3,Kondisi ini merupakan kondisi biang keringat yang paling ringan yang ditandai dengan kemunculan lentingan kulit berisi air jernih yang mudah pecah,kondisi rupa kondisi biang keringat ringan tanda muncul lenting kulit isi air jernih mudah pecah,F3,0,0
54,4,Lentingan ini tidak terasa gatal atau sakit,lenting gatal sakit,F3,0,0
54,5,Biang keringat umumnya dapat hilang dengan sendirinya tanpa memerlukan penanganan khusus,biang keringat hilang tangan khusus,F3,0,0
54,6,"Anda dapat mencoba melakukan anjuran berikut untuk bayi Anda: menghindari tempat yang panas, menggunakan pakaian yang longgar, menjaga kulit tetap dingin misalnya dengan memandikan bayi Anda dengan air biasa menggunakan losion kelamin untuk meredakan gatal, hindari penggunaan losion yang dapat menyumbat pori - pori kulit",coba laku anjur bayi hindar panas pakai longgar jaga kulit dingin mandi bayi air losion kelamin reda gatal hindar losion sumbat pori pori kulit,F5,0,0
54,7,"Namun, jangan ragu berkonsultasi dengan dokter jika gejala semakin memburuk atau terlihat tanda infeksi misalnya demam, muncul nanah, bayi terlihat rewel mungkin karena terasa sakit",ragu konsultasi dokter gejala buruk lihat tanda infeksi demam muncul nanah bayi lihat rewel sakit,F5,1,1
54,8,Semoga membantu,moga bantu,F1,1,1
54,9,dr Aloisia,dr aloisia,F1,1,1
55,0,Hai Nesa,hai nesa,F1,0,0
55,1,"Salah satu tanda awal kehamilan yaitu tidak atau terlambat menstruasi, walaupun tidak selalu terlambat menstruasi disebabkan oleh kehamilan",salah tanda hamil lambat menstruasi lambat menstruasi hamil,F3,0,0
55,2,Dilihat dari jadwal siklus menstruasi Anda dimana terakhir menstruasi pada bulan februari dan pada saat bulan maret sudah tidak mendapatkan menstruasi tersebut,lihat jadwal siklus menstruasi menstruasi februari maret menstruasi,F4,0,0
55,3,"Bila memang adanya hubungan intim tanpa kontrasepsi sebelumnya, memang kemungkinan besar memang hamil",hubung intim kontrasepsi hamil,F4,0,0
55,4,Pemeriksaan tespack memiki tingkat akurasi sekitar 90 - 99% bila dilakukan dengan cara yang benar dan dilakukan saat paling tidak terlambat menstruasi 7 hari dari tanggal seharusnya,periksa tespack mik tingkat akurasi laku laku lambat menstruasi tanggal,F3,0,0
55,5,"Selain terlambat menstruasi, tanda awal kehamilan lain yang dapat muncul adalah: Mual, muntah",lambat menstruasi tanda hamil muncul mual muntah,F3,0,0
55,6,"Pusing, lemas",pusing lemas,F3,1,1
55,7,Payudara sensitif dengan bagian merah puting lebih melebar,payudara sensitif merah puting lebar,F3,1,1
55,8,Sering buang air kecil,buang air,F3,1,1
55,9,Keluar bercak darah sedikit menyerupai menstruasi (perdarahan implantasi),bercak darah rupa menstruasi darah implantasi,F3,1,1
55,10,Berikut informasinya,informasi,F5,1,1
55,11,Apakah saya hamil?,hamil,F5,1,1
55,12,Semoga membantu ya,moga bantu ya,F1,2,2
55,13,Terima kasih,terima kasih,F1,2,2
55,14,dr Yan william,dr yan william,F1,3,3
56,0,Hai Jesika,hai jesika,F1,0,0
56,1,Pada dasarnya setiap hubungan intim memiliki peluang untuk terjadi kehamilan,dasar hubung intim milik peluang hamil,F3,1,1
56,2,Bila Anda memiliki siklus menstruasi yang tidak teratur maka dapat saja tanggal masa subur bergeser mundur,milik siklus menstruasi atur tanggal subur geser mundur,F4,1,1
56,3,Jika pada saat melakukan hubungan intim Anda sedang berada dalam masa subur maka peluang untuk terjadinya kehamilan tentunya lebih besar,laku hubung intim subur peluang hamil,F4,1,1
56,4,"Namun demikian, keterlambatan menstruasi tidak selalu disebabkan oleh kehamilan",lambat menstruasi hamil,F4,1,1
56,5,Berbagai faktor lainnya dapat pula menyebabkan terjadinya keterlambatan menstruasi seperti: Ketidakseimbangan hormonal,faktor lambat menstruasi ketidakseimbangan hormonal,F3,2,2
56,6,Efek samping penggunaan kontrasepsi,efek samping kontrasepsi,F3,2,2
56,7,Stres psikis,stres psikis,F3,2,2
56,8,Aktivitas fisik yang berat,aktivitas fisik berat,F3,2,2
56,9,Olahraga berlebihan,olahraga,F3,2,2
56,10,Pola gizi yang kurang nutrisi,pola gizi nutrisi,F3,2,2
56,11,Penurunan berat badan yang drastis,turun berat badan drastis,F3,3,3
56,12,Obesitas,obesitas,F3,4,4
56,13,Gangguan hormon tiroid PCOS / sindrom polikistik ovarii dan sebagainya,ganggu hormon tiroid pcos sindrom polikistik ovarii,F3,4,4
56,14,"Bila Anda mencurigai adanya kehamilan dan dalam 2 minggu mendatang belum kunjung mendapatkan menstruasi, maka sebagai deteksi awal dapat dilakukan tes kehamilan dengan testpack di rumah",curiga hamil minggu kunjung menstruasi deteksi laku tes hamil testpack rumah,F4,5,5
56,15,Gunakan urin pertama pada pagi hari dan pastikan tes dilakukan dengan cara yang benar sesuai dengan petunjuk pemakaian,urin pagi tes laku sesuai pakai,F4,5,5
56,16,Jika hasilnya negatif maka tes dapat kembali diulang 1 minggu kemudian untuk memastikan hasilnya,hasil negatif tes ulang minggu hasil,F4,6,6
56,17,"Namun jika ada keraguan mengenai kondisi yang Anda alami, atau bila keluhan terus berlanjut, maka ada baiknya Anda menemui dokter spesialis kandungan agar dapat diperiksa lebih jauh",ragu kena kondisi alami keluh temu dokter spesialis kandung periksa,F4,7,7
56,18,"Tes penunjang akan dianjurkan oleh dokter (seperti USG, tes urin, atau tes darah) untuk menelusuri penyebabnya sehingga penanganan yang tepat dapat diberikan sesuai dengan kondisi dasarnya",tes tunjang anjur dokter usg tes urin tes darah telusur tangan sesuai kondisi dasar,F4,7,7
56,19,Berikut ini anjuran bagi Anda: Beristirahat cukup dan tidur yang cukup,anjur istirahat tidur,F5,8,8
56,20,"Jangan terlalu lelah, batasi aktivitas yang berat",lelah batas aktivitas berat,F5,8,8
56,21,Konsumsi makanan yang bergizi,konsumsi makan gizi,F5,8,8
56,22,Menjaga berat badan ideal,jaga berat badan ideal,F5,8,8
56,23,Hindari diet ketat,hindar diet ketat,F5,8,8
56,24,Meminimalisir stres,meminimalisir stres,F5,8,8
56,25,Informasi berikut ini dapat berguna: Penyebab terlambat menstruasi,informasi lambat menstruasi,F5,8,8
56,26,Tes awal kehamilan dengan testpack,tes hamil testpack,F5,8,8
56,27,Demikian semoga bermanfaat,moga manfaat,F1,8,8
56,28,dr Muliani Sukiman,dr muliani sukiman,F1,9,9
57,0,Hai Rizky,hai rizky,F1,0,0
57,1,Peningkatan kadar gula darah yang diatas normal memang merupakan salah satu penyebab seseorang akan sering kencing karena bila gula terdapat dalam air kemih akan menyebabkan efek osmotik yang menarik air bersamanya sehingga sering kencing merupakan salah satu keluhan yang klasik ditemukan pada penderita kencing manis,tingkat kadar gula darah normal rupa salah orang kencing gula air kemih efek osmotik tarik air kencing rupa salah keluh klasik temu derita kencing manis,F3,1,1
57,2,"Walaupun demikian, kondisi diatas tidak terjadi pada orang normal karena pada orang normal terjadi reabsorbsi (penyerapan kembali) gula sehingga tidak terdapat gula pada air kemih",kondisi orang normal orang normal reabsorbsi serap gula gula air kemih,F3,1,1
57,3,"Selain karena adanya gula pada air kemih, peningkatan produksi air kemih juga dapat dicetuskan beberapa kondisi berikut : Konsumsi air putih dalam jumlah banyak dalam waktu relatif cepat",gula air kemih tingkat produksi air kemih cetus kondisi konsumsi air putih relatif cepat,F3,1,1
57,4,Paparan udara dingin,papar udara dingin,F3,1,1
57,5,Konsumsi makanan / minuman yang mengandung diuretik alami seperti kopi,konsumsi makan minum kandung diuretik alami kopi,F3,1,2
57,6,Konsumsi obat - obatan,konsumsi obat obat,F3,2,2
57,7,Kondisi psikologis,kondisi psikologis,F3,3,3
57,8,"Walaupun keluhan yang Anda alami saat ini dapat jadi merupakan kondisi yang normal, sebaiknya Anda tetap berkonsutlasi dan memeriksakan diri secara langsung dengan dokter guna mencari kemungkinan lainya penyebab keluhan Anda agar mendapat penanganan yang sesuai dengan penyebab keluhan Anda",keluh alami rupa kondisi normal berkonsutlasi periksa langsung dokter cari lai keluh tangan sesuai keluh,F4,3,3
57,9,"Dokter Anda akan menanyakan riwayat keluhan Anda, melakukan pemeriksaan fisik ataupun pemeriksaan penunjang seperti pemeriksaan darah, air kemih, gula darah ataupun fungsi ginjal untuk memastikan penyebab keluhan Anda",dokter riwayat keluh laku periksa fisik periksa tunjang periksa darah air kemih gula darah fungsi ginjal keluh,F4,3,3
57,10,"Semoga bermanfaat, dr Budiono",moga manfaat dr budiono,F1,3,3
58,0,Hai,hai,F1,0,0
58,1,Gejala kehamilan yang dialami oleh setiap wanita dapat berbeda - beda,gejala hamil alami wanita beda beda,F3,0,0
58,2,"Ada wanita yang merasakan gejala kehamilan, seperti : mual muntah, pusing, sensitif terhadap aroma tertentu, payudara lebih kencang atau nyeri, mudah lelah",wanita gejala hamil mual muntah pusing sensitif hadap aroma payudara kencang nyeri mudah lelah,F3,0,0
58,3,Halaman berikut membahas Tanda - tanda kehamilan,halaman bahas tanda tanda hamil,F3,0,0
58,4,Namun ada juga wanita yang tidak merasakan gejala - gejala tersebut saat hamil,wanita gejala gejala hamil,F3,0,0
58,5,Berat ringannya gejala yang dialami juga berbeda - beda pada setiap wanita,berat ringan gejala alami beda beda wanita,F3,0,0
58,6,Terlambat menstruasi menjadi tanda awal yang pasti saat wanita mengalami kehamilan,lambat menstruasi tanda wanita alam hamil,F3,0,0
58,7,"Untuk mengetahui kondisi lebih lanjut, wanita tersebut juga dapat periksa ke dokter",kondisi wanita periksa dokter,F5,0,0
58,8,Sehingga dapat dilakukan pemeriksaan fisik dan tes penunjang seperti tes urin atau USG untuk mengetahui jika terjadi kehamilan,laku periksa fisik tes tunjang tes urin usg hamil,F5,1,1
58,9,Anda dapat membaca lebih lanjut halaman Ciri hamil 1 minggu,baca halaman ciri hamil minggu,F5,1,1
58,10,"Semoga bermanfaat, dr Jessica",moga manfaat dr jessica,F1,2,2
59,0,"Halo, terima kasih sudah bertanya di alodokter com",halo terima kasih alodokter com,F1,0,0
59,1,"Terdapat beberapa kondisi yang dapat terjadi berkaitan dengan keluhan anda, yaitu : 1 Kehamilan",kondisi kait keluh hamil,F3,1,1
59,2,"Darah yang keluar bisa saja merupakan hal yang normal terjadi pada minggu - minggu awal kehamilan, yaitu akibat proses implantasi sel telur yang telah dibuahi ke dinding endometrium rahim",darah rupa normal minggu minggu hamil akibat proses implantasi sel telur buah dinding endometrium rahim,F3,1,1
59,3,"Namun, bisa juga merupakan tanda ancaman keguguran atau masalah kehamilan lainnya",rupa tanda ancam gugur hamil,F3,1,1
59,4,"2 Gangguan menstruasi, yaitu oligomenore",ganggu menstruasi oligomenore,F3,1,1
59,5,Dikatakan oligomenore jika seorang wanita tidak haid dalam waktu lebih dari 35 hari hingga 90 hari,oligomenore orang wanita haid,F3,1,1
59,6,"Kondisi ini dapat disebabkan gangguan hormonal, efek samping KB hormonal, malnutrisi, obesitas, stres, radang panggul, PCOS, dan lain - lain",kondisi ganggu hormonal efek samping kb hormonal malnutrisi obesitas stres radang panggul pcos,F3,2,2
59,7,"3 Perdarahan jalan lahir disebabkan penyakit, seperti laserasi vagina atau serviks, kanker servik dan lain - lain",darah jalan lahir sakit laserasi vagina serviks kanker servik,F3,2,2
59,8,"Sebaiknya, anda lakukan tes kehamilan menggunakan air kencing pertama sehabis bangun tidur pagi hari",laku tes hamil air kencing habis bangun tidur pagi,F5,3,3
59,9,Bawalah hasilnya ke dokter spesialis kandungan untuk selanjutnya dilakukan pemeriksaan lebih lanjut,bawa hasil dokter spesialis kandung laku periksa,F5,4,4
59,10,Dokter akan melakukan wawancara medis dan pemeriksaan fisik langsung,dokter laku wawancara medis periksa fisik langsung,F5,4,4
59,11,Dokter akan melihat kondisi vagina hingga serviks dengan menyangga liang vagina menggunakan cocor bebek,dokter lihat kondisi vagina serviks sangga liang vagina cocor bebek,F5,4,4
59,12,Selanjutnya dokter akan melakukan pemeriksaan penunjang USG,dokter laku periksa tunjang usg,F5,4,4
59,13,Nantinya pengobatan yang akan anda jalani adalah berdasarkan penyebab penyakit yang mendasari keluhan,obat jalan dasar sakit dasar keluh,F5,5,5
59,14,"Sementara, konsumsilah makanan tinggi kalori dan tinggi protein",konsumsi makan kalori protein,F5,6,6
59,15,"Hindari makanan berlemak tinggi, terutama yang mengandung lemak jahat",hindar makan lemak utama kandung lemak jahat,F5,6,6
59,16,"Berolahraga sangat anda butuhkan, yaitu olahraga dengan intensitas ringan hingga sedang dan lamanya 150 menit dalam seminggu",olahraga butuh olahraga intensitas ringan menit minggu,F5,7,7
59,17,Sediakan waktu agar anda dapat memiliki waktu tidur yang cukup dan kelolalah stres secara bijak,sedia milik tidur kelola stres bijak,F5,8,8
59,18,Demikian semoga bermanfaat,moga manfaat,F1,8,8
60,0,Halo Liea,halo liea,F1,0,0
60,1,"Haid adalah siklus alami yang dialami setiap wanita, normalnya haid berlangsung 2 - 7 hari dengan interval setiap 21 - 35 hari sekali",haid siklus alami alami wanita normal haid langsung interval,F3,0,0
60,2,"Untuk merencanakan kehamilan, wanita dapat menggunakan berbagai metode atau alat KB",rencana hamil wanita metode alat kb,F3,1,1
60,3,Salah satunya KB hormonal (pil dan suntik),salah kb hormonal pil suntik,F3,1,1
60,4,"Pada wanita yang menggunakan pil KB, beberapa efek samping yang dapat terjadi adalah: Mual",wanita pil kb efek samping mual,F3,2,1
60,5,Sakit kepala dan rasa tidak nyaman pada payudara,sakit kepala nyaman payudara,F3,2,2
60,6,Pendarahan secara tiba - tiba diluar masa haid,darah haid,F3,2,2
60,7,Peningkatan berat badan,tingkat berat badan,F3,3,3
60,8,Gairah seks menurun,gairah seks turun,F3,4,4
60,9,Perubahan suasana hati secara mendadak,ubah suasana hati dadak,F3,4,4
60,10,"Jika Anda mengalami gangguan menstruasi, hal ini merupakan efek samping dari pil KB",alam ganggu menstruasi rupa efek samping pil kb,F3,4,4
60,11,"Akan tetapi jika Anda ingin memastikan masalah yang terjadi pada diri Anda, ada baiknya memeriksakan diri ke dokter spesialis kandungan agar mendapat pemeriksaan dan penatalaksanaan yang lebih akurat",periksa dokter spesialis kandung periksa penatalaksanaan akurat,F5,5,5
60,12,Simak juga artikel berikut ini,simak artikel,F5,5,5
60,13,"Semoga bermanfaat, dr Yosephine",moga manfaat dr yosephine,F1,5,5
61,0,"Halo, terima kasih atas pertanyaannya untuk Alodokter",halo terima kasih alodokter,F1,0,0
61,1,Pada dasarnya obat - obatan yang anda sebutkan adalah obat - obatan yang tergolong obat bebas dan obat bebas terbatas,dasar obat obat obat obat golong obat bebas obat bebas batas,F3,1,1
61,2,"Obat - obatan golongan ini dapat anda konsumsi sendiri tanpa memerlukan resep dari dokter, namun anda perlu memperhatikan dengan baik aturan minum, kontraindikasi, dan peringatan yang tercantum dalam kemasan obat",obat obat golong konsumsi resep dokter hati atur minum kontraindikasi cantum kemas obat,F3,1,1
61,3,"Sebaiknya anda menjelaskan terlebih dahulu, Bodrex jenis apa yang hendak anda konsumsi dan Siladex jenis apa yang hendak anda konsumsi",bodrex jenis konsumsi siladex jenis konsumsi,F5,1,1
61,4,Kedua merek obat ini memiliki berbagai varian yang kandungan bahan aktif di dalamnya juga berbeda - beda,merek obat milik varian kandung bahan aktif beda beda,F5,1,1
61,5,"Anda boleh meminum kedua obat bersama - sama, selama Bodrex yang anda konsumsi bukan Bodrex flu dan batuk",minum obat bodrex konsumsi bodrex flu batuk,F5,1,1
61,6,"Bila anda ragu apakah terdapat kandungan bahan aktif yang sama pada kedua obat yang hendak anda konsumsi, anda dapat membaca komposisi kedua obat atau anda dapat menanyakan secara langsung pada apoteker di apotek tempat anda membeli obat",ragu kandung bahan aktif obat konsumsi baca komposisi obat langsung apoteker apotek beli obat,F4,1,1
61,7,"Sekian informasi dari saya, semoga cukup menjawab",sekian informasi moga,F1,1,1
62,0,Hai Habzy,hai habzy,F1,0,0
62,1,"Kram perut atau kontraksi yang muncul saat kehamilan memang seringkali terjadi, kontraksi pada rahim dapat dibedakan menjadi kontraksi braxton hicks atau kontraksi palsu dan kontraksi sungguhan",kram perut kontraksi muncul hamil seringkali kontraksi rahim beda kontraksi braxton hicks kontraksi palsu kontraksi sungguh,F3,0,0
62,2,Kontraksi palsu sering muncul setelah usia 6 minggu dan hanya terjadi beberapa detik dan akan hilang dengan sendirinya saat kita berubah posisi,kontraksi palsu muncul usia minggu detik hilang ubah posisi,F3,0,0
62,3,"Namun kontraksi yang tidak hilang dan berkelanjutan juga mendekati masa kelahiran yaitu diatas 37 minggu, dapat menjadi tanda persalinan",kontraksi hilang lahir minggu tanda salin,F3,0,0
62,4,Kontraksi ini berguna untuk mendorong kepala bayi masuk ke dalam pintu panggul bawah dan memicu pembukaan pada mulut rahim,kontraksi dorong kepala bayi masuk pintu panggul picu buka mulut rahim,F3,1,0
62,5,Apabila istri Anda merasakan kontraksi yang kontinu dan sering segera bawa ke rumah sakit untuk menilai adakah tanda persalinan yang mungkin terjadi,istri kontraksi kontinu bawa rumah sakit nilai tanda salin,F5,1,0
62,6,Simak ulasan berikut : Cara membedakan kontraksi palsu dan sungguhan,simak ulas beda kontraksi palsu sungguh,F5,1,0
62,7,"semoga bermanfaat, dr Tantya",moga manfaat dr tantya,F1,1,0
63,0,Hai,hai,F1,0,0
63,1,"Penyebab batuk diantaranya adalah: alergi, misalnya terhadap debu, infeksi virus atau bakteri, tuberkulosis, bronkhitis, pneumonia, naiknya asam lambung, efek samping obat, seperti obat anti hipertensi",batuk alergi hadap debu infeksi virus bakteri tuberkulosis bronkhitis pneumonia asam lambung efek samping obat obat anti hipertensi,F3,0,0
63,2,"Cobalah untuk mengenakan masker saat berada di lingkungan dengan polusi udara cukup tinggi, sehingga tidak menimbulkan iritasi pada saluran pernafasan",coba kena masker lingkung polusi udara timbul iritasi salur nafas,F5,0,0
63,3,"Perbanyak minum air mineral, tidak merokok, dan memiliki waktu istirahat cukup",minum air mineral rokok milik istirahat,F5,0,0
63,4,"Untuk mengetahui apakah diperlukan Mengonsumsi obat TB, disarankan agar Anda periksa ke dokter terlebih dahulu",konsumsi obat tb saran periksa dokter,F5,1,1
63,5,"Pemeriksaan fisik dengan mengetahui riwayat kesehatan Anda sebelumnya, serta tes penunjang seperti sinar X atau tes darah, dapat membantu untuk mengetahui penyebab batuk",periksa fisik riwayat sehat tes tunjang sinar x tes darah bantu batuk,F5,1,1
63,6,Penanganan yang tepat akan diberikan sesuai dengan penyebabnya,tangan sesuai,F5,1,1
63,7,"Semoga bermanfaat, dr Jessica Winoto",moga manfaat dr jessica winoto,F1,1,1
64,0,"Hai Debby, terima kasih atas pertanyaannya, saya akan bantu menjawab",hai debby terima kasih bantu,F1,0,0
64,1,"Menurut keterangan dari Anda, sangat kecil kemungkinan Anda menjadi hamil, meskipun tidak menutup kemungkinan bisa terjadi kehamilan",terang hamil tutup hamil,F4,1,1
64,2,Untuk itu dibawah ini adalah tanda - tanda yang dapat dijumpai pada kehamilan: 1 Bercak darah,tanda tanda jumpa hamil bercak darah,F3,1,1
64,3,2 Kram perut,kram perut,F3,2,2
64,4,"3 Perubahan payudara (payudara menjadi lebih keras, nyeri, area sekitar puting susu menjadi lebih gelap, dan lain - lain)",ubah payudara payudara keras nyeri area puting susu gelap,F3,2,2
64,5,4 Lelah,lelah,F3,2,2
64,6,5 Mual (morning sickness),mual morning sickness,F3,2,2
64,7,6 Terlambat datang bulan,lambat,F3,2,2
64,8,"Pada sebagian besar wanita hamil akan mengalami terlambat datang bulan, tetapi pada beberapa wanita dapat pula timbul perdarahan",wanita hamil alam lambat wanita timbul darah,F3,2,2
64,9,"7 Sering berkemih, sembelit",kemih sembelit,F3,2,2
64,10,8 Perubahan emosi,ubah emosi,F3,2,2
64,11,"9 Sakit kepala, nyeri pinggang",sakit kepala nyeri pinggang,F3,2,2
64,12,"10 Pusing, pingsan dan lain sebagainya",pusing pingsan,F3,2,2
64,13,"Untuk memastikan adanya kehamilan, Anda dapat melakukan tes kehamilan atau memeriksakan diri ke dokter",hamil laku tes hamil periksa dokter,F5,3,3
64,14,Semoga membantu,moga bantu,F1,3,3
65,0,Hai,hai,F1,0,0
65,1,"Keluhan batuk tersebut dapat disebabkan oleh: alergi, misalnya terhadap debu tuberkulosis bronkhitis merokok, penyakit paru obstruktif kronis sinusitis",keluh batuk alergi hadap debu tuberkulosis bronkhitis rokok sakit paru obstruktif kronis sinusitis,F4,0,0
65,2,Bisa saja kondisi tersebut merupakan sinusitis,kondisi rupa sinusitis,F3,0,0
65,3,"Gejala - gejala sinusitis diantaranya: hidung tersumbat atau berair, batuk, sakit kepala, nyeri tekan pada wajah, Sinusitis akut biasanya disebabkan oleh virus, dan sering dapat sembuh dengan sendirinya",gejala gejala sinusitis hidung sumbat air batuk sakit kepala nyeri tekan wajah sinusitis akut virus sembuh,F3,0,0
65,4,"Diagnosa sinusitis ditegakkan melalui pemeriksaan fisik oleh dokter, disertai pemeriksaan penunjang seperti sinar X atau CT scan",diagnosa sinusitis tegak periksa fisik dokter periksa tunjang sinar x ct scan,F3,1,0
65,5,Usahakan untuk perbanyak minum air mineral,usaha minum air mineral,F5,1,1
65,6,Hindari merokok,hindar rokok,F5,1,1
65,7,Konsumsi makanan bergizi secara teratur,konsumsi makan gizi atur,F5,1,1
65,8,Kurangi makanan berlemak,makan lemak,F5,1,1
65,9,Memiliki waktu istirahat yang cukup,milik istirahat,F5,1,1
65,10,"Jika gejala belum membaik, disarankan agar Anda periksa ke dokter atau dokter spesialis THT",gejala saran periksa dokter dokter spesialis tht,F5,2,2
65,11,"Pemeriksaan keseluruhan yang dilakukan, dengan mengetahui gejala - gejala yang dialami, dapat membantu mengetahui penyebab dan dapat segera diberikan penanganan yang tepat",periksa laku gejala gejala alami bantu tangan,F5,2,2
65,12,Halaman berikut membahas Batuk,halaman bahas batuk,F5,2,2
65,13,"Semoga bermanfaat, dr Jessica",moga manfaat dr jessica,F1,2,2
66,0,"Halo Emna, terima kasih atas pertanyaannya",halo emna terima kasih,F1,0,0
66,1,"Sejatinya, semua bayi bisa minum obat asalkan dibiasakan sejak dini",sejati bayi minum obat,F4,1,1
66,2,"Tentu, tidak ada orang tua yang menginginkan bayinya sakit",orang tua bayi sakit,F4,1,1
66,3,"Namun, bila tidak diajarkan minum obat, maka jika sakit, tentu bayi Anda bisa lebih sulit disembuhkan",ajar minum obat sakit bayi sulit sembuh,F4,1,1
66,4,Kebanyakan bayi muntah sehabis minum obat karena menangis berlebihan,bayi muntah habis minum obat tangis,F3,2,1
66,5,"Bisa juga, bayi muntah akibat tersedak, banyak gas yang masuk ke saluran cernanya, habis menyusu, atau batuk - batuk",bayi muntah akibat sedak gas masuk salur cerna habis susu batuk batuk,F3,2,1
66,6,"Pada kasus yang jarang, muntah sehabis minum obat juga bisa mengindikasikan suatu penyakit, misalnya infeksi pencernaan, dispepsia, radang usus, infeksi virus atau bakteri pada sistem organ lain, alergi obat, dan sebagainya",jarang muntah habis minum obat indikasi sakit infeksi cerna dispepsia radang usus infeksi virus bakteri sistem organ alergi obat,F3,3,2
66,7,"Agar bayi Anda lebih mudah minum obat, baiknya Anda upayakan dahulu langkah berikut: Minta pada dokter agar diberikan obat yang tidak terlalu pahit, tidak juga berasa terlalu tajam",bayi mudah minum obat upaya langkah dokter obat pahit tajam,F5,4,3
66,8,"Sebelum memberi obat, usahakan jangan menyusui bayi terlalu banyak, beri jeda antara minum obat dengan menyusui setidaknya 15 menit",obat usaha susu bayi jeda minum obat susu menit,F5,4,3
66,9,Perhatikan dengan baik cara dan dosis pemberian obat sesuai saran dokter,perhati dosis obat sesuai saran dokter,F5,4,3
66,10,"Jangan beri bayi obat saat sedang menangis sangat kuat, tenangkan dahulu ia",bayi obat tangis kuat tenang,F5,4,4
66,11,"Saat memberi obat, posisikan kepala dan dada bayi lebih tinggi, jangan ditidurkan terlalu datar",obat posisi kepala dada bayi tidur datar,F5,4,4
66,12,"Beri obat sedikit demi sedikit, misalnya dengan meneteskan menggunakan pipet, jangan langsung banyak",obat tetes pipet langsung,F5,4,4
66,13,"Bila bayi menangis, hentikan dahulu sebentar, baru diberikan lagi setelah bayi tenang",bayi tangis henti sebentar bayi tenang,F5,4,4
66,14,Jangan menutup hidung bayi saat memberi obat supaya tidak tersedak,tutup hidung bayi obat sedak,F5,4,4
66,15,"Usai obat masuk, sendawakan bayi",obat masuk sendawa bayi,F5,4,4
66,16,"Jika saat muntah, hanya sebagian kecil obat yang keluar, Anda tidak perlu mengulangi lagi pemberian obat ini",muntah obat ulang obat,F5,5,5
66,17,Cukup lanjutkan pemberian obat di jadwal lain sesuai yang dokter anjurkan,obat jadwal sesuai dokter anjur,F5,5,5
66,18,"Akan tetapi, jika usai melakukan saran di atas bayi Anda tetap sering muntah - muntah, jangan sungkan periksakan kembali ia ke dokter atau dokter spesialis anak agar diberikan penanganan yang tepat ya",laku saran bayi muntah muntah sungkan periksa dokter dokter spesialis anak tangan ya,F5,6,6
66,19,Semoga membantu,moga bantu,F1,6,6
67,0,Halo Cintya,halo cintya,F1,0,0
67,1,terima kasih atas pertanyaannya,terima kasih,F1,0,0
67,2,"Sakit kepala, perut agak mual, dan lemas yang juga disertai dengan demam (suhu tubuh di atas 37, 5 derajat Celsius) yang baru muncul sejak satu hari terakhir dapat disebabkan oleh banyak hal, seperti: Migrain",sakit kepala perut mual lemas demam suhu tubuh derajat celsius muncul migrain,F3,1,1
67,3,Dehidrasi,dehidrasi,F3,1,1
67,4,Sindrom dispepsia,sindrom dispepsia,F3,1,1
67,5,Keracunan makanan,racun makan,F3,2,2
67,6,Efek samping obat - obatan,efek samping obat obat,F3,2,2
67,7,"Apabila demam masih berlanjut selama beberapa hari, maka kemungkinan demam berdarah dan demam tifoid perlu dipertimbangkan",demam demam darah demam tifoid timbang,F3,3,3
67,8,Pada dasarnya program hamil adalah program yang bertujuan untuk mengevaluasi riwayat kesehatan Anda dan suami secara lengkap sehingga apabila terdapat gangguan atau penyakit tertentu dapat segera ditangani dan Anda dan suami bisa dalam kondisi yang prima untuk mempersiapkan kehamilan,dasar program hamil program tuju evaluasi riwayat sehat suami lengkap ganggu sakit tangan suami kondisi prima hamil,F4,4,4
67,9,"Apabila Anda dan suami sehat, pada dasarnya hal yang dilakukan pada program hamil adalah mencukupi kebutuhan nutrisi harian termasuk suplemen vitamin dan mineral (terutama asam folat bagi calon ibu hamil), menjaga berat badan ideal, dan menjalani pola hidup yang sehat",suami sehat dasar laku program hamil butuh nutrisi masuk suplemen vitamin mineral utama asam folat calon hamil jaga berat badan ideal jalan pola hidup sehat,F4,4,4
67,10,"Sehingga, program hamil ini sendiri relatif tidak berkaitan dengan kondisi yang Anda alami, kecuali apabila Anda sedang mengonsumsi suplemen atau obat baru dalam beberapa hari terakhir, yang mana dapat memberikan efek samping tertentu",program hamil relatif kait kondisi alami kecuali konsumsi suplemen obat efek samping,F4,4,5
67,11,Berikut merupakan anjuran yang dapat Anda lakukan di rumah: Istirahat yang cukup,rupa anjur laku rumah istirahat,F5,4,5
67,12,"Minum obat pereda nyeri seperti parasetamol, setiap 6 - 8 jam sehari untuk meringankan sakit kepala dan mengurangi demam",minum obat reda nyeri parasetamol jam ringan sakit kepala demam,F5,5,5
67,13,Cukupi kebutuhan nutrisi sehat dan bergizi dan air putih 2 - 3 liter per hari,butuh nutrisi sehat gizi air putih liter,F5,6,5
67,14,"Mengurangi makanan asam, pedas, banyak lemak atau goreng - gorengan, kafein, minuman bersoda, dan alkohol",makan asam pedas lemak goreng goreng kafein minum soda alkohol,F5,6,6
67,15,Menghindari merokok,hindar rokok,F5,6,6
67,16,Olahraga 3 - 5x per minggu dan kelola stres dengan baik,olahraga x minggu kelola stres,F5,7,7
67,17,Semoga informasi ini dapat membantu,moga informasi bantu,F1,7,7
67,18,Salam,salam,F1,7,7
68,0,"Halo tika feby, terima kasih atas pertanyaannya untuk Alodokter",halo tika feby terima kasih alodokter,F1,0,0
68,1,Salah satu penyebab tersering menstruasi terlambat adalah kehamilan,salah menstruasi lambat hamil,F4,1,1
68,2,"Meskipun demikian, ada juga kondisi - kondisi lain yang menyebabkan keterlambatan menstruasi, diantaranya adalah: sedang mengalami stres mental ataupun emosional, mengalami gangguan makan, dan sedang diet ketat, mengalami peningkatan ataupun penurunan berat badan yang berlebihan, melakukan olahraga secara berlebihan, menggunakan kontrasepsi hormonal, efek samping obat - obatan tertentu, penyakit sistemik lainnya seperti gangguan hormon tiroid, diabetes, infeksi luas PCOS",kondisi kondisi lambat menstruasi alam stres mental emosional alam ganggu makan diet ketat alam tingkat turun berat badan laku olahraga kontrasepsi hormonal efek samping obat obat sakit sistemik ganggu hormon tiroid diabetes infeksi luas pcos,F3,1,1
68,3,Langkah awal yang disarankan untuk dilakukan adalah memastikan bahwa keterlambatan menstruasi tersebut disebabkan oleh kehamilan atau bukan,langkah saran laku lambat menstruasi hamil,F5,2,2
68,4,"Oleh karena itu, sebaiknya anda melakukan pemeriksaan kehamilan terlebih dahulu dengan menggunakan testpack",laku periksa hamil testpack,F5,2,2
68,5,Lakukan pemeriksaan dengan menggunakan kencing pertama di pagi hari agar hasilnya lebih akurat dan jangan membaca hasilnya lebih dari 5 menit sejak dicelupkan,laku periksa kencing pagi hasil akurat baca hasil menit celup,F5,2,2
68,6,"Bila hasilnya positif, berarti anda memang sedang hamil",hasil positif arti hamil,F5,2,2
68,7,Segera rencanakan kontrol kehamilan di dokter atau bidan anda dan mulailah minum vitamin kehamilan secara teratur,rencana kontrol hamil dokter bidan minum vitamin hamil atur,F5,2,2
68,8,"Bila hasilnya negatif, anda dapat memastikannya dengan mengulang test 3 - 7 hari kemudian bila anda belum juga menstruasi",hasil negatif ulang test menstruasi,F5,2,2
68,9,"Bila hasilnya tetap negatif, maka keterlambatan menstruasi disebabkan oleh hal lainnya",hasil negatif lambat menstruasi,F5,2,2
68,10,Sebaiknya anda memeriksakan diri ke dokter untuk dicari tahu lebih lanjut penyebab keterlambatan menstruasi anda,periksa dokter cari lambat menstruasi,F5,2,2
68,11,"Beberapa hal yang dapat anda lakukan antara lain: kurangi stres, makan secara teratur dalam jumlah yang cukup, jangan terlalu banyak, jangan terlalu sedikit, olahraga secara rutin dalam intensitas yang secukupnya saja, tidur dan istirahat secukupnya, konsultasikan penggunaan obat - obatan tertentu dengan dokter anda",laku stres makan atur olahraga rutin intensitas tidur istirahat konsultasi obat obat dokter,F5,2,2
68,12,"Sekian informasi dari saya, semoga cukup menjawab dr irna cecilia",sekian informasi moga dr irna cecilia,F1,2,2
69,0,Siti yang baik,siti,F1,0,0
69,1,wanita pada usia subur akan mengalami siklus menstruasi setiap 21 - 35 hari terhitung dari hari pertama haid terakhir dengan lama durasi berkisar antara 3 - 7 hari,wanita usia subur alam siklus menstruasi hitung haid durasi kisar,F3,0,0
69,2,Rentang normal ini sering sekali berbeda dengan kenyataan yang terjadi di lapangan,rentang normal beda nyata lapang,F3,0,0
69,3,"Banyak wanita mengeluhkan kondisi dimana siklus haidnya mengalami hambatan, baik datang terlalu cepat, terlalu lambat, atau bahkan tidak datang sama sekali",wanita keluh kondisi siklus haid alam hambat cepat lambat,F3,0,0
69,4,Kondisi ini bisa terjadi karena menstruasi dipengaruhi oleh hormon reproduksi yang bisa menjadi tidak stabil,kondisi menstruasi pengaruh hormon reproduksi stabil,F3,0,1
69,5,"oleh karena : kehamilan, proses menyusui, penggunaan kontrasepsi terutama yang hormonal, pola makan dan gaya hidup, stres psikis, penyakit tiroid, penyakit kista ovarium",hamil proses susu kontrasepsi utama hormonal pola makan gaya hidup stres psikis sakit tiroid sakit kista ovarium,F3,1,1
69,6,"Kebanyakan gangguan haid ini bisa terjadi oleh karena faktor yang ringan, dan oleh karenanya dapat sembuh dengan sendirinya",ganggu haid faktor ringan sembuh,F3,2,2
69,7,"Namun bila kondisi yang menimpa Anda disertai gejala lain seperti nyeri, atau keluhan tak kunjung membaik, jangan ragu memeriksakan diri ke dokter untuk mendapatkan penanganan yang terbaik",kondisi timpa gejala nyeri keluh kunjung ragu periksa dokter tangan,F5,2,2
69,8,Berikut kami lampirkan artikel mengenai menstruasi tidak lancar,lampir artikel kena menstruasi lancar,F5,2,2
69,9,Semoga bermanfaat,moga manfaat,F1,2,2
69,10,dr N K Arief,dr n k arief,F1,3,3
70,0,Halo Kristowati,halo kristowati,F1,0,0
70,1,terima kasih atas pertanyaan anda,terima kasih,F1,0,0
70,2,"Sakit pinggang dan nyeri pada tulang ekor selama kehamilan sering kali menjadi permasalahan yang dikeluhkan oleh ibu hamil, terutama pada kehamilan trimester awal serta trimester akhir",sakit pinggang nyeri tulang ekor hamil kali keluh hamil utama hamil trimester trimester,F3,0,0
70,3,"Hal ini kemungkinan disebabkan oleh perubahan hormonal selama kehamilan yang menyebabkan otot yang melindungi tulang ekor mengalami relaksasi (tulang ekor kelihangan struktur yang menstabilisasi tulang tersebut), pertambahan berat badan selama kehamilan (biasanya pada awal kehamilan terjadi perubahan berat badanyang signifikan), perubahan pusat gravitasi tubuh karena penambahan berat badan (terutama untuk menyesuaikan postur ketika berdiri dan berjalan)",ubah hormonal hamil otot lindung tulang ekor alam relaksasi tulang ekor kelihangan struktur stabilisasi tulang berat badan hamil hamil ubah berat badanyang signifikan ubah pusat gravitasi tubuh berat badan utama suai postur jalan,F3,0,0
70,4,Nyeri bisa berlangsung cukup singkat atau nyeri dirasakan berulang,nyeri langsung singkat nyeri ulang,F3,0,0
70,5,"Berikut beberapa hal anda dapat lakukan di rumah untuk mengurangi nyeri ini, seperti melakukan olahraga ringan (berjalan kaki, berenang, atau melakukan senam kehamilan, namun harus dilakukan secara perlahan), sebaiknya anda menghindari perubahan posisi yang terlalu cepat (misalnya dari posisi duduk atau dari posisi berbaring ke posisi berdiri), sebaiknya anda menggunakan bantal penyangga punggung saat berbaring atau duduk untuk mengurangi tekanan pada tulang, biasakan posisikan tidur menyamping ke kiri, dan hindari penggunaan sepatu dengan hak tinggi",laku rumah nyeri laku olahraga ringan jalan kaki renang laku senam hamil laku perlahan hindar ubah posisi cepat posisi duduk posisi baring posisi bantal sangga punggung baring duduk tekan tulang posisi tidur samping kiri hindar sepatu hak,F3,1,1
70,6,"Untuk mengurangi nyeri pada tulang ekor anda, anda dapat melakukan kompres hangat di area tulang ekor yang sakit",nyeri tulang ekor laku kompres hangat area tulang ekor sakit,F3,1,2
70,7,Penggunaan obat antinyeri seperti paracetamol masih cukup aman selama kehamilan,obat antinyeri paracetamol aman hamil,F3,2,2
70,8,"Jika keluhan nyeri yang anda alami tidak kunjung menghilang atau disertai dengan munculnya gejala lain, seperti perdarahan atau keputihan abnormal dari vagina, nyeri saat berkemih dan perubahan warna urin, atau anda mengalami demam, maka periksakanlah diri ke dokter kandungan",keluh nyeri alami kunjung hilang muncul gejala darah putih abnormal vagina nyeri kemih ubah warna urin alam demam periksa dokter kandung,F5,2,2
70,9,Dokter nantinya akan memastikan kondisi kesehatan anda dan janin dengan melakukan pemeriksaan fisik serta USG,dokter kondisi sehat janin laku periksa fisik usg,F5,2,3
70,10,"Setelah mengetahui penyebabnya, dokter akan menentukan langkah pengobatan yang tepat",dokter langkah obat,F5,3,3
70,11,"Hindari konsumsi obat - obatan tanpa instruksi dokter, termasuk pula obat antinyeri yang dijual bebas di warung ataupun apotek",hindar konsumsi obat obat instruksi dokter masuk obat antinyeri jual bebas warung apotek,F5,3,3
70,12,"Jika anda memiliki keluhan serupa sebelumnya saat hamil, sebaiknya anda menjelaskan kondisi ini pada dokter kandungan anda",milik keluh rupa hamil kondisi dokter kandung,F5,3,3
70,13,Semoga jawaban ini membantu anda,moga bantu,F1,4,3
70,14,"terima kasih, dr Aldy Valentino",terima kasih dr aldy valentino,F1,4,4
71,0,Halo Mitaas,halo mitaas,F1,0,0
71,1,terima kasih atas pertanyaan Anda,terima kasih,F1,0,0
71,2,"Perlu Anda ketahui sebelumnya bahwa menstruasi yang sebagian besar dialami oleh wanita, dimana hal ini merupakan suatu proses meluruhnya dinding dalam rahim yang keluar melalui vagina berupa darah, mempunyai ciri - ciri normal",menstruasi alami wanita rupa proses luruh dinding rahim vagina rupa darah ciri ciri normal,F3,1,1
71,3,"Berikut ini beberapa ciri - ciri normal dari menstruasi, yaitu: terjadinya menstruasi selama 3 hari sampai dengan 7 hari, siklus menstruasi antara 21 hari sampai dengan 35 hari, darah yang keluar melalui vagina jumlahnya kurang lebih 40 ml",ciri ciri normal menstruasi menstruasi siklus menstruasi darah vagina ml,F3,1,1
71,4,"Jika menstruasi yang terjadi di luar dari ciri - ciri yang telah disebutkan diatas, maka dapat dikategorikan sebagai menstruasi yang tidak teratur atau tidak lancar, di mana hal ini paling sering disebabkan oleh karena stres psikologis",menstruasi ciri ciri kategori menstruasi atur lancar stres psikologis,F3,1,1
71,5,"Selain oleh karena stres psikologis, menstruasi yang tidak teratur atau tidak lancar juga disebabkan oleh: kelelahan yang sangat, sindrom ovarium polikistik, Obesitas, kista ovarium, penurunan berat badan yang sangat ekstrim, gangguan pada kelenjar tiroid, kekurangan nutrisi atau gizi",stres psikologis menstruasi atur lancar lelah sindrom ovarium polikistik obesitas kista ovarium turun berat badan ekstrim ganggu kelenjar tiroid nutrisi gizi,F3,1,1
71,6,"Kami sangat menyarankan kepada Anda untuk menemui dokter spesialis kebidanan dan kandungan, dan mendiskusikan masalah ini, agar Anda dapat dilakukan serangkaian pemeriksaan lebih lanjut, sehingga akhirnya segala sesuatunya terang dan jelas",saran temu dokter spesialis bidan kandung diskusi laku rangkai periksa terang,F5,2,2
71,7,Klik artikel dibawah ini yang sesuai dengan pertanyaan Anda : MENSTRUASI,klik artikel sesuai menstruasi,F5,2,2
71,8,"Demikian penjelasan yang dapat kami sampaikan, semoga bermanfaat",moga manfaat,F1,2,2
71,9,"Salam, dr Jati",salam dr jati,F1,2,2
72,0,Halo,halo,F1,0,0
72,1,terima kasih atas pertanyaan yang disampaikan ke Alodokter,terima kasih alodokter,F1,0,0
72,2,Kami dapat memahami kekhawatiran yang Anda rasakan,paham khawatir,F1,0,0
72,3,Produk yang Anda sebutkan merupakan obat bermerk dengan kandungan zat aktif berupa paracetamol dan kafein,produk rupa obat bermerk kandung zat aktif rupa paracetamol kafein,F4,1,1
72,4,Obat ini tergolong sebagai obat bebas,obat golong obat bebas,F4,1,1
72,5,"Penggunaannya dapat ditujukan untuk membantu meredakan demam, sakit kepala, sakit gigi, dan nyeri dengan intensitas ringan",tuju bantu reda demam sakit kepala sakit gigi nyeri intensitas ringan,F4,2,2
72,6,"Secara umum, obat ini dapat ditoleransi dengan baik oleh sebagian besar pasien jika diminum sesuai dosis dan aturan pakai yang tertera pada kemasan obat",obat toleransi pasien minum sesuai dosis atur pakai tera kemas obat,F4,3,3
72,7,"Efek samping yang perlu diperhatikan adalah reaksi alergi terhadap paracetamol atau kandungan lain dalam produk tersebut, serta gangguan hati yang terutama dapat terjadi bila obat ini dikonsumsi melebihi dosis yang dianjurkan",efek samping perhati reaksi alergi hadap paracetamol kandung produk ganggu hati utama obat konsumsi dosis anjur,F6,3,3
72,8,Tidak menutup kemungkinan bahwa keluhan Anda terjadi karena penyakit / gangguan kesehatan yang Anda alami,tutup keluh sakit ganggu sehat alami,F4,3,3
72,9,"Akan tetapi, kemungkinan reaksi alergi terhadap obat juga belum dapat disingkirkan",reaksi alergi hadap obat singkir,F4,3,3
72,10,"Untuk sementara waktu, Anda dapat menghentikan dahulu konsumsi obat yang dicurigai menimbulkan gejala sampai terbukti bahwa gejala terjadi bukan karena efek obat",henti konsumsi obat curiga timbul gejala bukti gejala efek obat,F5,3,3
72,11,"Selain itu, segeralah periksakan diri ke dokter untuk mendapat evaluasi dan penanganan yang diperlukan",periksa dokter evaluasi tangan,F5,3,3
72,12,Demikian informasi dari kami,informasi,F1,4,4
72,13,Mudah - mudahan senantiasa sehat,mudah mudah senantiasa sehat,F1,4,4
72,14,Semoga bermanfaat,moga manfaat,F1,4,4
73,0,Selamat malam Intan,selamat malam intan,F1,0,0
73,1,"pinggang yang disertai dengan sakit pada perut bagian bawah dapat disebabkan oleh beberapa kemungkinan, diantaranya: Infeksi saluran kemih",pinggang sakit perut infeksi salur kemih,F4,1,1
73,2,"Merupakan kondisi dimana saluran kemih (termasuk ginjal, ureter, kandung kemih dan uretra) mengalami infeksi yang paling sering disebabkan oleh infeksi bakteri",rupa kondisi salur kemih masuk ginjal ureter kandung kemih uretra alam infeksi infeksi bakteri,F3,1,1
73,3,Biasanya disertai dengan gejala nyeri saat BAK (buang air kecil) atau rasa tidak tuntas saat BAK,gejala nyeri bak buang air tuntas bak,F3,1,1
73,4,Penyakit radang panggul : peradangan organ reproduksi wanita,sakit radang panggul radang organ reproduksi wanita,F3,1,1
73,5,Kista ovarium,kista ovarium,F3,1,1
73,6,Nyeri atau kaku otot: Bisa disebabkan karena gerakan atau posisi yang salah,nyeri kaku otot gerak posisi salah,F3,1,1
73,7,HNP (Hernia Nucleus Pulposus) atau yang sering disebut dengan saraf terjepit,hnp hernia nucleus pulposus saraf jepit,F3,1,1
73,8,Cedera tulang belakang,cedera tulang,F3,1,1
73,9,"Karena Anda sudah memeriksakan diri ke dokter tetapi keluhan yang dirasakan belum kunjung membaik, maka sebaiknya segera periksakan ulang ke dokter ya",periksa dokter keluh kunjung periksa ulang dokter ya,F5,2,2
73,10,Agar dokter dapat melakukan pemeriksaan dan mengevaluasi kondisi Anda saat ini dan dokter dapat memberikan penanganan yang tepat,dokter laku periksa evaluasi kondisi dokter tangan,F5,2,2
73,11,Jika perlu maka akan dirujuk ke dokter spesialis urologi atau kandungan,rujuk dokter spesialis urologi kandung,F5,2,2
73,12,Tips - tips yang dapat dilakukan: Rutin membersihkan kelamin dengan air mengalir setiap sehabis BAK,tips tips laku rutin bersih kelamin air alir habis bak,F5,3,3
73,13,Memakai celana dalam berbahan katun sehingga dapat menyerap keringat dan tidak lembab,pakai celana bahan katun serap keringat lembab,F5,3,3
73,14,Banyak minum air putih minimal 2 liter sehari,minum air putih minimal liter,F5,3,3
73,15,Jangan suka menahan kencing,suka tahan kencing,F5,3,3
73,16,Hindari penggunaan sabun - sabun khusus pembersih alat kelamin,hindar sabun sabun khusus bersih alat kelamin,F5,3,3
73,17,"Semoga lekas sembuh, dr Natasha",moga lekas sembuh dr natasha,F1,4,4
74,0,terima kasih Tony Prisbianto atas pertanyaannya,terima kasih tony prisbianto,F1,0,0
74,1,"Sakit lambung (maag) dalam kedokteran dikenal juga dengan istilah \dispepsia\, merupakan suatu keadaan radang pada bagian dalam lambung, yang apabila radang ini terus berlanjut dapat mengikis bagian dalam lambung dan menimbulkan luka yang disebut tukak lambung",sakit lambung maag dokter kenal istilah dispepsia rupa radang lambung radang kikis lambung timbul luka tukak lambung,F3,1,1
74,2,Penyebab sakit lambung antara lain : 1 Infeksi bakteri Helicobacter pylori,sakit lambung infeksi bakteri helicobacter pylori,F3,2,2
74,3,"Infeksi oleh bakteri ini sangat umum terjadi, namun sering kali infeksi oleh bakteri ini tidak menimbulkan gejala",infeksi bakteri kali infeksi bakteri timbul gejala,F3,2,2
74,4,"Menurut para ahli kerentanan terhadap infeksi Helicobacter pylori diduga dipengaruhi oleh gaya hidup seperti kebiasaan merokok, konsumsi alkohol dan stres yang tinggi",ahli rentan hadap infeksi helicobacter pylori duga pengaruh gaya hidup rokok konsumsi alkohol stres,F3,3,3
74,5,2 Penggunaan obat antinyeri (Obat Anti Inflamasi Non Steroid / OAINS) berkepanjangan,obat antinyeri obat anti inflamasi non steroid oains,F3,3,3
74,6,"Obat - obat pereda nyeri seperti aspirin, ibuprofen, naproksen yang digunakan dalam jangka panjang dan tidak terkontrol dapat mengakibatkan radang pada lambung yang pada akhirnya dapat mengakibatkan tukak lambung",obat obat reda nyeri aspirin ibuprofen naproksen jangka kontrol akibat radang lambung akibat tukak lambung,F3,3,3
74,7,3 Konsumsi alkohol dan kopi berlebih,konsumsi alkohol kopi,F3,3,3
74,8,Alkohol bersifat iritatif sehingga dapat meningkatkan kemungkinan dan memperparah iritasi permukaan lambung,alkohol sifat iritatif tingkat parah iritasi muka lambung,F3,3,3
74,9,4 Stres emosional,stres emosional,F3,3,3
74,10,Kondisi stres dapat memicu pengeluaran asam lambung sehingga dapat mengiritasi permukaan lambung,kondisi stres picu asam lambung iritasi muka lambung,F3,3,3
74,11,5 Merokok,rokok,F3,3,3
74,12,6 dan lain - lain,,F3,4,4
74,13,Gejala sakit maag antara lain : 1 Terasa perih dan nyeri di daerah ulu hati dapat membaik atau diperburuk dengan makanan,gejala sakit maag perih nyeri daerah ulu hati buruk makan,F3,4,4
74,14,2 Perut mudah terasa penuh setelah makan,perut mudah penuh makan,F3,4,4
74,15,3 Mual,mual,F3,4,4
74,16,4 Muntah,muntah,F3,4,4
74,17,Pengobatan sakit maag tergantung penyebabnya,obat sakit maag gantung,F3,5,5
74,18,"Apabila sakit maag disebabkan oleh infeksi bakteri Helicobacter pylori, maka diperlukan pengobatan menggunakan antibiotik",sakit maag infeksi bakteri helicobacter pylori obat antibiotik,F3,5,5
74,19,"Namun apabila sakit maag Anda disebabkan oleh penyebab lain seperti akibat penggunaan OAINS, maka diperlukan obat - obat lambung seperti golongan : 1 Antasida : bersifat menetralisir asam lambung",sakit maag akibat oains obat obat lambung golong antasida sifat menetralisir asam lambung,F3,5,5
74,20,2 Antagonis H - 2 reseptor: bersifat mengurangi produksi asam lambung di sistem pencernaan,antagonis h reseptor sifat produksi asam lambung sistem cerna,F3,6,6
74,21,3 Proton Pump Inhibitor (PPI) : bersifat memblokade sel - sel di lambung yang memproduksi asam lambung,proton pump inhibitor ppi sifat blokade sel sel lambung produksi asam lambung,F3,6,6
74,22,"Tentunya pengobatan menggunakan obat - obat seperti di atas harus disertai dengan perubahan gaya hidup, seperti : 1 Makan dalam porsi yang kecil namun dengan frekuensi yang sering",obat obat obat ubah gaya hidup makan porsi frekuensi,F5,7,7
74,23,"2 Menghindari konsumsi makanan yang bersifat iritatif seperti makanan yang terlalu pedas, asam, berlemak",hindar konsumsi makan sifat iritatif makan pedas asam lemak,F5,7,7
74,24,3 Hindari konsumsi alkohol dan kopi berlebihan,hindar konsumsi alkohol kopi,F5,7,7
74,25,4 Kurangi stres pikiran,stres pikir,F5,7,7
74,26,5 Konsultasi dengan dengan dokter Anda apabila Anda ingin atau membutuhkan penggunaan obat antinyeri (OAINS) terutama bila dikonsumsi dalam jangka waktu panjang,konsultasi dokter butuh obat antinyeri oains utama konsumsi jangka,F5,7,7
74,27,Untuk informasi lebih lanjut dapat dibaca pada artikel Sakit maag,informasi baca artikel sakit maag,F5,8,8
74,28,"Demikian jawaban dari saya, semoga membantu",moga bantu,F1,9,9
74,29,"terima kasih, Andika Surya",terima kasih andika surya,F1,9,9
75,0,terima kasih telah bertanya di alodokter com,terima kasih alodokter com,F1,0,0
75,1,Kehamilan pada dasarnya merupakan suatu proses yang kompleks dimana terjadi akibat pertemuan antara sel sperma dan sel telur,hamil dasar rupa proses kompleks akibat temu sel sperma sel telur,F3,1,1
75,2,"Proses ini memerlukan berbagai faktor pendukung seperti berhubungan saat ovulasi, kekuatan sperma untuk menemui sel telur, dan lain - lain",proses faktor dukung hubung ovulasi kuat sperma temu sel telur,F3,1,1
75,3,Salah satu faktor yang meningkatkan resiko kehamilan lainnya adalah melalui hubungan intim dengan cairan ejakulat yang dikeluarkan di dalam liang vagina,salah faktor tingkat resiko hamil hubung intim cair ejakulat liang vagina,F3,1,1
75,4,"Jika cairan ejakulat dikeluarkan di luar vagina, sperma hanya dapat bertahan beberapa jam saja sehingga resiko untuk menyebabkan kehamilan lebih kecil",cair ejakulat vagina sperma tahan jam resiko hamil,F3,1,1
75,5,"Petting bisa hamil jika dilakukan dalam kondisi tertentu, terutama jika dilakukan dalam kondisi alat kelamin terbuka dan ada penetrasi sperma",petting hamil laku kondisi utama laku kondisi alat kelamin buka penetrasi sperma,F3,1,1
75,6,"Selain itu, penting untuk mempertimbangkan kembali risiko penyakit menular seksual yang tidak ringan, pada saat melakukan petting",timbang risiko sakit tular seksual ringan laku petting,F3,1,1
75,7,"Untuk mencegahnya, usahakan agar Anda menggunakan kondom saat berhubungan seksual",cegah usaha kondom hubung seksual,F5,1,1
75,8,"Semoga bermanfaat, dr Previyanti",moga manfaat dr previyanti,F1,1,1
76,0,"Halo Ibu Syafrina, terima kasih atas pertanyaannya",halo syafrina terima kasih,F1,0,0
76,1,Haid atau menstruasi adalah proses luruhnya dinding rahim karena sel telur tidak dibuahi oleh sperma,haid menstruasi proses luruh dinding rahim sel telur buah sperma,F3,1,1
76,2,"Beberapa hal yang menjadi pertimbangan ketika menstruasi adalah lamanya menstruasi, siklus menstruasi, dan jumlah perdarahan saat menstruasi",timbang menstruasi menstruasi siklus menstruasi darah menstruasi,F3,1,1
76,3,"Rata - rata lamanya menstruasi pada wanita adalah 3 - 7 hari namun bisa sedikit lebih lama pada beberapa orang, dengan siklus menstruasi 21 - 35 hari, dan jumlah darah normal yang keluar saat haid yaitu 80ml atau ganti pembalut 2 - 6 kali per hari",menstruasi wanita orang siklus menstruasi darah normal haid ml ganti balut kali,F3,1,1
76,4,Jumlah darah yang keluar ini akan terus berkurang selama periode menstruasi hingga akhirnya benar - benar berhenti,darah periode menstruasi henti,F3,1,1
76,5,Siklus menstruasi dihitung dari hari pertama menstruasi terakhir sampai dengan hari pertama menstruasi selanjutnya,siklus menstruasi hitung menstruasi menstruasi,F3,1,1
76,6,"Apabila ada gangguan dari satu atau lebih komponen - komponen menstruasi tersebut, dapat dicurigai adanya suatu kelainan",ganggu komponen komponen menstruasi curiga,F5,2,2
76,7,"Gangguan menstruasi ini paling sering disebabkan oleh perubahan hormon, akibat stres, penurunan atau kenaikan berat badan yang drastis, penggunaan alat kontrasepsi, terutama jenis kontrasepsi yang mengandung hormon seperti pil KB, suntik KB, atau implan, dan bisa juga dari faktor usia, atau faktor penyakit - penyakit lain, seperti sindrom ovarium polikistik (PCOS), endometriosis, mioma, gangguan hormon, kelainan darah, dan lain sebagainya",ganggu menstruasi ubah hormon akibat stres turun berat badan drastis alat kontrasepsi utama jenis kontrasepsi kandung hormon pil kb suntik kb implan faktor usia faktor sakit sakit sindrom ovarium polikistik pcos endometriosis mioma ganggu hormon darah,F5,2,2
76,8,"Lama menstruasi seperti yang Anda alami masih termasuk kategori normal, karena masih dalam rentang 3 - 7 hari, jumlah perdarahan yang keluar biasanya memang lebih banyak terutama pada 2 atau 3 hari pertama dibanding hari selanjutnya, dan ini merupakan hal yang normal",menstruasi alami masuk kategori normal rentang darah utama banding rupa normal,F5,2,2
76,9,"Apabila Anda merasa pola menstruasi tidak normal atau tidak seperti biasa, dapat dikonsultasikan ke dokter kandungan, dokter akan melakukan pemeriksaan langsung dan pemeriksaan tambahan bila dibutuhkan seperti laboratorium dan USG",pola menstruasi normal konsultasi dokter kandung dokter laku periksa langsung periksa butuh laboratorium usg,F5,3,3
76,10,"Untuk menjaga agar siklus menstruasi berlangsung normal, sebaiknya makan makanan yang sehat dan bergizi, jaga berat badan ideal, hindari stres, rokok, dan alkohol",jaga siklus menstruasi langsung normal makan makan sehat gizi jaga berat badan ideal hindar stres rokok alkohol,F5,3,3
76,11,"Lakukan olahraga teratur, istirahat yang cukup, dan penuhi kebutuhan cairan",laku olahraga atur istirahat penuh butuh cair,F5,3,3
76,12,"Apabila perdarahan menstruasi dirasakan sangat banyak hingga menyebabkan lemas, pucat, nyeri kepala, dan pandangan berkunang - kunang, atau disertai nyeri hebat sebaiknya jangan tunda untuk berobat ke dokter",darah menstruasi lemas pucat nyeri kepala pandang berkunang nang nyeri hebat tunda obat dokter,F5,3,3
76,13,"Demikian, semoga membantu",moga bantu,F1,3,3
77,0,Halo,halo,F1,0,0
77,1,Perdarahan yang terjadi setelah suntik Kb 3 bulan bisa terjadi akibat gangguan hormonal yang disebabkan KB suntik,darah suntik kb akibat ganggu hormonal kb suntik,F3,0,0
77,2,Jika perdarahan sangat banyak maka sebaiknya Anda memeriksakan diri kembali ke dokter untuk mendapatkan obat yang sesuai agar tidak menimbulkan komplikasi anemis / kurang darah,darah periksa dokter obat sesuai timbul komplikasi anemis darah,F5,0,0
77,3,"Pada penggunaan KB suntik memang bisa terjadi perdarahan pada saat awal penggunaan, bisa terjadi flek / spotting yang terus menerus karena proses adaptasi tubuh terhadap Kb hormonal tersebut",kb suntik darah flek spotting proses adaptasi tubuh hadap kb hormonal,F6,0,0
77,4,Jika perdarahan hanya sedikit sedikit maka biarkan tubuh Anda beradaptasi dengan KB hormonal tersebut,darah biar tubuh adaptasi kb hormonal,F5,0,0
77,5,Biasanya setelah 2 - 3 bulan penyuntikan tubuh akan beradaptasi dan perdarahan / spotting akan berhenti dengan sendirinya,suntik tubuh adaptasi darah spotting henti,F5,0,0
77,6,Namun jika perdarahan terus menerus terjadi dengan jumlah banyak maka hentikan penggunaan KB suntik (jangan suntik KB lagi) dan ganti dengan jenis kontrasepsi yang lain,darah henti kb suntik suntik kb ganti jenis kontrasepsi,F5,0,0
77,7,Anda bisa menambah suplemen penambah darah atau meminum obat penghenti darah jika perlu seperti asam tranexamat untuk menghentikan perdarahan Anda,suplemen darah minum obat henti darah asam tranexamat henti darah,F5,0,0
77,8,Baca artikel Efek samping KB suntik,baca artikel efek samping kb suntik,F5,1,1
77,9,Semoga bermanfaat,moga manfaat,F1,1,1
77,10,dr Yusi,dr yusi,F1,2,2
78,0,"Halo, terima kasih sudah bertanya ke Alodokter",halo terima kasih alodokter,F1,0,0
78,1,Perkenalkan saya dr Rio akan menjawab pertanyaan anda,kenal dr rio,F1,0,0
78,2,Penyakit pada saluran pernafasan memang sering kali dialami oleh anak dan menimbulkan kekhawatiran bagi orang tua terutama bila mempengaruhi perkembangan dan pertumbuhan anak,sakit salur nafas kali alami anak timbul khawatir orang tua utama pengaruh kembang tumbuh anak,F3,1,1
78,3,"Dari keluhan yang disampaikan, untuk memastikan diagnosa apakah anak anda mengalami TBC atau pneumonia, tentunya harus melalui beberapa pemeriksaan mulai dari wawancara mengenai keluhan yang dialami secara lengkap, pemeriksaan fisik pada anak secara langsung untuk menilai kondisinya, dan juga pemeriksaan penunjang bila diperlukan",keluh diagnosa anak alam tbc pneumonia periksa wawancara kena keluh alami lengkap periksa fisik anak langsung nilai kondisi periksa tunjang,F4,1,1
78,4,TBC atau tuberculosis merupakan penyakit yang disebabkan oleh infeksi bakteri Mycobacterium tuberculosis,tbc tuberculosis rupa sakit infeksi bakteri mycobacterium tuberculosis,F3,2,2
78,5,"Pada anak yang terinfeksi bakteri ini, akan mengalami 2 tahap yaitu tahap paparan dimana bila daya tahan tubuh anak cukup baik dapat menekan pertumbuhan bakteri sehingga tidak menimbulkan gejala, dan tahap TB aktif yang mana mulai menimbulkan gejala seperti: Batuk lama lebih dari 3 minggu yang tidak kunjung sembuh",anak infeksi bakteri alam tahap tahap papar daya tahan tubuh anak tekan tumbuh bakteri timbul gejala tahap tb aktif timbul gejala batuk minggu kunjung sembuh,F3,2,2
78,6,Demam lama,demam,F3,2,2
78,7,Tubuh lemah,tubuh lemah,F3,3,3
78,8,Kehilangan nafsu makan,hilang nafsu makan,F3,3,3
78,9,Berat badan tidak kunjung bertambah,berat badan kunjung,F3,3,3
78,10,Berkeringat di malam hari,keringat malam,F3,3,3
78,11,"Pembengkakan kelenjar getah bening, dan lain - lain",bengkak kelenjar getah bening,F3,3,3
78,12,"Namun untuk menegakkan diagnosa TBC pada anak tidaklah mudah, sehingga perlu pemeriksaan penunjang seperti pemeriksaan mantoux, pemeriksaan rontgen, dan lain - lain",tegak diagnosa tbc anak mudah periksa tunjang periksa mantoux periksa rontgen,F3,4,4
78,13,"Dalam menegakkan diagnosa TB anak juga memerlukan skoring, namun disini saya tidak bisa memastikannya karena informasi mengenai kondisi dan keluhan anak anda yang masih terbatas",tegak diagnosa tb anak skoring informasi kena kondisi keluh anak batas,F4,4,4
78,14,"Berikut sistem skoring penyakit TB anak: Walaupun sudah dilakukan vaksin BCG, hal ini bukan berarti anak tidak akan mengalami penyakit TBC",sistem skoring sakit tb anak laku vaksin bcg arti anak alam sakit tbc,F3,4,4
78,15,Anak masih bisa terinfeksi bakteri ini jika terpapar dengan bakteri Mycobacterium tuberculosis,anak infeksi bakteri papar bakteri mycobacterium tuberculosis,F3,5,5
78,16,"Begitupula dengan pneumonia, pneumonia merupakan peradangan pada paru yang disebabkan oleh infeksi virus, bakteri, ataupun jamur",begitupula pneumonia pneumonia rupa radang paru infeksi virus bakteri jamur,F3,5,5
78,17,Dan untuk menegakkan diagnosis pneumonia ini juga harus melalui pemeriksaan seperti yang sudah dijelaskan sebelumnya,tegak diagnosis pneumonia periksa,F3,5,5
78,18,"Sebaiknya yakinkan diri anda untuk mengikuti saran dari dokter anak anda, untuk menangani kondisi anak anda",saran dokter anak tangan kondisi anak,F5,6,6
78,19,Karena dokter anak yang memeriksa anak anda pasti lebih mengetahui keadaan anak anda secara langsung dan memiliki dasar atas diagnosa penyakit yang ditegakkannya,dokter anak periksa anak anak langsung milik dasar diagnosa sakit tegak,F5,6,6
78,20,Oleh karena itu sebaiknya periksakan dan konsultasikan anak anda kembali ke dokter anak yang merawatnya agar dapat diberikan penanganan segera dan tepat,periksa konsultasi anak dokter anak rawat tangan,F5,6,6
78,21,Sekian jawaban yang dapat saya berikan,sekian ikan,F1,7,7
78,22,terima kasih :),terima kasih,F1,7,7
79,0,Halo,halo,F1,0,0
79,1,"Dari informasi yang Anda berikan, mungkin saat saat ini Anda sedang mengalami infeksi kelamin / vaginitis",informasi ikan alam infeksi kelamin vaginitis,F4,0,0
79,2,"Vaginitis adalah infeksi atau peradangan yang terjadi pada daerah vagina, umumnya terjadi pada awalnya akibat keputihan, kemudian berubah menjadi iritasi atau infeksi yang disebabkan garukan",vaginitis infeksi radang daerah vagina akibat putih ubah iritasi infeksi garuk,F3,0,0
79,3,"Infeksi vaginitis ini dapat disebabkan oleh : infeksi jamur atau bakteri penyakit menular seksual seperti trikomoniasis, kandida dan herpes iritasi bahan kimia / pembersih kewanitaan membasuh bagian dalam vagina dengan air yang kurang hygienis atrofi vagina (pada penderita menopause)",infeksi vaginitis infeksi jamur bakteri sakit tular seksual trikomoniasis kandida herpes iritasi bahan kimia bersih wanita basuh vagina air hygienis atrofi vagina derita menopause,F3,0,0
79,4,"Untuk mengatasi penyakit ini, diperlukan pengobatan dari dokter",sakit obat dokter,F3,1,1
79,5,"Dokter akan meresepkan obat anti bakteri, anti jamur dan anti peradangan untuk mengatasi keluhan",dokter resep obat anti bakteri anti jamur anti radang keluh,F3,1,1
79,6,Mohon untuk berkonsultasi kembali secara langsung dengan dokter untuk mendapatkan pemeriksaan lebih mendalam dan mendapatkan pengobatan,mohon konsultasi langsung dokter periksa obat,F5,2,1
79,7,"Sebagai informasi tambahan berikut cara yang dapat Anda lakukan agar penyakit ini tidak terulang kembali: menjaga daerah vagina tetap bersih dan kering, gunakan pembesih vagina yang tidak memiliki bahan pengharum, jangan terlalu sering membersihkan vagina, dan jangan membasuh bagian dalam vagina gunakan pakaian dalam yang tidak ketat",informasi laku sakit ulang jaga daerah vagina bersih kering pembesih vagina milik bahan harum bersih vagina basuh vagina pakai ketat,F5,2,2
79,8,Demikianlah informasi yang dapat kami berikan,informasi ikan,F1,2,2
79,9,"Semoga bermanfaat, dr Mira",moga manfaat dr mira,F1,2,2
80,0,"Selamat pagi, terima kasih telah bertanya di Alodokter",selamat pagi terima kasih alodokter,F1,0,0
80,1,"Keluhan yang dialami istri Anda bisa terjadi karena beberapa kemungkinan penyakit, diantaranya adalah: Infeksi saluran kemih",keluh alami istri sakit infeksi salur kemih,F4,1,1
80,2,Batu ginjal,batu ginjal,F4,1,1
80,3,Infeksi ginjal,infeksi ginjal,F4,1,1
80,4,Saraf terjepit,saraf jepit,F4,1,1
80,5,Urethritis,urethritis,F4,2,2
80,6,Dan bisa juga beberapa kemungkinan lain tergantung dari hasil pemeriksaan,gantung hasil periksa,F4,2,2
80,7,"Saran kami sebaiknya Anda periksakan istri Anda ke dokter umum terlebih dahulu untuk dipastikan kecenderungan penyakitnya melalui serangkaian penggalian riwayat, pemeriksaan fisik dan penunjang seperti analisis urin, tes darah, dan mungkin rontgen bila dinilai perlu",saran periksa istri dokter cenderung sakit rangkai gali riwayat periksa fisik tunjang analisis urin tes darah rontgen nilai,F5,2,2
80,8,Penanganan yang akan diterimanya nanti tergantung dari hasil pemeriksaan tersebut,tangan terima gantung hasil periksa,F5,2,2
80,9,"Sementara itu, pastikan istri Anda terpenuhi kebutuhan cairan hariannya, jangan tahan keinginan berkemih, kompres hangat atau tempelkan koyo pada area yang nyeri, boleh mengonsumsi obat pereda nyeri yang dijual bebas dengan membaca aturan pakai yang tertera, batasi aktivitas fisik dan segera periksakan ke dokter",istri penuh butuh cair tahan kemih kompres hangat tempel koyo area nyeri konsumsi obat reda nyeri jual bebas baca atur pakai tera batas aktivitas fisik periksa dokter,F5,2,2
80,10,"Sekian, semoga menjawab pertanyaan Anda",sekian moga,F1,2,2
81,0,Halo,halo,F1,0,0
81,1,Apa yang Anda alami merupakan perubahan siklus menstruasi yang terjadi selama 3 periode berturut – turut,alami rupa ubah siklus menstruasi periode,F4,0,0
81,2,Lama siklus menstruasi yang normal adalah 21 sampai 35 hari,siklus menstruasi normal,F3,0,0
81,3,"Siklus menstruasi yang berubah membutuhkan perhatian khusus, terutama karena terdapat beberapa penyebab kondisi medis berikut : Kehamilan",siklus menstruasi ubah butuh perhati khusus utama kondisi medis hamil,F3,0,0
81,4,Latihan fisik / olahraga berat sehingga menghambat proses kematangan dan pelepasan sel telur,latih fisik olahraga berat hambat proses matang lepas sel telur,F3,1,1
81,5,"Gangguan keseimbangan hormon reproduksi akibat gangguan hormon tiroid, obesitas, gangguan psikologis yang berhubungan dengan kebiasaan makan (anoreksi nervosa), penurunan berat badan yang drastis ( 6 kg dalam sebulan)",ganggu imbang hormon reproduksi akibat ganggu hormon tiroid obesitas ganggu psikologis hubung makan anoreksi nervosa turun berat badan drastis kg,F3,1,1
81,6,Sindrom ovarium polikistik,sindrom ovarium polikistik,F3,2,1
81,7,Mengonsumsi / menggunakan kontrasepsi hormonal (suntik / pil),konsumsi kontrasepsi hormonal suntik pil,F3,2,1
81,8,Menopause dini,menopause,F3,2,1
81,9,Kehamilan,hamil,F3,2,2
81,10,"Sebaiknya Anda segera memeriksakan diri ke Dokter Spesialis, Kebidanan, dan Kandungan, untuk memastikan apa yang menyebabkan siklus haid Anda tidak lancar",periksa dokter spesialis bidan kandung siklus haid lancar,F5,2,2
81,11,"Dokter akan melakukan tanya jawab seputar keluhan Anda, melakukan pemeriksaan fisik dan melakukan USG perut / transvaginal",dokter laku putar keluh laku periksa fisik laku usg perut transvaginal,F3,2,2
81,12,Penanganan medis akan disesuaikan dengan diagnosis dan penyebabnya,tangan medis sesuai diagnosis,F3,2,2
81,13,Papsmear merupakan pemeriksaan leher rahim dan lendir yang mengandung sel leher rahim untuk memastikan tidak ada tanda infeksi ataupun kanker,papsmear rupa periksa leher rahim lendir kandung sel leher rahim tanda infeksi kanker,F3,3,3
81,14,Papsmear sendiri dianjurkan rutin dilakukan tiap 2 tahun sekali,papsmear anjur rutin laku,F3,4,4
81,15,"Papsmear sebaiknya dilakukan di luar masa haid, tidak berhubungan seksual minimal 2 hari sebelum pemeriksaan dan tidak melakukan pembersihan vagina dengan cairan tertentu",papsmear laku haid hubung seksual minimal periksa laku bersih vagina cair,F3,4,4
81,16,Anda boleh mendiskusikan hal ini juga kepada Dokter,diskusi dokter,F3,4,4
81,17,"Sementara itu, jagalah pola hidup Anda, lakukan gaya hidup sehat secara konsisten",jaga pola hidup laku gaya hidup sehat konsisten,F5,4,4
81,18,Jaga kebersihan organ kewanitaan Anda dengan : Bersihkan area vagina dan selangkangan dengan air bersih yang mengalir,jaga bersih organ wanita bersih area vagina selangkang air bersih alir,F5,5,5
81,19,Hindari penggunaan sabun,hindar sabun,F5,5,5
81,20,Gunakan pakaian dalam yang nyaman dan menyerap keringat,pakai nyaman serap keringat,F5,5,5
81,21,Ganti secara teratur,ganti atur,F5,6,6
81,22,Gunakan pembalut hanya ketika menstruasi dan ganti secara teratur,balut menstruasi ganti atur,F5,6,6
81,23,Baca di sini mengenai Siklus Menstruasi yang Tidak Lancar,baca kena siklus menstruasi lancar,F5,6,6
81,24,"Demikian informasi yang dapat Kami bagikan, semoga membantu Anda",informasi moga bantu,F5,7,7
81,25,"Salam sehat, dr Caecilia Haryu Aryapti",salam sehat dr caecilia haryu aryapti,F1,7,7
82,0,"Halo ameliasyuh, terima kasih telah bertanya ke Alodokter",halo ameliasyuh terima kasih alodokter,F1,0,0
82,1,"Di usianya yang menginjak 13 bulan, hasil pengukuran status gizi anak Anda normalnya ialah: Berat badan berkisar 8,1 hingga 10,4 kg Tinggi / panjang badan berkisar 72 hingga 78 cm",usia injak hasil ukur status gizi anak normal berat badan kisar kg badan kisar cm,F3,1,1
82,2,"Lingkar kepala berkisar 43 hingga 46,5 cm",lingkar kepala kisar cm,F3,1,1
82,3,"Sekilas, memang hasil pengukuran status gizi bayi Anda masih tergolong normal",kilas hasil ukur status gizi bayi golong normal,F4,1,2
82,4,"Namun, sebagaimana bisa Anda bandingkan hasil pengkuran bayi Anda dengan patokan normal seperti yang kami sebutkan di atas, berat badan bayi Anda sesungguhnya belumlah optimal",banding hasil pengkuran bayi patok normal berat badan bayi sungguh optimal,F4,1,2
82,5,"Atas landasan ini mungkin dokter menyebutkan bahwa bayi Anda kekurangan gizi, atau berisiko mengalami kekurangan gizi",landas dokter bayi gizi risiko alam gizi,F4,2,2
82,6,"Kurang gizi pada bayi kemungkinan penyebabnya ada banyak, contohnya akibat kurangnya pengetahuan orang tua tentang gizi, tingkat sosioekonomi yang rendah, sanitasi lingkungan yang buruk, atau juga karena mengidap penyakit tertentu, misalnya penyakit celiac, penyakit Crohn, infeksi kronis (seperti TB paru), keganasan, penyakit jantung bawaan, atau penyakit kronis lainnya",gizi bayi contoh akibat orang tua gizi tingkat sosioekonomi rendah sanitasi lingkung buruk idap sakit sakit celiac sakit crohn infeksi kronis tb paru ganas sakit jantung bawa sakit kronis,F3,2,3
82,7,"Tanpa memeriksa bayi Anda secara langsung, tentu tidak tepat bila kami menyimpulkan apakah bayi Anda benar mengalami kurang gizi, terancam kurang gizi, ataukan sesungguhnya tidak kekurangan gizi sama sekali",periksa bayi langsung simpul bayi alam gizi ancam gizi sungguh gizi,F3,3,4
82,8,"Lebih tepat, Anda konsultasikan langsung hasil pemeriksaan status gizi bayi Anda ke dokter atau dokter spesialis anak yang memeriksakanya",konsultasi langsung hasil periksa status gizi bayi dokter dokter spesialis anak memeriksakanya,F5,3,4
82,9,"Bila ragu, Anda bisa juga mencari second opinion dengan memeriksakan kembali bayi Anda ke dokter lainnya",ragu cari second opinion periksa bayi dokter,F5,3,4
82,10,"Supaya bayi terhindar dari kurang gizi, berikut saran kami untuk Anda: Beri bayi ASI yang cukup sesuai kebutuhan bayi seusianya",bayi hindar gizi saran bayi asi sesuai butuh bayi usia,F5,3,4
82,11,"Beri juga bayi variasi MPASI yang bernilai gizi tinggi, variasikan menu makanannya",bayi variasi mpasi nilai gizi variasi menu makan,F5,4,5
82,12,"Di sela waktu makan, beri bayi camilan yang sehat, misalnya cookies non - MSG, jus, buah potong",makan bayi camil sehat cookies non msg jus buah potong,F5,4,5
82,13,"Batasi kebiasaan memberikan bayi makanan instan, atau membiarkannya jajan sembarangan",batas bayi makan instan biar jajan sembarang,F5,4,5
82,14,"Pastikan lingkungan sekitar bayi selalu bersih, berventilasi dan berpencahayaan baik",lingkung bayi bersih ventilasi berpencahayaan,F5,5,5
82,15,Ajak bayi Anda aktif bergerak dan beraktifitas,ajak bayi aktif gerak beraktifitas,F5,5,5
82,16,Jauhkan bayi dari orang lain yang sedang mengalami sakit menular,bayi orang alam sakit tular,F5,5,5
82,17,Kontrol teratur status gizi bayi Anda ke fasilitas kesehatan terdekat,kontrol atur status gizi bayi fasilitas sehat,F5,5,5
82,18,Semoga membantu ya,moga bantu ya,F1,5,5
83,0,Halo Cha,halo cha,F1,0,0
83,1,terima kasih atas pertanyaan Anda,terima kasih,F1,0,0
83,2,Perlu Anda ketahui sebelumnya bahwa bayi yang mengalami sembelit atau susah buang air besar umumnya bukannya suatu kejadian aneh atau fatal,bayi alam sembelit susah buang air aneh fatal,F3,0,0
83,3,"Sebenarnya kondisi ini sering menimpa bayi pada umumnya, namun tidak semua orang tua paham cara mengatasi sembelit pada bayi",kondisi timpa bayi orang tua paham sembelit bayi,F3,0,0
83,4,"Jika setelah anak Anda mengonsumsi susu formula, sembelit baru dirasakan atau terjadi, maka memang kemungkinan kondisi sembelit yang dialami anak Anda dipicu oleh karena susu formula yang diberikan",anak konsumsi susu formula sembelit kondisi sembelit alami anak picu susu formula,F4,1,1
83,5,"Sekedar informasi untuk Anda, susu formula memiliki komposisi nutrisi yang berbeda dengan ASI",dar informasi susu formula milik komposisi nutrisi beda asi,F4,1,1
83,6,Perbedaan komposisi ini kemudian menyebabkan susu formula lebih susah dicerna daripada air susu ibu,beda komposisi susu formula susah cerna air susu,F4,1,1
83,7,Hal inilah yang akhirnya menyebabkan feses bayi lebih keras sehingga rentan menyebabkan sembelit,feses bayi keras rentan sembelit,F4,1,1
83,8,"Solusi yang terbaik adalah dengan menemui dokter spesialis penyakit Anak, dan mendiskusikan masalah ini, agar anak Anda dapat dilakukan serangkaian pemeriksaan lebih lanjut, sehingga dokter dapat merekomendasikan susu formula apa yang tepat untuk anak Anda",solusi temu dokter spesialis sakit anak diskusi anak laku rangkai periksa dokter rekomendasi susu formula anak,F5,2,2
83,9,"Untuk lebih jelasnya, klik artikel di bawah ini : SEMBELIT PADA ANAK",klik artikel sembelit anak,F5,2,2
83,10,"Demikian penjelasan yang dapat kami sampaikan, semoga bermanfaat",moga manfaat,F1,2,2
83,11,"Salam, dr Jati",salam dr jati,F1,2,2
84,0,"Halo, terima kasih sudah bertanya di alodokter com",halo terima kasih alodokter com,F1,0,0
84,1,"Keluhan yang Anda alami berupa garis merah pada paha dan perut dapat berupa stretch mark, selain itu garis merah dapat disebabkan berbagai hal seperti: â€¢ Stretch mark",keluh alami rupa garis merah paha perut rupa stretch mark garis merah stretch mark,F4,1,1
84,2,â€¢ Varises,varises,F4,1,1
84,3,â€¢ Iritasi,iritasi,F4,1,1
84,4,â€¢ Luka akibat goresan,luka akibat gores,F4,1,1
84,5,"Stretch mark biasanya berbentuk seperti guratan garis - garis pada kulit, warnanya bervariasi dan berbeda dari warna kulit, seperti keunguan, merah muda, cokelat muda, sampai abu - abu terang",stretch mark bentuk gurat garis garis kulit warna variasi beda warna kulit ungu merah muda cokelat muda abu abu terang,F3,1,1
84,6,Stretch mark ini muncul sebagai akibat dari peregangan kulit dan pengaruh hormon kortisol,stretch mark muncul akibat regang kulit pengaruh hormon kortisol,F3,2,2
84,7,Hormon kortisol merupakan suatu hormon yang diproduksi oleh kalenjar adrenal yang memiliki pengaruh pada perubahan kulit,hormon kortisol rupa hormon produksi kalenjar adrenal milik pengaruh ubah kulit,F3,2,2
84,8,"Umumnya keluhan ini muncul pada area tubuh yang memiliki banyak lemak sperti payudara, perut, paha, dan bokong",keluh muncul area tubuh milik lemak sperti payudara perut paha bokong,F3,2,2
84,9,"Stretch mark bisa terjadi pada ibu hamil, pubertas, orang yang mengalami peningkatan berat badan, penggunaan obat golongan kortikosteroid dalam jangka waktu lama, orang dengan penyakit tertentu",stretch mark hamil pubertas orang alam tingkat berat badan obat golong kortikosteroid jangka orang sakit,F3,3,3
84,10,"Stretch mark umumnya tidak berbahaya, bisa hilang dengan sendirinya, dan menimbulkan gejala ringan seperti gatal",stretch mark bahaya hilang timbul gejala ringan gatal,F3,3,3
84,11,"Untuk mengurangi keluhan, dapat dilakukan dengan penggunaan krim, mikrodermabrasi, terapi laser, atau operasi kosmetik",keluh laku krim mikrodermabrasi terapi laser operasi kosmetik,F3,3,3
84,12,"Stretch mark merupakan salah satu keluhan yang sering terjadi pada ibu hamil, tapi bukanlah menjadi tanda pasti seseorang hamil",stretch mark rupa salah keluh hamil tanda orang hamil,F3,3,3
84,13,"Tanda - tanda kehamilan dapat dibagi menjadi 3 jenis yaitu: â€¢ Tanda tidak pasti : berhentinya siklus menstruasi, mual dan muntah, sering BAK, payudara membesar, kulit hidung, pipi, dahi dan puting menghitam, varises",tanda tanda hamil jenis tanda henti siklus menstruasi mual muntah bak payudara kulit hidung pipi dahi puting hitam varises,F3,3,3
84,14,â€¢ Tanda kemungkinan hamil: hasil testpack positif dan terabanya bagian tubuh janin pada pemeriksaan,tanda hamil hasil testpack positif raba tubuh janin periksa,F3,3,3
84,15,â€¢ Tanda pasti hamil: terlihatnya gerakan janin dan denyut jantung janin melalui USG,tanda hamil lihat gerak janin denyut jantung janin usg,F3,3,3
84,16,Saya sarankan untuk melakukan pemeriksaan ke dokter untuk memastikan keluhan yang Anda alami,saran laku periksa dokter keluh alami,F5,4,4
84,17,"Demikian jawaban dari saya, semoga bermanfaat",moga manfaat,F1,4,4
84,18,"Salam, dr Sylvia",salam dr sylvia,F1,4,4
85,0,"Halo, Terima kasih atas pertanyaannya untuk Alodokter",halo terima kasih alodokter,F1,0,0
85,1,Pertama - tama sebaiknya anda mengenali terlebih dahulu,tama kenal,F2,0,0
85,2,Apakah stres yang sedang anda alami saat ini menimbulkan gangguan yang signifikan bagi anda dalam menjalankan hidup anda sehari – hari?,stres alami timbul ganggu signifikan jalan hidup,F2,1,1
85,3,"Misalnya, apakah anda menjadi tidak bisa belajar atau bekerja, apakah anda menjadi sulit untuk menjalin hubungan sosial yang baik dengan orang disekitar anda, apakah anda menjadi tidak mengurus diri anda sendiri dengan baik atau bahkan terdapat kecenderungan menyakiti diri sendiri?",ajar kerja sulit jalin hubung sosial orang urus cenderung sakit,F2,1,1
85,4,"Bila anda mengalami gangguan yang signifikan terhadap hidup anda, sebaiknya periksakan diri anda ke psikiater agar dapat dievaluasi dan ditatalaksana lebih lanjut",alam ganggu signifikan hadap hidup periksa psikiater evaluasi ditatalaksana,F5,1,1
85,5,Psikiater juga tidak selalu memberikan obat - obatan untuk mengatasi kondisi ini,psikiater obat obat kondisi,F5,1,1
85,6,Sebagian besar pasien justru merasakan manfaat yang signifikan dengan dilakukannya psikoterapi,pasien manfaat signifikan laku psikoterapi,F5,1,1
85,7,Pada dasarnya stres ada pemicunya,dasar stres picu,F5,1,1
85,8,"Untuk menghilangkan stres, pemicu ini tentunya harus diatasi terlebih dahulu",hilang stres picu,F5,2,2
85,9,Sebaiknya anda mencoba untuk mengenali pemicu stres anda dan menyelesaikan masalah tersebut perlahan - lahan,coba kenal picu stres selesai perlahan lahan,F2,2,2
85,10,Beberapa hal yang dapat anda lakukan untuk menenangkan diri anda : Hindari kondisi yang membuat stres untuk sementara waktu,laku tenang hindar kondisi stres,F5,2,2
85,11,"Misalnya saja stres anda adalah terkait dengan pekerjaan anda, cobalah mengambil cuti sesaat untuk berlibur dan beristirahat",stres kait kerja coba ambil cuti libur istirahat,F5,3,3
85,12,Cukupkan tidur anda setiap harinya,tidur,F5,3,3
85,13,Orang dewasa direkomendasikan untuk mendapat tidur 7 - 9 jam setiap harinya,orang dewasa rekomendasi tidur jam,F5,3,3
85,14,Makan dalam jumlah secukupnya secara teratur,makan atur,F5,3,3
85,15,Lakukan olahraga rutin (setidaknya 30 menit sehari),laku olahraga rutin menit,F5,4,4
85,16,Olahraga adalah salah satu metode yang terbukti dapat membantu mengurangi stres dan menenangkan pikiran,olahraga salah metode bukti bantu stres tenang pikir,F5,4,4
85,17,"Lakukan teknik - teknik relaksasi secara rutin, misalnya melakukan latihan pernapasan dalam, yoga, ataupun meditasi",laku teknik teknik relaksasi rutin laku latih napas yoga meditasi,F5,4,4
85,18,Ganja tidak tergolong obat herbal yang dapat membantu menenangkan diri,ganja golong obat herbal bantu tenang,F5,5,5
85,19,"Selain penggunaan ganja adalah ilegal di Indonesia, penggunaan ganja justru dapat meningkatkan kecemasan dan ketakutan berlebihan (paranoia)",ganja ilegal indonesia ganja tingkat cemas takut paranoia,F5,5,5
85,20,Sebaiknya anda jangan mencoba - coba untuk menggunakan ganja untuk membantu menenangkan diri anda,coba coba ganja bantu tenang,F5,5,5
85,21,Ganja dapat menimbulkan ketergantungan dan kecanduan dan sangat berbahaya bila digunakan secara sembarangan,ganja timbul gantung candu bahaya sembarang,F5,5,5
85,22,"Sekian informasi dari saya, semoga cukup menjawab",sekian informasi moga,F1,6,6
86,0,Halo indah terima kasih sudah bertanya kepada Alodokter,halo indah terima kasih alodokter,F1,0,0
86,1,"saya mengerti akan kekhwatiran anda, dimana saat ini sedang mewabahnya virus corona yang dimana gejala yang dialami mengarah atau mirip seperti flu",erti kekhwatiran wabah virus corona gejala alami arah flu,F4,1,1
86,2,"namun tidak bisa dikaitkan selalu diakibatkan karena carona, jika memang anda memiliki kontak dengan orang yang positif kemungkinan bisa tertular namun untuk memastikannya adalah dengan melakukan pemeriksaan tes corona seperti PCR swab atau dengan skrining awal seperti rapid test antigen",kait akibat carona milik kontak orang positif tular laku periksa tes corona pcr swab skrining rapid test antigen,F4,1,1
86,3,"namun dari gejala yang anda alami hal ini bisa jadi mengarah ke refluks asam lambung atau penyakit asam lambung, yang naiknya makanan atau asam lambung menuju kerongkongan yang menyebabkan terjadinya iritasi pada tenggorkan yang bisa menyebabkan terasa gatal, batuk hingga mual",gejala alami arah refluks asam lambung sakit asam lambung makan asam lambung tuju kerongkongan iritasi tenggorkan gatal batuk mual,F4,1,1
86,4,namun bisa pula hal ini terjadi karena radang tenggorokan,radang tenggorok,F4,1,1
86,5,"saran saya untuk memastikan nya anda harus melakukan pemeriksaan secara langsung ke dokter ya, agar dokter dapat mendeteksi kemungkinan penyebab dari gejala yang anda alami dengan begitu dokter bisa memberikan penanganan dan terapi yang tepat",saran nya laku periksa langsung dokter ya dokter deteksi gejala alami dokter tangan terapi,F5,2,2
86,6,"selain itu anda juga bisa melakukan berbagai hal : istirahat yang cukup konsumsilah air putih yang cukup, anda bisa mengonsumsi minuman jahe untuk mengatasi mual dan batuk, hindari setelah selesai makan berbaring, anda juga bisa mengonsumsi obat seperti antasida, jika keluhan yang anda alami tidak ada perbaikan segera mengunjungi dokter",laku istirahat konsumsi air putih konsumsi minum jahe mual batuk hindar selesai makan baring konsumsi obat antasida keluh alami kunjung dokter,F5,2,2
86,7,Demikian informasi yang bisa saya berikan terima kasih,informasi ikan terima kasih,F1,2,2
88,0,"Salam Alodokter, terima kasih sudah bertanya di Alodokter",salam alodokter terima kasih alodokter,F1,0,0
88,1,"Adanya riwayat Mengonsumsi pil Kianpi dan saat ini Anda merasakan keluhan jerawat yang banyak menyebar di badan, wajah, punggung, leher kemungkinan karena pengaruh obat yang Anda konsumsi",riwayat konsumsi pil kianpi keluh jerawat sebar badan wajah punggung leher pengaruh obat konsumsi,F4,1,1
88,2,"Setiap obat yang beredar di Indonesia, secara prosedur harus terdaftar di Bpom Indonesia, sehingga bila obat ini belum terdaftar, maka keamanan obat ini tidak dapat dipastikan dan belum terjamin",obat edar indonesia prosedur daftar bpom indonesia obat daftar aman obat jamin,F3,2,2
88,3,"Obat yang beredar di Indonesia dan sudah terdaftar di Bpom, maka pengawasan obat dapat dilakukan oleh Bpom untuk kemanan konsumen di Indonesia, terutama berkaitan dengan obat - obatan",obat edar indonesia daftar bpom awas obat laku bpom man konsumen indonesia utama kait obat obat,F3,2,2
88,4,"Berkaitan dengan obat Kianpi pil, obat ini mengandung bahan dong quai (Angelica sinensis), akar panax ginseng, dan ba ji tian (Morinda officinialis)",kait obat kianpi pil obat kandung bahan quai angelica sinensis akar panax ginseng ba ji tian morinda officinialis,F3,3,3
88,5,"Salah satu bahannya, yaitu dong quai mempunyai efek seperti hormon estrogen, dimana obat ini dapat mempengaruhi sistem hormon estrogen dalam tubuh konsumen",salah bahan quai efek hormon estrogen obat pengaruh sistem hormon estrogen tubuh konsumen,F3,4,4
88,6,"Oleh karena itu, obat ini sering digunakan untuk membantu siklus haid dan keluhan menopause pada wanita",obat bantu siklus haid keluh menopause wanita,F3,4,4
88,7,"Namun, selain manfaatnya terhadap siklus haid, dong quai yang mempunyai efek seperti estrogen, juga dapat berisiko memicu munculnya jerawat karena faktor hormonal",manfaat hadap siklus haid quai efek estrogen risiko picu muncul jerawat faktor hormonal,F3,4,4
88,8,"Sedapat mungkin keseimbangan hormon estrogen tetap terjaga pada pria, sehingga dapat bekerja terkontrol dan mencegah efek sampingnya",imbang hormon estrogen jaga pria kerja kontrol cegah efek samping,F3,4,4
88,9,"Peningkatan hormon estrogen dalam tubuh memang dapat membantu kenaikan berat badan, namun, efek samping kenaikan hormon ini juga dapat ditemui, seperti: 1 spotting pada wanita",tingkat hormon estrogen tubuh bantu berat badan efek samping hormon temu spotting wanita,F3,4,4
88,10,2 Gangguan haid pada wanita,ganggu haid wanita,F3,5,4
88,11,3 Gangguan tidur,ganggu tidur,F3,5,5
88,12,4 Mudah lelah,mudah lelah,F3,5,5
88,13,5 Ujung tangan dingin,ujung tangan dingin,F3,5,5
88,14,6 Payudara membesar dan nyeri,payudara nyeri,F3,5,6
88,15,7 Tumor payudara pada wanita,tumor payudara wanita,F3,5,6
88,16,8 Miom rahim pada wanita,miom rahim wanita,F3,5,6
88,17,9 Mudah cemas,mudah cemas,F3,5,6
88,18,"Walaupun pemberian estrogen seperti pil kb dapat membantu pengobatan jerawat, namun kenaikan estrogen berlebihan dapat juga meningkatkan keluhan jerawat salah satunya pada pria",estrogen pil kb bantu obat jerawat estrogen tingkat keluh jerawat salah pria,F3,6,6
88,19,Sehingga menjaga estrogen dalam kondisi seimbang pada tubuh Anda akan penting untuk keseimbangan fungsinya,jaga estrogen kondisi imbang tubuh imbang fungsi,F3,7,7
88,20,"Oleh karena itu, untuk saat ini, sebaiknya Anda menghentikan obat ini sampai bertemu dengan dokter Anda",henti obat temu dokter,F5,8,8
88,21,"Dan bagaimanapun, semua ini memerlukan evaluasi dan pemeriksaan langsung oleh dokter spesialis kulit Anda, hal ini untuk memastikan kondisi keluhan jerawat ini serta ada tidaknya implikasi terhadap konsumsi obat ini",evaluasi periksa langsung dokter spesialis kulit kondisi keluh jerawat implikasi hadap konsumsi obat,F5,8,8
88,22,"Tanpa pemeriksaan langsung, hal ini sulit dapat dipastikan",periksa langsung sulit,F5,8,8
88,23,Kunjungi dokter spesialis Anda agar dokter dapat melihat langsung kondis keluhan ini,kunjung dokter spesialis dokter lihat langsung kondis keluh,F5,8,8
88,24,Pemeriksaan langsung akan diberikan berkaitan jerawat yang Anda rasakan,periksa langsung kait jerawat,F5,8,8
88,25,"Bila diperlukan, dokter dapat melakukan pemeriksaan penunjang untuk mengetahui ada tidaknya kondisi medis lain, seperti gangguan keseimbangan hormon, alergi, atau kemungkinan suatu fungal acne",dokter laku periksa tunjang kondisi medis ganggu imbang hormon alergi fungal acne,F5,9,8
88,26,Hasil pemeriksaan akan menjadi acuan perawatan dan penanganan untuk Anda,hasil periksa acu rawat tangan,F5,9,8
88,27,"Untuk saat ini, beberapa hal perlu Anda usahakan, seperti: 1 Hindari stres",usaha hindar stres,F5,9,8
88,28,2 Hindari tidur larut malam,hindar tidur larut malam,F5,9,9
88,29,3 Jangan melakukan pengobatan sendiri tanpa pemeriksaan dokter,laku obat periksa dokter,F5,9,10
88,30,4 Hindari pengobatan apapun tanpa indikasi yang sesuai atau hindari obat yang belum terdaftar di Bpom,hindar obat indikasi sesuai hindar obat daftar bpom,F5,10,10
88,31,Demikian informasi yang bisa kami sampaikan,informasi,F1,10,10
88,32,terima kasih,terima kasih,F1,11,11
89,0,Salam,salam,F1,0,0
89,1,Keluhan yang dialami anak ibu kemungkinan dapat disebabkan oleh : 1 posisi testis kiri lebih tinggi dari sisi kanan,keluh alami anak posisi testis kiri sisi kanan,F4,0,0
89,2,2 subyektifitas pemeriksaan akibat posisi testis berbeda,subyektifitas periksa akibat posisi testis beda,F4,0,0
89,3,3 tarikan kulit scrotum yang menyebabkan perbedaan presepsi pemeriksaan testis,tarik kulit scrotum beda presepsi periksa testis,F4,0,0
89,4,"Sehingga selama tidak ada tanda radang dan rewel pada anak, kondisi ini secara umum dalam batas normal",tanda radang rewel anak kondisi batas normal,F4,0,0
89,5,"Namun, bagaimanapun juga, pemeriksaan langsung dengan tenaga profesional diperlukan untuk memastikan kondisi ini",periksa langsung tenaga profesional kondisi,F5,1,1
89,6,Sebaiknya Ibu dapat berkonsultasi langsung dengan dokter Anak untuk pemeriksaan dan evaluasi testis anak kita,konsultasi langsung dokter anak periksa evaluasi testis anak,F5,1,1
89,7,"Dengan demikian, bila ditemukan hal - hal yang beresiko dapat kita cegah lebih dini",temu resiko cegah,F5,1,1
89,8,"Demikian informasi yang bisa kami sampaikan, baca juga testis balita",informasi baca testis balita,F1,1,1
89,9,dr Ulfi,dr ulfi,F1,1,1
90,0,"Halo, terima kasih atas pertanyaannya untuk Alodokter",halo terima kasih alodokter,F1,0,0
90,1,Pada dasarnya paru - paru yang rusak tidak akan bisa disembuhkan / dikembalikan menjadi normal kembali kecuali dilakukan transplantasi paru,dasar paru paru rusak sembuh normal kecuali laku transplantasi paru,F3,1,1
90,2,Paru merupakan organ yang sangat penting untuk menunjang kehidupan manusia,paru rupa organ tunjang hidup manusia,F3,1,1
90,3,Paru adalah tempat terjadinya pertukaran gas oksigen dan karbondioksida,paru tukar gas oksigen karbondioksida,F3,2,2
90,4,Oksigen adalah gas yang dibutuhkan oleh seluruh sel - sel di tubuh manusia untuk bisa hidup,oksigen gas butuh sel sel tubuh manusia hidup,F3,2,2
90,5,"Di paru ini, oksigen yang dihirup saat bernapas akan diteruskan ke darah untuk kemudian diedarkan ke seluruh tubuh",paru oksigen hirup napas darah edar tubuh,F3,2,2
90,6,Karbondioksida (sisa metabolisme dan pernafasan sel - sel tubuh) akan dikeluarkan dari darah ke paru dan dihembuskan keluar saat anda membuang nafas,karbondioksida sisa metabolisme nafas sel sel tubuh darah paru hembus buang nafas,F3,2,2
90,7,"Bila paru mengalami kerusakan, pertukaran gas ini tidak akan bisa terjadi, dan tentu saja sel - sel tubuh tidak akan bisa mendapatkan oksigen sesuai kebutuhannya (dan tidak akan bisa membuang karbondioksida juga) sehingga nantinya sel - sel tubuh ini akan kekurangan oksigen dan mati",paru alam rusak tukar gas sel sel tubuh oksigen sesuai butuh buang karbondioksida sel sel tubuh oksigen mati,F3,2,2
90,8,"Bila kedua paru mengalami kerusakan total (artinya sudah tidak bisa berfungsi sama sekali), tentunya orang tersebut tidak akan bisa hidup",paru alam rusak total arti fungsi orang hidup,F3,3,3
90,9,"Bila setidaknya masih ada sedikit bagian paru yang bisa berfungsi, orang tersebut kemungkinan masih akan bisa hidup, namun hidupnya akan sangat bergantung pada suplementasi oksigen (harus membawa tabung oksigen ke mana - mana)",paru fungsi orang hidup hidup gantung suplementasi oksigen bawa tabung oksigen,F3,3,3
90,10,"Hal ini banyak ditemukan pada orang - orang yang mengalami PPOK (penyakit paru obstruksi kronis) yang berat, biasanya akibat kebiasaan merokok yang sangat banyak dan lama",temu orang orang alam ppok sakit paru obstruksi kronis berat akibat rokok,F3,4,4
90,11,"Karena saat ini anda hanya memiliki 1 paru yang masih bisa berfungsi dengan baik, maka anda harus bisa menjaga paru anda dengan baik",milik paru fungsi jaga paru,F4,4,4
90,12,Anda harus menghindari merokok sama sekali dan juga menghindari paparan dengan asap rokok agar tidak terjadi kerusakan pada paru anda yang masih sehat,hindar rokok hindar papar asap rokok rusak paru sehat,F5,4,4
90,13,Bila sampai anda mengalami infeksi pada paru anda (anda kembali mengalami batuk - batuk) maka anda harus segera memeriksakan diri anda ke dokter paru untuk evaluasi dan tatalaksana segera,alam infeksi paru alam batuk batuk periksa dokter paru evaluasi tatalaksana,F5,4,4
90,14,Anda juga disarankan untuk melakukan vaksinasi secara rutin untuk mencegah infeksi pada paru (seperti vaksinasi influenza dan pneumokokus),saran laku vaksinasi rutin cegah infeksi paru vaksinasi influenza pneumokokus,F5,4,4
90,15,Diskusikan kembali dengan dokter paru yang merawat anda untuk mengetahui lebih lanjut cara menjaga kesehatan paru anda dan mencegah terjadinya kerusakan pada paru anda yang sekarang masih sehat,diskusi dokter paru rawat jaga sehat paru cegah rusak paru sehat,F5,4,4
90,16,"Sekian informasi dari saya, semoga cukup menjawab",sekian informasi moga,F1,4,4
91,0,Halo Carolina,halo carolina,F1,0,0
91,1,Terima kasih atas pertanyaan Anda,terima kasih,F1,0,0
91,2,"Gangguan kesehatan yang anda alami dengan keluhan utama berupa timbulnya rasa sakit perut bagian bawah, dapat disebabkan oleh berbagai macam hal, diantaranya adalah : penyakit radang panggul, gangguan kesehatan pada usus, kista ovarium, peradangan pada usus buntu, endometriosis, peradangan pada kandung kemih, gangguan pada serviks seperti infeksi / radang / kanker, infeksi ginjal, kanker rahim, batu ginjal, radang saluran Tuba, dan lain sebagainya",ganggu sehat alami keluh utama rupa timbul sakit perut sakit radang panggul ganggu sehat usus kista ovarium radang usus buntu endometriosis radang kandung kemih ganggu serviks infeksi radang kanker infeksi ginjal kanker rahim batu ginjal radang salur tuba,F4,0,0
91,3,"Pada dasarnya rasa sakit perut disertai gejala - gejala lain yang Anda rasakan, jika timbulnya sudah lebih dari 24 jam, maka haruslah diwaspadai dan harus dilakukan serangkaian pemeriksaan lebih lanjut secara langsung, agar diketahui penyebab pastinya",dasar sakit perut gejala gejala timbul jam waspada laku rangkai periksa langsung,F4,1,0
91,4,"Kami menyarankan jika sampai saat ini gejala masih saja terjadi dan semakin memburuk, maka segeralah menemui dokter spesialis penyakit dalam, dan mendiskusikan masalah ini, agar Anda dapat lakukan serangkaian pemeriksaan seperti : pemeriksaan fisik khususnya bagian perut, tas darah, USG khusus perut, dan lain - lain, sehingga akhirnya penanganan yang tepat dapat di berikan sesuai dengan penyebab pasti yang nantinya diketahui",saran gejala buruk temu dokter spesialis sakit diskusi laku rangkai periksa periksa fisik khusus perut tas darah usg khusus perut tangan ikan sesuai,F5,1,0
91,5,"Demikian penjelasan yang dapat kami sampaikan, semoga bermanfaat",moga manfaat,F1,1,0
91,6,"Salam, dr Jati",salam dr jati,F1,1,0
92,0,"Hai, terima kasih sudah bertanya di alodokter com",hai terima kasih alodokter com,F1,0,0
92,1,Banyak penyakit yang dapat terjadi berkaitan dengan keluhan nyeri perut kiri,sakit kait keluh nyeri perut kiri,F3,1,1
92,2,"Pada perut bagian kiri terdapat beberapa organ (dari perut kiri bagian atas ke bawah), yaitu jantung kiri bagian bawah, paru - paru kiri bagian bawah, lambung, limpa, usus halus, usus besar, ginjal, saluran ginjal, indung telur dan saluran indung telur",perut kiri organ perut kiri jantung kiri paru paru kiri lambung limpa usus halus usus ginjal salur ginjal indung telur salur indung telur,F3,1,1
92,3,Kelainan pada semua organ tersebut dapat menyebabkan munculnya keluhan nyeri,organ muncul keluh nyeri,F3,2,2
92,4,"Kelainan tersebut meliputi infeksi, trauma, tumor, dan autoimun",liput infeksi trauma tumor autoimun,F3,2,2
92,5,"Namun, pada masing - masing organ akan memiliki karakteristik nyeri yang muncul",organ milik karakteristik nyeri muncul,F3,2,2
92,6,Selain itu akan tampak gejala penyerta yang muncul berkaitan dengan fungsi masing - masing organ tersebut,gejala muncul kait fungsi organ,F3,2,2
92,7,"Untuk dapat mengetahui organ apa yang menyebabkan nyeri dan kelainan apa yang terjadi, sebaiknya anda berkonsultasi dengan dokter terdekat",organ nyeri konsultasi dokter,F5,2,3
92,8,dokter akan mewawancarai dan melakukan pemeriksaan fisik langsung pada perut kiri anda,dokter wawancara laku periksa fisik langsung perut kiri,F5,3,3
92,9,"Jika diperlukan, dokter akan meminta anda melakukan pemeriksaan penunjang seperti Rontgen atau USG perut",dokter laku periksa tunjang rontgen usg perut,F5,3,3
92,10,"Apabila keluhan nyeri anda minimal dan tidak begitu mengganggu, anda dapat membuat topik pertanyaan baru dengan mencantumkan lokasi nyeri secara detail, apakah nyeri yang dirasakan pada perut kiri bagian atas atau bawah",keluh nyeri minimal ganggu topik cantum lokasi nyeri detail nyeri perut kiri,F5,4,4
92,11,"Cantumkan juga rasa nyeri yang muncul, apakah rasa panas terbakar, ditusuk - tusuk atau dipelintir",cantum nyeri muncul panas bakar tusuk tusuk pelintir,F5,4,4
92,12,Apakah rasa nyeri muncul terus menerus atau hilang timbul,nyeri muncul hilang timbul,F5,4,4
92,13,"Serta, sebutkanlah gejala penyerta yang anda alami, seperti apakah ada demam, terasa mual, muntah, begah, sering sendawa, cepat kenyang, diare, konstipasi, tidak bisa BAB, terdapat kelainan pada BAK dan masalah menstruasi jika ada",gejala alami demam mual muntah begah sendawa cepat kenyang diare konstipasi bab bak menstruasi,F5,4,4
92,14,"Demikian, semoga bermanfaat",moga manfaat,F1,4,4
93,0,Halo Gung Stuti,halo gung stuti,F1,0,0
93,1,Obat yang Anda sebutkan merupakan obat yang berisikan ranitidine 150mg,obat rupa obat berisik ranitidine mg,F4,0,0
93,2,Obat ini merupakan obat yang digunakan untuk menangani gejala penyakit akibat produksi asam lambung berlebih yang bekerja pada saluran pencernaan yang mengalami iritasi dan peradangan,obat rupa obat tangan gejala sakit akibat produksi asam lambung kerja salur cerna alam iritasi radang,F4,0,0
93,3,Obat ini merupakan obat resep yang tidak semestinya dibeli bebas,obat rupa obat resep mesti beli bebas,F4,0,0
93,4,Obat ini tersedia dalam beberapa bentuk dimana dapat diberikan baik sebelum makan ataupun sesudah makan,obat sedia bentuk makan makan,F4,0,0
93,5,Efek samping dari obat ini sendiri diantaranya adalah: Muntah - muntah,efek samping obat muntah muntah,F6,0,0
93,6,Sulit menelan,sulit telan,F6,0,0
93,7,Sakit perut,sakit perut,F6,1,1
93,8,Urin menjadi keruh,urin keruh,F6,1,1
93,9,Sakit kepala,sakit kepala,F6,1,1
93,10,Untuk itu perhatikan dosis yang dianjurkan oleh dokter dan minum sesuai jadwal dan anjuran yang diberikan,perhati dosis anjur dokter minum sesuai jadwal anjur,F5,2,2
93,11,"Untuk menghindari asam lambung sendiri makanlah dengan teratur, makan sedikit dengan frekuensi lebih sering lebih baik daripada makan dalam porsi besar 2 - 3 kali sehari, hindari konsumsi kafein seperti pada kopi, cokelat, teh ataupun minuman bersoda, hindari makanan pedas, berlemak ataupun berminyak untuk menghindari penyakit asam lambung",hindar asam lambung makan atur makan frekuensi makan porsi kali hindar konsumsi kafein kopi cokelat teh minum soda hindar makan pedas lemak minyak hindar sakit asam lambung,F5,2,2
93,12,"Semoga bermanfaat, dr Adhi P",moga manfaat dr adhi p,F1,2,2
94,0,"Halo, Terima kasih atas pertanyaan Anda",halo terima kasih,F1,0,0
94,1,"Norethisterone merupakan hormon progesteron sintetik yang sering diindikasikan untuk: meringankan gejala yang muncul menjelang menstruasi (sindrom premenstruasi), meredakan gejala endometriosis, baik sebagai pengontrol nyeri ataupun perdarahan berlebih kanker payudara kontrasepsi",norethisterone rupa hormon progesteron sintetik indikasi ringan gejala muncul jelang menstruasi sindrom premenstruasi reda gejala endometriosis kontrol nyeri darah kanker payudara kontrasepsi,F3,0,0
94,2,"Obat ini tergolong sebagai obat resep sehingga sekalipun tersedia di apotek, untuk memperolehnya membutuhkan resep dokter",obat golong obat resep sedia apotek butuh resep dokter,F3,1,1
94,3,"Di samping itu, dosis dan frekuensi obat sebaiknya disesuaikan dengan tujuan pengobatan",samping dosis frekuensi obat sesuai tuju obat,F3,1,1
94,4,"Oleh karena itulah, sebelum mengonsumsi obat ini, sebaiknya berkonsultasi terlebih dahulu dengan dokter",konsumsi obat konsultasi dokter,F3,1,1
94,5,"Perlu Anda perhatikan, norethisterone juga bisa menimbulkan efek samping, antara lain : perut kembung, nyeri kepala, mual, nyeri payudara, perubahan berat badan, sering dikaitkan dengan retensi cairan dalam tubuh gangguan menstruasi, baik berlangsung singkat ataupun tidak, menstruasi (amenore) sulit tidur",perhati norethisterone timbul efek samping perut kembung nyeri kepala mual nyeri payudara ubah berat badan kait retensi cair tubuh ganggu menstruasi langsung singkat menstruasi amenore sulit tidur,F6,2,2
94,6,"Mengenai harga, obat ini tersedia dalam berbagai merk dagang dengan harga yang berlainan antara satu dengan yang lain",kena harga obat sedia merk dagang harga,F4,3,3
94,7,"Untuk memastikannya, tanyakanlah ke apoteker sebelum membayar obat yang diresepkan dokter",apoteker bayar obat resep dokter,F5,3,3
94,8,"Demikian, semoga bermanfaat dr Lili",moga manfaat dr lili,F1,3,3
95,0,Mika yang baik,mika,F1,0,0
95,1,"Setiap perempuan dalam usia subur akan mengalami menstruasi setiap 21 - 35 hari terhitung dari hari pertama haid terakhir, dengan lama durasi haid berkisar antara 3 - 7 hari",perempuan usia subur alam menstruasi hitung haid durasi haid kisar,F3,0,0
95,2,Rentang ini merupakan patokan normal haid pada kebanyakan wanita,rentang rupa patok normal haid wanita,F3,0,0
95,3,"Namun demikian tak jarang ditemukan pula kondisi haid yang bermasalah, entah datangnya yang terlambat, terlalu cepat, durasinya yang terlalu singkat atau justru terlalu lama",jarang temu kondisi haid lambat cepat durasi singkat,F3,0,0
95,4,"Hal ini pada dasarnya disebabkan oleh karena hormon yang mendasari siklus haid tersebut dipengaruhi oleh banyak hal seperti : kehamilan, proses menyusui, penggunaan kontrasepsi, pola makan dan gaya hidup, stres psikis, penyakit tiroid, polip rahim, penyakit kista ovarium",dasar hormon dasar siklus haid pengaruh hamil proses susu kontrasepsi pola makan gaya hidup stres psikis sakit tiroid polip rahim sakit kista ovarium,F3,0,0
95,5,Kebanyakan gangguan haid bersifat ringan dan akan sembuh dengan sendirinya,ganggu haid sifat ringan sembuh,F3,1,1
95,6,"Namun gangguan haid yang tak kunjung sembuh apalagi jika disertai dengan nyeri yang tak tertahankan, maka penting bagi Anda untuk memeriksakannya terlebih dahulu ke dokter kandungan, untuk melihat adakah keterlibatan fisik pada kondisi tersebut",ganggu haid kunjung sembuh nyeri tahan periksa dokter kandung lihat libat fisik kondisi,F5,1,1
95,7,Berikut kami lampirkan artikel mengenai haid lama,lampir artikel kena haid,F5,1,1
95,8,Semoga bermanfaat,moga manfaat,F1,1,1
95,9,dr N K Arief,dr n k arief,F1,1,1
96,0,"Halo Hilmi, terima kasih atas pertanyaannya",halo hilmi terima kasih,F1,0,0
96,1,"Beragam kondisi kesehatan dapat menyebabkan gejala sakit kepala belakang seperti sakit kepala tegang, migrain basilar, sakit kepala harian kronis, sakit kepala karena aktivitas fisik (exertional headache), atau neuralgia oksipital",agam kondisi sehat gejala sakit kepala sakit kepala tegang migrain basilar sakit kepala kronis sakit kepala aktivitas fisik exertional headache neuralgia oksipital,F3,0,0
96,2,Pamol adalah merk dagang obat yang mengandung paracetamol sedangkan mefinal adalah merk dagang obat yang mengandung asam mefenamat,pamol merk dagang obat kandung paracetamol mefinal merk dagang obat kandung asam mefenamat,F3,1,1
96,3,Asam mefenamat dan sodium / natrium (Na) diklofenak adalah obat dari golongan yang sama yaitu obat anti - inflamasi non - steroid (OAINS),asam mefenamat sodium natrium na diklofenak obat golong obat anti inflamasi non steroid oains,F3,1,1
96,4,Baik paracetamol maupun OAINS adalah obat yang biasanya digunakan untuk mengatasi sakit,paracetamol oains obat sakit,F3,2,2
96,5,Tidak jarang kedua obat ini dikombinasikan untuk memberikan efek pereda sakit yang lebih kuat,jarang obat kombinasi efek reda sakit kuat,F3,2,2
96,6,Sebaiknya Anda memilih salah satu dari kedua obat OAINS tersebut,pilih salah obat oains,F3,2,2
96,7,Paracetamol merupakan obat pereda sakit yang aman untuk dikonsumsi dan jarang menyebabkan efek samping tertentu,paracetamol rupa obat reda sakit aman konsumsi jarang efek samping,F5,2,2
96,8,"Efek samping dari paracetamol adalah reaksi alergi (jarang terjadi) dan gangguan fungsi hati jika dikonsumsi berlebih dan sedangkan efek samping umum OAINS adalah sakit maag, gangguan fungsi ginjal, dan reaksi alergi",efek samping paracetamol reaksi alergi jarang ganggu fungsi hati konsumsi efek samping oains sakit maag ganggu fungsi ginjal reaksi alergi,F6,2,2
96,9,Obat - obat tersebut tidak menyebabkan gangguan pendengaran,obat obat ganggu dengar,F6,2,2
96,10,Silakan Anda konsumsi obat sesuai dengan anjuran dokter,sila konsumsi obat sesuai anjur dokter,F5,2,3
96,11,Cobalah juga untuk mencari pencetus sakit kepala dan menghindarinya,coba cari cetus sakit kepala hindar,F5,3,3
96,12,"Jangan lupa untuk beristirahat dengan cukup, Mengonsumsi makanan dengan gizi seimbang, dan minum cukup air putih",lupa istirahat konsumsi makan gizi imbang minum air putih,F5,3,3
96,13,"Jika keluhan tidak kunjung membaik setelah beberapa hari Mengonsumsi obat tersebut, silakan Anda kembali memeriksakan diri ke dokter ya",keluh kunjung konsumsi obat sila periksa dokter ya,F5,3,3
96,14,Salam,salam,F1,3,3
97,0,"Halo, terima kasih sudah bertanya ke Alodokter",halo terima kasih alodokter,F1,0,0
97,1,"Kemungkinan hamil pada saat haid adalah sangat kecil, akibat haid yang terjadi karena peluruhan dari sel telur yang telah matang yang tidak dibuahi oleh sperma",hamil haid akibat haid luruh sel telur matang buah sperma,F4,1,1
97,2,Wanita berkesempatan untuk hamil sebesar 15% - 25% setiap bulannya,wanita hamil,F3,1,1
97,3,"Bila berhubungan secara rutin, maka 4 dari 5 wanita akan hamil dalam setahun pertama perencanaan kehamilan, yang lainnya membutuhkan waktu lebih lama dan mungkin dibutuhkan bantuan untuk dapat hamil",hubung rutin wanita hamil rencana hamil butuh butuh bantu hamil,F3,1,1
97,4,"Siklus haid yang normal adalah berkisar 21 - 35 hari, dihitung dari hari pertama haid sebelumnya sampai haid berikutnya",siklus haid normal kisar hitung haid haid,F3,2,2
97,5,"Pada umumnya, ovulasi terjadi 14 hari sebelum hari pertama haid berikutnya",ovulasi haid,F3,2,2
97,6,Ovulasi pada umumnya berbeda - beda pada setiap wanita tergantung dengan siklus haid,ovulasi beda beda wanita gantung siklus haid,F3,2,2
97,7,Masa subur terjadi berkisar masa ovulasi atau 12 - 16 hari sebelum hari pertama menstruasi berikutnya,subur kisar ovulasi menstruasi,F3,2,2
97,8,Sehingga disarankan untuk berhubungan secara teratur 4 - 5 hari menjelang masa subur,saran hubung atur jelang subur,F3,3,3
97,9,"Tanda - tanda seorang wanita mendekati masa subur, antara lain : Lendir pada vagina",tanda tanda orang wanita subur lendir vagina,F3,3,3
97,10,Suhu tubuh meningkat,suhu tubuh tingkat,F3,3,3
97,11,Lebih bergairah,gairah,F3,3,3
97,12,"Beberapa hal yang dapat Anda lakukan untuk cepat memiliki keturunan, antara lain : Berhubungan intim secara teratur tanpa alat pelindung, 3 - 4 kali dalam seminggu",laku cepat milik turun hubung intim atur alat lindung kali minggu,F5,3,3
97,13,"Menjalankan pola hidup sehat, seperti rutin berolahraga dan menghindari rokok dan minuman berlakohol",jalan pola hidup sehat rutin olahraga hindar rokok minum berlakohol,F5,4,4
97,14,Makan makanan yang bergizi juga dapat meningkatkan kesuburan (Artikel : Makanan Penyubur Kandungan),makan makan gizi tingkat subur artikel makan subur kandung,F5,4,4
97,15,Cek kesehatan untuk mengetahui apakah ada penyakit tertentu,cek sehat sakit,F5,5,4
97,16,"Sebaiknya Anda dan pasangan berkonsultasi terlebih dahulu ke Dokter Spesialis Kandungan, untuk merencanakan kehamilan dan dapat dilakukan pemeriksaan dan penanganan secara tepat jika diperlukan",pasang konsultasi dokter spesialis kandung rencana hamil laku periksa tangan,F5,5,5
97,17,Dokter akan melakukan wawancara dan pemeriksaan secara menyeluruh pada Anda dan pasangan Anda,dokter laku wawancara periksa pasang,F5,5,5
97,18,"Kemungkinan akan dilakukan pemeriksaan kesuburan seperti pemeriksaan sperma, fungsi ovulasi dan kadar hormon dan lain - lain jika diperlukan",laku periksa subur periksa sperma fungsi ovulasi kadar hormon,F5,5,5
97,19,Baca juga artikel mengenai Cara Cepat Hamil,baca artikel kena cepat hamil,F5,5,5
97,20,Semoga bermanfaat,moga manfaat,F5,5,5
97,21,"Salam, dr Christian Haryanto",salam dr christian haryanto,F1,6,6
98,0,Hai Rama,hai rama,F1,0,0
98,1,Telat menstruasi tidak selalu terkait dengan kehamilan,telat menstruasi kait hamil,F4,1,1
98,2,Beberapa penyebab lain yang dapat menimbulkan telat menstruasi adalah : Stres,timbul telat menstruasi stres,F3,1,1
98,3,Obesitas,obesitas,F3,1,1
98,4,Berat badan turun,berat badan turun,F3,1,1
98,5,Hormon prolaktin berlebihan,hormon prolaktin,F3,1,1
98,6,Pemakaian alat KB,pakai alat kb,F3,2,2
98,7,Sindrom ovarium polikistik / PCOS,sindrom ovarium polikistik pcos,F3,3,3
98,8,Penyakit kronis seperti diabetes,sakit kronis diabetes,F3,3,3
98,9,Gangguan tiroid,ganggu tiroid,F3,3,3
98,10,"Menopause dini Merokok, dan Kehamilan",menopause rokok hamil,F3,4,4
98,11,"Untuk mengetahui dengan pasti apakah teman Anda hamil atau tidak, sebaiknya segera memeriksakan kondisi ini ke dokter, atau terlebih dahulu menggunakan alat test kehamilan di rumah",teman hamil periksa kondisi dokter alat test hamil rumah,F5,4,4
98,12,"Tanda tanda kehamilan bisa saja tidak tampak pada orang yang sedang hamil, khususnya yang masih terlalu muda usia kehamilannya",tanda tanda hamil orang hamil khusus muda usia hamil,F3,4,4
98,13,Tetapi tanda tanda hamil tidak menjadi patokan seseorang hamil atau tidak,tanda tanda hamil patok orang hamil,F3,4,4
98,14,Test kehamilan dan pemeriksaan dokterlah yang dapat memastikan hal ini,test hamil periksa dokter,F3,4,4
98,15,Saran kami: Beristirahat dan menghindari stres dapat memperbaiki pola menstruasi menjadi lebih teratur,saran istirahat hindar stres pola menstruasi atur,F5,5,5
98,16,Jaga berat badan ideal dan stabil,jaga berat badan ideal stabil,F5,5,5
98,17,Makan makanan sehat,makan makan sehat,F5,5,5
98,18,Lakukan olahraga rutin,laku olahraga rutin,F5,5,5
98,19,"Jika masih belum menstruasi, segera hubungi dokter",menstruasi hubung dokter,F5,6,6
98,20,"Demikian, semoga dapat membantu ya",moga bantu ya,F1,6,6
99,0,Sryadi yang baik,sryadi,F1,0,0
99,1,Lemas adalah keluhan yang bisa dirasakan hampir setiap orang dalam masa hidupnya,lemas keluh orang hidup,F3,0,0
99,2,Lemas menyebabkan produktivitas menurun dan oleh karenanya harus ditangani dengan baik,lemas produktivitas turun tangan,F3,0,0
99,3,"Penyebab lemas sendiri dapat beragam meskipun lemas kerap juga tidak sendirian melainkan diikuti gejala lainnya seperti gelisah, rasa kesemutan, lesu, dan lain sebagainya",lemas agam lemas kerap gejala gelisah semut lesu,F3,0,0
99,4,"Beberapa penyebab lemas yang sering ditemui meliputi : kurangnya asupan nutrisi, kekurangan cairan atau dehidrasi, kekurangan elektrolit, kekurangan sel darah merah atau anemia, gejala psikis seperti depresi atau gangguan cemas menyeluruh, infeksi kronik, penyakit tiroid, gejala awal penyakit diabetes, penyakit saraf seperti stroke ringan atau tumor otak",lemas temu liput asupan nutrisi cair dehidrasi elektrolit sel darah merah anemia gejala psikis depresi ganggu cemas infeksi kronik sakit tiroid gejala sakit diabetes sakit saraf stroke ringan tumor otak,F3,0,0
99,5,"Dari kondisi ini, dapat timbul keluhan lain seperti keluhan maag yang mana mungkin saja menjadi alasan dokter Anda meresepkan obat maag",kondisi timbul keluh keluh maag alas dokter resep obat maag,F4,0,0
99,6,"Saat ini yang terpenting ialah memastikan asupan nutrisi Anda cukup, tinggi kalori dan tinggi protein, konsumsi cairan 2 - 3 liter per hari, olahraga minimal 3 kali seminggu selama 45 menit dan berikan tubuh kesempatan pulih dari aktivitas harian dengan beristirahat 7 - 8 jam sehari",asupan nutrisi kalori protein konsumsi cair liter olahraga minimal kali minggu menit ikan tubuh pulih aktivitas istirahat jam,F5,1,1
99,7,Bila kondisi tak kunjung membaik jangan ragu memeriksakan diri secara langsung ke dokter,kondisi kunjung ragu periksa langsung dokter,F5,2,2
99,8,Lebih jauh mengenai hal ini berikut kami lampirkan artikel mengenai lemas,kena lampir artikel kena lemas,F5,2,2
99,9,Semoga bermanfaat,moga manfaat,F1,2,2
99,10,dr N K Arief,dr n k arief,F1,2,2
100,0,Halo Nur,halo nur,F1,0,0
100,1,terima kasih atas pertanyaan Anda,terima kasih,F1,0,0
100,2,"Kondisi janin pada kehamilan 12 minggu biasanya berukuran 5,4 cm dengan berat 14 gram",kondisi janin hamil minggu ukur cm berat gram,F3,1,1
100,3,"Selain itu, janin sudah terbentuk dengan sempurna",janin bentuk sempurna,F3,1,1
100,4,Janin pun telah memiliki tubuh yang lengkap dengan tulang dan otot pada tempatnya,janin milik tubuh lengkap tulang otot,F3,1,1
100,5,Kerangka tubuh janin yang terbentuk dari tulang rawan mulai berkembang menjadi tulang keras,kerangka tubuh janin bentuk tulang rawan kembang tulang keras,F3,1,1
100,6,Tubuh ibu pun akan mengalami pengurangan rasa kelelahan dan semakin sedikitnya mengalami morning sickness atau kondisi mual dan muntah di masa awal kehamilan akibat dari perubahan hormon,tubuh alam lelah alam morning sickness kondisi mual muntah hamil akibat ubah hormon,F3,1,1
100,7,"Berat janin yang diutarakan oleh Anda agak berlebihan, cobalah konfirmasi kembali ke Dokter Spesialis Kebidanan dan kandungan yang sebelumnya menanganai Anda, agar segala sesuatunya terang dan jelas",berat janin utara coba konfirmasi dokter spesialis bidan kandung menanganai terang,F4,2,2
100,8,Klik artikel di bawah ini untuk lebih jelasnya : KONDISI JANIN PADA SAAT KEHAMILAN 12 MINGGU,klik artikel kondisi janin hamil minggu,F4,2,2
100,9,"Demikian penjelasan yang dapat kami sampaikan, semoga bermanfaat",moga manfaat,F1,2,2
100,10,"Salam, dr Jati",salam dr jati,F1,2,2
101,0,"Halo Amelia, terima kasih untuk pertanyaan yang Anda sampaikan",halo amelia terima kasih,F1,0,0
101,1,"Pertama, berkaitan dengan apakah hamil / tidak",kait hamil,F3,1,1
101,2,Pada dasarnya testpack merupakan suatu cara yang cukup akurat untuk mendeteksi kehamilan dengan akurasi 95%,dasar testpack rupa akurat deteksi hamil akurasi,F3,1,1
101,3,"hanya saja tetap perlu diingat bahwa beberapa kondisi lain seperti kehamilan kosong, hamil anggur, bahkan tumor indung telur juga dapat memberikan hasil positif palsu",kondisi hamil kosong hamil anggur tumor indung telur hasil positif palsu,F3,1,1
101,4,"USG merupakan salah satu cara yang aman dan akurat untuk memastikan kehamilan, tetapi memang umumnya baru dapat terdeteksi paling awal pada usia kira - kira 3 - 4 minggu, sebelum itu biasanya belum akan terlihat",usg rupa salah aman akurat hamil deteksi usia minggu lihat,F3,1,1
101,5,Pada usia 6 - 8 minggu umumnya janin sudah dengan mudah terlihat,usia minggu janin mudah lihat,F3,1,1
101,6,"Sehingga jika hasil testpack +, diduga hamil lalu dari USG masih belum terlihat memang tidak ada cara lain selain menunggu dan dilakukan pemeriksaan ulang",hasil testpack duga hamil usg lihat tunggu laku periksa ulang,F3,1,1
101,7,Perdarahan pada kehamilan mudah harus selalu diwaspadai karena bisa merupakan suatu kondisi ancaman keguguran,darah hamil mudah waspada rupa kondisi ancam gugur,F3,2,2
101,8,Maka dari itu kontrol ke dokter sesuai jadwal yang dianjurkan,kontrol dokter sesuai jadwal anjur,F5,2,2
101,9,"Hal terpenting pada kondisi seperti Anda adalah bed rest total, minimal 3 hari disamping pemberian obat penguat kandungan seperti yang diberikan dokter, tanpa bed rest total umumnya akan sulit berhenti perdarahannya",kondisi bed rest total minimal samping obat kuat kandung dokter bed rest total sulit henti darah,F5,2,2
101,10,"Jika kondisi belum membaik, atau gejala memburuk maka segera kunjungi dokter kandungan Anda untuk dievaluasi dan mendapatkan penanganan lebih lanjut",kondisi gejala buruk kunjung dokter kandung evaluasi tangan,F5,2,2
101,11,perdarahan pada kehamilan muda,darah hamil muda,F5,2,2
101,12,"Demikian yang dapat saya sampaikan, semoga bermanfaat",moga manfaat,F1,2,2
102,0,Halo,halo,F1,0,0
102,1,"Dispepsia atau gangguan pencernaan seperti akibat asam lambung mengiritasi lambung menimbulkan rasa nyeri ulu hati, perih panas atau sakit di perut kiri atas, hingga rasa kembung atau asam ditenggorokan dapat disebabkan beberapa faktor seperti : - Gangguan pola makan yang sering terlambat, atau melewatkan waktu makan, makan tidak teratur, kebiasaan makan kebanyakan",dispepsia ganggu cerna akibat asam lambung iritasi lambung timbul nyeri ulu hati perih panas sakit perut kiri kembung asam tenggorok faktor ganggu pola makan lambat makan makan atur makan,F3,0,0
102,2,"- Sering makan makanan pedas, asam, kopi, makanan berlemak",makan makan pedas asam kopi makan lemak,F3,0,0
102,3,Riwayat konsumsi alkohol,riwayat konsumsi alkohol,F3,1,1
102,4,Riwayat merokok,riwayat rokok,F3,1,1
102,5,"- Konsumsi obat tertentu seperti obat nyeri, obat pengencer darah",konsumsi obat obat nyeri obat encer darah,F3,2,2
102,6,- Infeksi Helicobachter pylori,infeksi helicobachter pylori,F3,2,2
102,7,- Stres pikiran,stres pikir,F3,2,2
102,8,- Penyakit kronis,sakit kronis,F3,2,2
102,9,Umumnya kambuhnya dispepsia ini tidak berhubungan dengan tingginya kolestrol,kambuh dispepsia hubung kolestrol,F3,2,2
102,10,"Periksakanlah keadaan saudara ke dokter untuk dilakukan pemeriksaan pelengkap seperti pemeriksaan hematologi darah, pemeriksaan profil lipid yakni mencakup berbagai jenis lemak darah, pemeriksaan urea breath test bila perlu, atau bila kondisi kekambuhan asam lambung cukup parah perlu pemeriksaa endoskopi yakni dengan memasukan selang berkamera menu saluran pencernaan untuk memantau keadaan permukaan dalamnya sebab dikhawatirkan salah satu komplikasi kronis berupa tukak lambung (luka dinding lambung)",periksa saudara dokter laku periksa lengkap periksa hematologi darah periksa profil lipid cakup jenis lemak darah periksa urea breath test kondisi kambuh asam lambung parah pemeriksaa endoskopi pasu selang kamera menu salur cerna pantau muka khawatir salah komplikasi kronis rupa tukak lambung luka dinding lambung,F5,3,3
102,11,Langkah awal dapat dikonsumsi antasida bila timbul kekambuhan,langkah konsumsi antasida timbul kambuh,F5,3,3
102,12,"bila tidak membaik konsultasikan ke dokter akan memberikan pengobatan kombinasi seperti antasida dengan antihistamin pencernaan, atau golongan pompa proton inhibitor, hingga kombinasi dengan antibiotik bila perlu",konsultasi dokter obat kombinasi antasida antihistamin cerna golong pompa proton inhibitor kombinasi antibiotik,F5,4,4
102,13,"selain konsumsi obat dengan rutin, yang dapat dilakukan untuk membantu kesembuhan dan mencegah kekambuhan seperti : Perbaiki pola makan yang teratur, makan porsi cukup, selipkan cemilan diantara waktu makan agar asam lambung dapat ternetralkan",konsumsi obat rutin laku bantu sembuh cegah kambuh pola makan atur makan porsi selip cemilan makan asam lambung netral,F5,5,5
102,14,Makanlah makanan yng bersifat netral,makan makan yng sifat netral,F5,5,5
102,15,"Hindari makanan berlemak, asam, pedas, stop konsumsi alkohol dan stop merokok",hindar makan lemak asam pedas stop konsumsi alkohol stop rokok,F5,5,5
102,16,Hindari stres dan hindari bergadang,hindar stres hindar gadang,F5,5,5
102,17,"Untuk menghindari tingginya kolestrol selain konsumsi obat penurun kolestrol, juga perlu dilakukan perubahan gaya hidup dengan hindari makanan berlemak, berminyak, jeroan, kulit, daging berlemak, makanan mengandung MSG, kurangi porsi nasi dan gula, berolahraga, perbanyak konsumsi buah dan sayuran",hindar kolestrol konsumsi obat turun kolestrol laku ubah gaya hidup hindar makan lemak minyak jeroan kulit daging lemak makan kandung msg porsi nasi gula olahraga konsumsi buah sayur,F5,5,5
102,18,semoga bermanfaat,moga manfaat,F5,5,5
102,19,"Klik artikel : Makanan dihindari untuk penderita Maag, 7 makanan disarankan untuk penderita Maag",klik artikel makan hindar derita maag makan saran derita maag,F5,5,5
103,0,"Halo Alya Fitri, terima kasih telah bertanya di Alodokter",halo alya fitri terima kasih alodokter,F1,0,0
103,1,":') Selama kehamilan, tubuh banyak sekali mengalami perubahan, mulai dari perubahan hormonal hingga perubahan fisik",hamil tubuh alam ubah ubah hormonal ubah fisik,F3,1,1
103,2,"Masa kehamilan sendiri dibagi menjadi 3 trimester, dimana pada trimester 1 atau pada awal masa kehamilan terjadi perubahan kadar hormonal didalam tubuh yang sangat besar",hamil trimester trimester hamil ubah kadar hormonal tubuh,F3,1,1
103,3,Perubahan kadar hormonal ini berfungsi untuk menyediakan lingkungan yang nyaman bagi janin didalam rahim untuk tumbuh dan berkembang,ubah kadar hormonal fungsi sedia lingkung nyaman janin rahim tumbuh kembang,F3,1,1
103,4,"Namun terkadang pada sebagian wanita hamil, terjadinya perubahan hormonal yang besar ini menimbulkan banyak efek kepada diri sang ibu",terkadang wanita hamil ubah hormonal timbul efek sang,F3,1,1
103,5,Beberapa kondisi yang muncul akibat perubahan hormonal ini dapat berupa : Mual Muntah,kondisi muncul akibat ubah hormonal rupa mual muntah,F3,1,1
103,6,Pusing,pusing,F3,2,1
103,7,Sakit kepala,sakit kepala,F3,2,2
103,8,Badan terasa hangat atau tidak enak badan,badan hangat enak badan,F3,2,2
103,9,Lebih sensitif mencium bebauan,sensitif cium bebauan,F3,3,3
103,10,Lemas,lemas,F3,3,3
103,11,Mudah letih,mudah letih,F3,3,3
103,12,Mudah lelah,mudah lelah,F3,3,3
103,13,Keluhan - keluhan yang anda alami saat ini merupakan suatu kondisi yang normal yang biasa terjadi pada ibu hamil diawal masa kehamilan,keluh keluh alami rupa kondisi normal hamil hamil,F4,4,4
103,14,Anda tidak perlu khawatir akan kondisi ini,khawatir kondisi,F4,4,4
103,15,"Beberapa hal yang dapat anda lakukan untuk meringankan gejala : Menghindarkan diri dari aroma - aroma, suara bising, dan kedipan cahaya berlebih yang dapat memicu mual",laku ringan gejala hindar aroma aroma suara bising kedip cahaya picu mual,F5,5,5
103,16,Banyak istirahat dan kurangi gerak,istirahat gerak,F5,5,5
103,17,Menggunakan pakaian longgar,pakai longgar,F5,6,6
103,18,Minum air jahe atau soda ketika merasa mual,minum air jahe soda mual,F5,6,6
103,19,Mengonsumsi kudapan kering (misalnya biskuit) secara berkala,konsumsi kudap kering biskuit,F5,6,6
103,20,Mengonsumsi makanan dengan kandungan karbohidrat tinggi namun rendah lemak,konsumsi makan kandung karbohidrat rendah lemak,F5,6,6
103,21,Hindari konsumsi asam dan pedas,hindar konsumsi asam pedas,F5,6,6
103,22,Hindari konsumsi minuman bergas atau bersoda,hindar konsumsi minum bergas soda,F5,6,6
103,23,"Jika keluhan dirasakan semakin lama semakin memberat atau tidak tertahankan, sebaiknya segera periksakan diri anda ke dokter atau dokter spesialis kandungan agar dapat dilakukan pemeriksaan dan penanganan lebih lanjut",keluh berat tahan periksa dokter dokter spesialis kandung laku periksa tangan,F5,7,7
103,24,Silahkan baca mengenai HIPEREMESIS GRAVIDARUM,silah baca kena hiperemesis gravidarum,F5,7,7
103,25,Untuk informasi lebih lengkap,informasi lengkap,F5,8,8
103,26,Semoga informasi ini bermanfaat :') - dr Lia N Amalina,moga informasi manfaat dr lia n amalina,F1,8,8
104,0,"Hai Ummu, terima kasih telah bertanya ke Alodokter",hai ummu terima kasih alodokter,F1,0,0
104,1,"Bayi laki - laki, saat berusia 9 bulan, normalnya memiliki berat berkisar antara 8 hingga 10 kg dengan panjang badan berkisar antara 70 hingga 74 cm",bayi laki laki usia normal milik berat kisar kg badan kisar cm,F3,1,1
104,2,"Sekilas, bila hanya menilik dari berat badannya saja, kondisi bayi Anda memang tergolong kurus",kilas tilik berat badan kondisi bayi golong kurus,F4,1,1
104,3,"Namun sesungguhnya, hal ini belum tentu abnormal",sungguh abnormal,F4,1,1
104,4,"Bisa saja, hal ini wajar terjadi apabila sebelumnya bayi Anda terlahir prematur, dengan BBLR (berat bayi lahir rendah), atau juga pernah mengalami sakit berat di awal kehidupannya hingga menyebabkannya harus dirawat di rumah sakit",wajar bayi lahir prematur bblr berat bayi lahir rendah alam sakit berat hidup rawat rumah sakit,F4,1,1
104,5,"Bila kondisi bayi Anda terlahir dengan cukup bulan dengan berat badan yang cukup tanpa menyulit apapun, maka berat bayi Anda yang kurang dari patokan normal bisa diakibatkan oleh banyak faktor, di antaranya asupan gizi yang kurang adekuat, daya tahan tubuh yang kurang baik, gangguan pencernaan (misalnya yang menyebabkan bayi sering mengalami muntah dan diare), infeksi kronis (contohnya tuberkulosis atau cacingan), peradangan lain pada tubuh (misalnya radang usus atau kelainan autoimun lainnya), keganasan (tumor ganas), hingga penyakit kronis lainnya",kondisi bayi lahir berat badan sulit berat bayi patok normal akibat faktor asupan gizi adekuat daya tahan tubuh ganggu cerna bayi alam muntah diare infeksi kronis contoh tuberkulosis cacing radang tubuh radang usus autoimun ganas tumor ganas sakit kronis,F3,1,1
104,6,"Kondisi ini sesungguhnya tidak perlu langsung disiasati dengan pemberian susu formula, terlebih bila Anda masih mampu menghasilkan ASI yang cukup bagi bayi Anda",kondisi sungguh langsung siasat susu formula hasil asi bayi,F3,2,2
104,7,"Saran kami, periksakan langsung bayi Anda ke dokter atau dokter spesialis anak supaya dilakukan evaluasi lebih mendalam",saran periksa langsung bayi dokter dokter spesialis anak laku evaluasi,F5,2,2
104,8,"Dokter bisa melakukan tes Mantoux, tes darah, USG, rontgen, atau tes penunjang lainnya untuk menentukan langkah terbaik yang perlu dilakukan",dokter laku tes mantoux tes darah usg rontgen tes tunjang langkah laku,F5,2,2
104,9,"Untuk sementara ini, Anda bisa lakukan dahulu upaya berikut: Tidak sembarangan memberikan suplemen pada bayi",laku upaya sembarang suplemen bayi,F5,2,2
104,10,Tetap beri bayi Anda ASI sesuai kebutuhannya,bayi asi sesuai butuh,F5,3,3
104,11,Beri juga bayi Anda MPASI yang kaya gizi dan bervariasi untuk memenuhi kebutuhan nutrisinya,bayi mpasi kaya gizi variasi penuh butuh nutrisi,F5,3,3
104,12,Jangan membiasakan memberikan bayi makanan atau minuman instan,bayi makan minum instan,F5,3,3
104,13,Jaga lingkungan sekitar bayi supaya selalu bersih dan tidak berkontak dekat dengan orang yang menderita infeksi menular,jaga lingkung bayi bersih kontak orang derita infeksi tular,F5,3,3
104,14,Kontrol tumbuh kembang bayi secara berkala ke fasilitas kesehatan terdekat,kontrol tumbuh kembang bayi fasilitas sehat,F5,3,3
104,15,Semoga membantu ya,moga bantu ya,F1,3,3
105,0,terima kasih telah bertanya di alodokter com,terima kasih alodokter com,F1,0,0
105,1,"Ada 5 cara yang dapat Anda lakukan untuk mengetahui masa subur, yaitu : Metode kalender",laku subur metode kalender,F3,1,1
105,2,Ukur suhu basal tubuh,ukur suhu basal tubuh,F3,1,1
105,3,Cek lendir serviks,cek lendir serviks,F3,1,1
105,4,Kram perut,kram perut,F3,1,1
105,5,Menggunakan alat prediksi ovulasi,alat prediksi ovulasi,F3,1,1
105,6,Cara yang dapat Anda lakukan di rumah adalah metode kalender dan ukur suhu basal tubuh,laku rumah metode kalender ukur suhu basal tubuh,F4,1,1
105,7,"Pada metode kalender, hal pertama yang dapat Anda lakukan adalah mencari tahu kira - kira kapan Anda mendapat menstruasi pada bulan berikutnya",metode kalender laku cari menstruasi,F4,1,1
105,8,"Setelah mendapatkan perkiraan tanggal, hitung mundur sebanyak 12 hari lalu ditambah hitungan mundur sebanyak 4 hari",tanggal hitung mundur hitung mundur,F4,2,2
105,9,Anda dikatakan sangat subur dan kemungkinan akan berovulasi selama rentang lima hari ini,subur ovulasi rentang,F4,3,3
105,10,Sedangkan melalui metode pengukuran suhu basal tubuh atau suhu tubuh saat istirahat dikatakan telah berovulasi jika selama tiga hari atau lebih suhu tetap stabil di angka tersebut,metode ukur suhu basal tubuh suhu tubuh istirahat ovulasi suhu stabil angka,F4,3,3
105,11,Anda akan ada dalam kondisi sangat subur pada 2 - 3 hari sebelum suhu basal tubuh naik,kondisi subur suhu basal tubuh,F4,3,3
105,12,"Cara terbaik mengukur suhu basal tubuh adalah setelah bangun tidur di pagi hari, yaitu sebelum Anda beranjak dari kasur",ukur suhu basal tubuh bangun tidur pagi anjak kasur,F4,3,3
105,13,Ukurlah menggunakan termometer yang diproduksi khusus untuk mengukur suhu basal tubuh agar hasil lebih akurat,ukur termometer produksi khusus ukur suhu basal tubuh hasil akurat,F4,3,3
105,14,Penetrasi dan hubungan seksual tanpa pengaman dengan ejakulasi di dalam vagina saat masa subur akan meningkatkan kemungkinan terjadinya kehamilan,penetrasi hubung seksual aman ejakulasi vagina subur tingkat hamil,F4,3,3
105,15,Untuk memastikannya sebaiknya Anda konsultasikan kembali dengan dokter spesialis kandungan,konsultasi dokter spesialis kandung,F5,4,4
105,16,"Semoga bermanfaat, dr Previyanti",moga manfaat dr previyanti,F1,4,4
106,0,Hai Azumane,hai azumane,F1,0,0
106,1,Perdarahan vagina yang timbul di luar hubungan intim pada dasarnya dapat diakibatkan oleh berbagai kemungkinan penyebab berikut ini: Trauma atau benturan pada area organ intim,darah vagina timbul hubung intim dasar akibat trauma bentur area organ intim,F3,1,1
106,2,Ketidakseimbangan hormonal,ketidakseimbangan hormonal,F3,1,1
106,3,Efek samping penggunaan kontrasepsi,efek samping kontrasepsi,F3,1,1
106,4,Vaginitis (peradangan vagina),vaginitis radang vagina,F3,1,1
106,5,Radang serviks,radang serviks,F3,1,1
106,6,Penyakit menular seksual,sakit tular seksual,F3,1,1
106,7,Radang panggul,radang panggul,F3,1,1
106,8,Endometriosis,endometriosis,F3,1,1
106,9,Kista ovarium,kista ovarium,F3,1,1
106,10,Gangguan pembekuan darah,ganggu beku darah,F3,1,1
106,11,Tanda awal kanker serviks,tanda kanker serviks,F3,1,1
106,12,Bila keluhan terus berulang maka ada baiknya teman Anda berkonsultasi dengan dokter kandungan agar dapat diperiksa lebih lanjut,keluh ulang teman konsultasi dokter kandung periksa,F5,2,2
106,13,"Dokter akan melakukan pemeriksaan fisik dan tes penunjang jika diperlukan (seperti USG, tes darah, papsmear) untuk menelusuri penyebabnya lebih jauh, sehingga penanganan yang tepat dapat diberikan sesuai dengan kondisi dasarnya",dokter laku periksa fisik tes tunjang usg tes darah papsmear telusur tangan sesuai kondisi dasar,F5,2,2
106,14,Berikut ini anjuran bagi teman Anda: Beristirahat cukup dan konsumsi makanan yang bergizi,anjur teman istirahat konsumsi makan gizi,F5,3,3
106,15,"Jangan terlalu lelah, batasi aktivitas fisik yang berat",lelah batas aktivitas fisik berat,F5,4,4
106,16,Menjaga berat badan ideal,jaga berat badan ideal,F5,4,4
106,17,Meminimalisir stres,meminimalisir stres,F5,4,4
106,18,Artikel berikut ini memuat topik yang terkait: Gejala dan potensi penyakit pada vagina,artikel muat topik kait gejala potensi sakit vagina,F5,4,4
106,19,Demikian semoga bermanfaat,moga manfaat,F1,4,4
106,20,dr Muliani Sukiman,dr muliani sukiman,F1,5,5
107,0,"Halo, Kharis",halo kharis,F1,0,0
107,1,terima kasih atas pertanyaan yang disampaikan ke Alodokter,terima kasih alodokter,F1,0,0
107,2,Kami memahami kekhawatiran yang Anda rasakan,paham khawatir,F1,0,0
107,3,Ejakulasi dini merupakan kondisi pria yang mengeluarkan cairan ejakulat (sperma) terlalu cepat ketika berhubungan seksual,ejakulasi rupa kondisi pria cair ejakulat sperma cepat hubung seksual,F3,1,1
107,4,"Secara umum, rerata waktu bagi pria untuk mencapai ejakulasi setelah melakukan penetrasi adalah sekitar 5,5 menit",rerata pria capai ejakulasi laku penetrasi menit,F3,1,1
107,5,"Meskipun demikian, tidak terdapat acuan pasti mengenai durasi hubungan seksual yang ideal karena hal tersebut bergantung pada kepuasan pasangan",acu kena durasi hubung seksual ideal gantung puas pasang,F3,1,1
107,6,"Beberapa faktor yang mempengaruhi ejakulasi dini meliputi faktor psikologis (stres, depresi, cemas) serta faktor fisik (gangguan kelenjar prostat, gangguan hormonal)",faktor pengaruh ejakulasi liput faktor psikologis stres depresi cemas faktor fisik ganggu kelenjar prostat ganggu hormonal,F3,2,2
107,7,Penanganan pertama untuk ejakulasi dini adalah penanganan mandiri dengan cara relaksasi,tangan ejakulasi tangan mandiri relaksasi,F3,3,3
107,8,"Disarankan untuk bernapas dalam dan beristirahat sejenak disela penetrasi penis ke vagina, sambil mengalihkan pikiran ke hal lain untuk menurunkan keinginan ejakulasi",saran napas istirahat jenak penetrasi penis vagina alih pikir turun ejakulasi,F3,3,3
107,9,"Bila dirasa perlu, Anda dapat menggunakan kondom untuk menurunkan sensasi pada penis yang terlalu sensitif",kondom turun sensasi penis sensitif,F3,3,3
107,10,"Bila metode ini masih kurang membantu, Anda disarankan untuk berkonsultasi dengan dokter spesialis urologi",metode bantu saran konsultasi dokter spesialis urologi,F5,4,4
107,11,"Dokter akan melakukan anamnesis, pemeriksaan fisis, serta pemeriksaan penunjang (bila perlu)",dokter laku anamnesis periksa fisis periksa tunjang,F5,4,4
107,12,Dokter akan memberikan konseling dan mungkin akan meresepkan obat minum bila terdapat indikasi,dokter konseling resep obat minum indikasi,F5,4,4
107,13,"Guna memperkaya wawasan, Ibu dapat membaca artikel mengenai ejakulasi dini",kaya wawas baca artikel kena ejakulasi,F5,5,5
107,14,Demikian informasi dari kami,informasi,F1,5,5
107,15,Mudah - mudahan senantiasa sehat,mudah mudah senantiasa sehat,F1,5,5
107,16,Semoga bermanfaat,moga manfaat,F1,5,5
108,0,Halo Ihot,halo ihot,F1,0,0
108,1,terima kasih atas pertanyaannya,terima kasih,F1,0,0
108,2,Tuberkulosis atau yang biasa disingkat dengan TBC adalah penyakit akibat infeksi bakteri Mycobacterium tuberculosis,tuberkulosis singkat tbc sakit akibat infeksi bakteri mycobacterium tuberculosis,F3,1,1
108,3,Penularannya melalui udara yang tercemar oleh kuman TBC akibat batuk atau bersin dari orang yang menderita TBC,tular udara cemar kuman tbc akibat batuk bersin orang derita tbc,F3,1,1
108,4,"Selain itu TBC dapat ditularkan melalui: makanan atau minuman yang tercemar melalui pembuluh darah atau hematogen melalui kelenjar limfe atau getah bening atau limfogen TBC tidak hanya bisa menyerang paru, namun dapat menyerang bagian lain di dalam tubuh",tbc tular makan minum cemar buluh darah hematogen kelenjar limfe getah bening limfogen tbc serang paru serang tubuh,F3,1,1
108,5,TBC yang menyerang paru disebut sebagai TBC paru,tbc serang paru tbc paru,F3,1,1
108,6,TBC yang menyerang organ lain selain paru disebut sebagai TBC ekstra paru,tbc serang organ paru tbc ekstra paru,F3,1,1
108,7,"TBC ekstra paru didapat pada: kelenjar getah bening, usus, ginjal, otak, dan sumsum tulang belakang, tulang",tbc ekstra paru kelenjar getah bening usus ginjal otak sumsum tulang tulang,F3,1,1
108,8,TBC dikatakan TBC aktif adalah ketika didapati gambaran menderita TBC secara Rontgen pada dada serta pemeriksaan laboratorium didapati kuman TBC,tbc tbc aktif gambar derita tbc rontgen dada periksa laboratorium kuman tbc,F3,1,1
108,9,"Gejala dari TBC aktif adalah: batuk lebih dari 2 minggu, batuk yang disertai dahak yang kadang disertai darah, demam, berkeringat malam hari, berat badan menurun drastis",gejala tbc aktif batuk minggu batuk dahak kadang darah demam keringat malam berat badan turun drastis,F3,2,2
108,10,"Dalam TBC tidak ada istilah TBC tidak aktif, namun yang ada adalah TBC laten",tbc istilah tbc aktif tbc laten,F3,3,3
108,11,TBC laten adalah penderita tersebut menderita TBC namun tidak memiliki kemampuan untuk menulari ke orang lain,tbc laten derita derita tbc milik tular orang,F3,3,3
108,12,"Memang benar dari 10 orang yang tertular TBC karena adanya kontak erat dengan penderita TBC, namun hanya 1 orang yang menderita TBC aktif",orang tular tbc kontak erat derita tbc orang derita tbc aktif,F3,3,3
108,13,Sisanya menjadi TBC laten,sisa tbc laten,F3,3,3
108,14,TBC laten pada kondisi tertentu akan berkembang menjadi TB aktif dan dapat menulari orang lain,tbc laten kondisi kembang tb aktif tular orang,F3,3,3
108,15,"Penderita TBC laten, dalam 5 tahun terakhir setelah terpapar kuman TBC 5 - 10%nya berkembang menjadi TBC aktif",derita tbc laten papar kuman tbc nya kembang tbc aktif,F3,3,3
108,16,"Kondisi yang berkaitan dengan perubahan TB laten menjadi TB aktif adalah: terinfeksi HIV, penyalahgunaan narkotika suntik, berat badan rendah, malnutrisi, memiliki penyakit lain seperti gagal ginjal, diabetes, setelah transplantasi, atau sedang terapi kanker bayi dan anak - anak",kondisi kait ubah tb laten tb aktif infeksi hiv penyalahgunaan narkotika suntik berat badan rendah malnutrisi milik sakit gagal ginjal diabetes transplantasi terapi kanker bayi anak anak,F3,4,4
108,17,Untuk mengetahui apakah seseorang menderita TB laten atau tidak membutuhkan pemeriksaan berupa: tes kulit tuberkulin IGRA ( Interferon Gamma Release Assay ),orang derita tb laten butuh periksa rupa tes kulit tuberkulin igra interferon gamma release assay,F3,4,4
108,18,"Penderita TBC laten bukan tidak mendapatkan terapi apapun, namun tetap mendapatkan terapi berupa Izoniazid atau Rifampicin atau gabungan dari kedua obat tersebut",derita tbc laten terapi terapi rupa izoniazid rifampicin gabung obat,F3,4,4
108,19,Semoga penjelasan saya dapat menjawab pertanyaannya,moga,F1,5,5
108,20,"Salam, dr Kresnawati Wahyu Setiono",salam dr kresnawati wahyu setiono,F1,5,5
109,0,"Selamat malam, Terima kasih telah bertanya di Alodokter",selamat malam terima kasih alodokter,F1,0,0
109,1,Kami memahami kebingungan Anda,paham bingung,F1,0,0
109,2,"Alasan utama bayi mengejan, adalah ia mengalami konstipasi atau sulit BAB",alas utama bayi ejan alam konstipasi sulit bab,F4,1,1
109,3,"Kotorannya sulit untuk keluar, dan gejalanya memang cukup seragam pada seluruh bayi, yakni bayi nampak mengejan hingga wajahnya memerah, rewel atau menangis ketika buang air besar, dan tinjanya nampak keras, padat, bahkan pada beberapa kasus bisa disertai darah",kotor sulit gejala seragam bayi bayi nampak ejan wajah merah rewel tangis buang air tinja nampak keras padat darah,F4,1,1
109,4,"Penyebab konstipasi ini beragam, bisa karena konsumsi susu formula atau makanan padat sebelum usia yang dianjurkan, bisa karena kurang cairan, atau kondisi medis tertentu, seperti gangguan pada sistem pencernaan, atau pada kasus anak Anda, bisa jadi itu karena hernianya",konstipasi agam konsumsi susu formula makan padat usia anjur cair kondisi medis ganggu sistem cerna anak hernia,F3,1,1
109,5,"Maka dari itu penting untuk mengetahui mana diantara kondisi ini yang terjadi terlebih dahulu, apakah hernianya yang menyebabkan ia semakin mengejan, atau karena ia sering mengejan lantas ia jadi hernia",kondisi hernia ejan ejan lantas hernia,F2,1,1
109,6,"Mengetahui hal tersebut, langkah terbaik adalah memeriksakan anak Anda ke dokter bedah anak",langkah periksa anak dokter bedah anak,F5,2,2
109,7,Sejauh ini langkah Anda sudah cukup baik dengan memeriksakannya ke dokter anak,langkah periksa dokter anak,F5,2,2
109,8,"Namun harusnya karena ada dua kondisi disini, yakni hernia dan konstipasi, seharusnya penanganannya tidak hanya pada hernianya saja, melainkan mencari tahu tentang konstipasinya juga",kondisi hernia konstipasi tangan hernia cari konstipasi,F5,2,2
109,9,"Maka dari itu mungkin Anda perlu kembali, baik itu ke dokter yang sama atau dokter bedah anak, agar bisa dicari tahu lebih lanjut mengenai kondisi anak Anda",dokter dokter bedah anak cari kena kondisi anak,F5,2,2
109,10,"Penanganan yang akan diterimanya nanti tergantung hasil pemeriksaan ini, dan meskipun diperiksakan ke dokter bedah anak, bukan berarti penanganannya pasti dalam bentuk bedah, jadi Anda tidak perlu khawatir",tangan terima gantung hasil periksa periksa dokter bedah anak arti tangan bentuk bedah khawatir,F5,2,2
109,11,"Sementara dirumah, yang bisa Anda lakukan untuk membantu meringankan kondisi konstipasinya adalah memijat perut anak Anda dengan tiga jari secara melingkar, tidak memberikannya nutrisi lain selain ASI, mandikan dengan air hangat, dan gerakkan kakinya seolah ia sedang bersepeda sambil tidur diatas kasur",rumah laku bantu ringan kondisi konstipasi pijat perut anak jari lingkar nutrisi asi mandi air hangat gerak kaki olah sepeda tidur kasur,F5,3,3
109,12,"Sekian, semoga menjawab pertanyaan Anda",sekian moga,F1,3,3
110,0,Hai Anisa,hai anisa,F1,0,0
110,1,"Nyeri perut dapat disebabkan oleh banyak faktor penyebab, dan seringkali keluhan dapat disertai dengan keluhan penyerta lainnya tergantung penyebab pasti",nyeri perut faktor seringkali keluh keluh gantung,F3,1,1
110,2,"Nyeri pada salah satu sisi di perut dapat menujukan organ mana yang terganggu, dimana nyeri perut pada bagian bawah dapat dipicu oleh : Gangguan pada saluran kemih seperti ISK, peradangan pada saluran kencing",nyeri salah sisi perut tuju organ ganggu nyeri perut picu ganggu salur kemih isk radang salur kencing,F4,1,1
110,3,"Masalah pada organ reproduksi seperti kista ovarium, infeksi radang panggul, radang pada tuba, endometriosis",organ reproduksi kista ovarium infeksi radang panggul radang tuba endometriosis,F3,1,1
110,4,Infeksi usus dan saluran cerna,infeksi usus salur cerna,F3,1,1
110,5,Konstipasi,konstipasi,F3,1,1
110,6,"Sedangkan nyeri pada bagian tengah salah satunya disebabkan oleh masalah pada lambung seperti infeksi, gangguan asam lambung, GERD",nyeri salah lambung infeksi ganggu asam lambung gerd,F3,1,1
110,7,"Kecurigaan pada gangguan usus buntu seringkali dirasakan pada perut bagian kanan bawah, namun terkadang rasa nyeri yang muncul seringkali berpindah",curiga ganggu usus buntu seringkali perut kanan terkadang nyeri muncul seringkali pindah,F3,1,1
110,8,"Keluhan lain yang menyertai seperti adakah mual, muntah, diare, demam, gangguan bab dan bak hingga gangguan menstruasi perlu diperhatikan untuk menentukan diagnosis pasti",keluh mual muntah diare demam ganggu bab bak ganggu menstruasi perhati diagnosis,F3,1,1
110,9,Apabila kondisi ini masih berlangsung bahkan memburuk sebaiknya periksakan diri ke dokter agar Anda mendapatkan pengobatan yang sesuai,kondisi langsung buruk periksa dokter obat sesuai,F5,2,2
110,10,Makan secara teratur dengan porsi yang lebih sering dan banyak istirahat dapat sedikit membantu mengurangi nyeri yang muncul,makan atur porsi istirahat bantu nyeri muncul,F5,3,3
110,11,"Semoga bermanfaat, dr Tantya",moga manfaat dr tantya,F1,4,4
111,0,"Halo, terima kasih atas pertanyaannya untuk Alodokter",halo terima kasih alodokter,F1,0,0
111,1,"Normalnya anda disarankan untuk menyusui bayi selama 10 - 15 menit dari masing - masing payudara, sehingga total waktu menyusui dalam 1 kali menyusui adalah 20 - 30 menit",normal saran susu bayi menit payudara total susu kali susu menit,F4,1,1
111,2,Jumlah tersebut dinilai cukup untuk mencukupi kebutuhan bayi dalam 1 kali menyusu,nilai butuh bayi kali susu,F4,2,1
111,3,"Meskipun demikian, tentunya lamanya menyusu pada setiap bayi tentu bisa berbeda - beda",susu bayi beda beda,F3,2,1
111,4,Bayi yang membutuhkan waktu lebih lama dari rentang di atas tentunya juga ada,bayi butuh rentang,F3,2,1
111,5,"Sebaiknya setelah anda menyusui bayi selama setengah jam, anda mencoba menilai kembali, apakah bayi memang masih menyusu atau hanya mengunyah puting (mentil) saja",susu bayi jam coba nilai bayi susu kunyah puting mentil,F5,2,1
111,6,Perhatikan tanda bayi menyusu dengan baik berikut ini: Mulut bayi terbuka lebar dan seluruh areola (bagian gelap di sekitar puting payudara) semuanya masuk ke mulut bayi (bukan hanya putingnya saja),perhati tanda bayi susu mulut bayi buka lebar areola gelap puting payudara masuk mulut bayi puting,F3,3,2
111,7,Terlihat gerakan ataupun terdengar suara menelan bayi menelan,lihat gerak dengar suara telan bayi telan,F3,4,3
111,8,Payudara anda terasa kosong setelah bayi menyusu,payudara kosong bayi susu,F3,5,4
111,9,Bayi terlihat puas setelah selesai menyusu,bayi lihat puas selesai susu,F3,5,4
111,10,"Bila anda tidak melihat atau mendengar bayi menelan saat menyusu, maka kemungkinan bayi anda hanya bermain dengan puting anda saja dan tidak meminum ASI",lihat dengar bayi telan susu bayi main puting minum asi,F5,5,4
111,11,"Bila bayi tertidur saat menyusu, bangunkan bayi dengan menggosok kaki ataupun punggungnya agar bayi menyusu kembali",bayi tidur susu bangun bayi gosok kaki punggung bayi susu,F5,5,5
111,12,"Bila memang bayi sudah tidak mengisap dan menelan ASI kembali, lepaskan perlekatan payudara dengan mulut bayi dengan menyelipkan jari kelingking anda di antara mulut dan payudara anda",bayi isap telan asi lepas lekat payudara mulut bayi selip jari kelingking mulut payudara,F5,5,5
111,13,Pastikan bayi tetap menyusu dari 2 payudara anda dengan durasi masing - masing 10 - 15 menit untuk menjamin kecukupan ASI untuk bayi,bayi susu payudara durasi menit jamin asi bayi,F5,5,5
111,14,"Sekian informasi dari saya, semoga cukup menjawab",sekian informasi moga,F1,6,6
112,0,"Hai Linda, terima kasih sudah bertanya di alodokter",hai linda terima kasih alodokter,F1,0,0
112,1,Meriang merupakan suatu gejala yang disebabkan oleh beberapa kemungkinan,meriang rupa gejala,F3,1,0
112,2,"Biasanya meriang disertai dengan gejala lain seperti sakit kepala, nyeri sendi, batuk, pilek, diare dan sebagainya",meriang gejala sakit kepala nyeri sendi batuk pilek diare,F3,1,0
112,3,"Meriang yang disertai diare sendiri bisa terjadi akibat beberapa hal diantaranya seperti infeksi saluran cerna, iritasi saluran cerna akibat makanan yang tidak bersih, ataupun asam lambung yang meningkat",meriang diare akibat infeksi salur cerna iritasi salur cerna akibat makan bersih asam lambung tingkat,F4,1,0
112,4,Hal tersebut tentu harus dikonfirmasi dengan pemeriksaan fisik lengkap dan beberapa pemeriksaan tambahan yang perlu,konfirmasi periksa fisik lengkap periksa,F5,1,0
112,5,"Terkait pertanyaan anda, bisa anda baca secara lengkap di sini",kait baca lengkap,F5,1,0
112,6,"Bila keluhan yang anda terjadi lebih dari 3 hari atau dirasa memberat (timbul mual dan muntah hebat, tubuh begitu lemas, atau keluhan sudah menganggu aktifitas) sangat disarankan untuk segera ke dokter di fasilitas kesehatan terdekat (klinik atau rumah sakit)",keluh berat timbul mual muntah hebat tubuh lemas keluh menganggu aktifitas saran dokter fasilitas sehat klinik rumah sakit,F5,1,0
112,7,"Sekian jawaban dari saya, semoga membantu",sekian moga bantu,F1,1,0
113,0,Halo Ramadhan,halo ramadhan,F1,0,0
113,1,Penyakit yang Anda alami ini bisa disebabkan oleh gangguan yang berada di saluran pernafasan maupun di saluran pencernaan,sakit alami ganggu salur nafas salur cerna,F4,0,0
113,2,Gangguan di saluran pernafasan dapat berupa : Produksi dahak yang banyak di saluran pernafasan,ganggu salur nafas rupa produksi dahak salur nafas,F3,0,0
113,3,Amandel,amandel,F3,1,1
113,4,Reaksi alergi,reaksi alergi,F3,1,1
113,5,Infeksi pada laring,infeksi laring,F3,1,1
113,6,"Efek merokok, dan lain sebagainya",efek rokok,F3,1,1
113,7,"Sedangkan gangguan di saluran pencernaan bisa disebabkan oleh gangguan asam lambung, yang menyebabkan perut kembung dan sering bersendawa",ganggu salur cerna ganggu asam lambung perut kembung sendawa,F3,1,1
113,8,"Jika sampai saat ini Anda belum melakukan pemeriksaan mengenai gejala yang Anda alami, maka sebaiknya dilakukan pemeriksaan terlebih dahulu ke dokter untuk mengetahui penyebabnya",laku periksa kena gejala alami laku periksa dokter,F5,1,1
113,9,"Perlu segera diwaspadai, terutama jika gejala Anda ini disertai demam, nyeri menelan, dan sesak napas",waspada utama gejala demam nyeri telan sesak napas,F5,1,1
113,10,"Hindari kebiasaan menahan - nahan penyakit dan memeriksakan saat kondisi telah parah, karena akan mempersulit pengobatan dan menyebabkan komplikasi penyakit",hindar tahan nahan sakit periksa kondisi parah sulit obat komplikasi sakit,F5,2,2
113,11,"Untuk meringankan gejala nyeri yang Anda alami, Anda bisa melakukan tips berikut ini : Perbanyak konsumsi air putih, terutama air hangat untuk mengencerkan dahak",ringan gejala nyeri alami laku tips konsumsi air putih utama air hangat encer dahak,F5,3,3
113,12,Makan dengan porsi kecil namun sering,makan porsi,F5,4,4
113,13,"Pilih makanan yang terjamin kebersihannya, sehat dan bergizi",pilih makan jamin bersih sehat gizi,F5,4,4
113,14,"Kurangi makanan yang merangsang saluran pencernaan seperti makanan asam, pedas, mengandung lemak jenuh tinggi",makan rangsang salur cerna makan asam pedas kandung lemak jenuh,F5,4,4
113,15,Kurangi konsumsi minuman berkafein dan bersoda,konsumsi minum berkafein soda,F5,4,4
113,16,Hindari rokok dan alkohol,hindar rokok alkohol,F5,4,5
113,17,Hindari paparan debu serta bahan kimia yang berbahaya bila terhirup,hindar papar debu bahan kimia bahaya hirup,F5,5,5
113,18,Istirahat yang cukup 7 - 8 jam per hari,istirahat jam,F5,6,6
113,19,Kendalikan stres dengan bijak,kendali stres bijak,F5,6,6
113,20,"Sekian, semoga bermanfaat",sekian moga manfaat,F1,6,6
113,21,"Salam, dr Vita Rahayu",salam dr vita rahayu,F1,7,7
114,0,"Halo Justin, terima kasih telah bertanya ke Alodokter",halo justin terima kasih alodokter,F1,0,0
114,1,"Batuk dan pilek pada anak bisa banyak penyebabnya, mulai dari alergi, iritasi saluran napas, infeksi virus, infeksi bakteri, hingga tersedak (aspirasi)",batuk pilek anak alergi iritasi salur napas infeksi virus infeksi bakteri sedak aspirasi,F3,1,1
114,2,"Batuk dan pilek ini, tergantung penyebab dan keparahannya, bisa ditangani dengan berbeda",batuk pilek gantung parah tangan beda,F3,1,1
114,3,"Seringnya, jika keluhan yang muncul ringan, dan penyebabnya berkaitan dengan alergi atau infeksi virus biasa, batuk pilek bisa sembuh dengan sendirinya tanpa perlu obat - obatan",keluh muncul ringan kait alergi infeksi virus batuk pilek sembuh obat obat,F3,1,1
114,4,"Akan tetapi, jika keluhan yang muncul cukup berat, dicurigai terjadi berkaitan dengan infeksi bakteri atau kondisi lain yang lebih serius, bisa juga dokter melakukan tatalaksana lebih lanjut, seperti memberikan obat, melakukan tes penunjang (contohnya rontgen atau laboratorium), hingga merekomendasikan agar dilakukan perawatan lebih intensif di rumah sakit",keluh muncul berat curiga kait infeksi bakteri kondisi serius dokter laku tatalaksana obat laku tes tunjang contoh rontgen laboratorium rekomendasi laku rawat intensif rumah sakit,F3,1,2
114,5,"Penentuan obat, termasuk jenis dan dosisnya, pada kasus batuk dan pilek anak idealnya dilakukan langsung oleh dokter yang memeriksa",obat masuk jenis dosis batuk pilek anak ideal laku langsung dokter periksa,F3,2,2
114,6,"Sebab, hal ini perlu disesuaikan tidak hanya dengan usia anak, namun juga postur tubuhnya, penyebab sakitnya, keluhan yang muncul, dan kondisi kesehatan si anak secara umum",sesuai usia anak postur tubuh sakit keluh muncul kondisi sehat si anak,F3,2,2
114,7,"Memang benar, 1 sendok teh dalam peresepan setara dengan 5 ml, sehingga jika dalam peresepan tertulis 1 / 2 sendok teh, artinya obat yang harus anak Anda konsumsi ialah 2,5 ml",sendok teh resep tara ml resep tulis sendok teh arti obat anak konsumsi ml,F4,3,3
114,8,"Mungkin yang dimaksudkan ialah Anda perlu menggunakan sendok teh yang berkapasitas 5 ml dalam memberikan obat tersebut sesuai takaran, karena bisa jadi, sendok teh ada banyak jenis dan ukurannya, sehingga bisa berbeda juga kapasitasnya",maksud sendok teh kapasitas ml obat sesuai takar sendok teh jenis ukur beda kapasitas,F4,3,3
114,9,"Namun, kembali lagi, mengingat kami tidak memeriksa anak Anda secara langsung, tentu kami juga tidak berwenang memberikan resep obat untuk mengatasi kondisinya",periksa anak langsung wenang resep obat kondisi,F4,4,4
114,10,"Lebih tepat, Anda tanyakan langsung hal ini dengan dokter atau dokter spesialis anak yang meresepkannya ya",langsung dokter dokter spesialis anak resep ya,F5,4,4
114,11,"Selain Mengonsumsi obat sesuai saran dokter, agar batuk pileknya mereda, sebaiknya Anda: Susui anak Anda ASI dan beri ia air hangat lebih banyak",konsumsi obat sesuai saran dokter batuk pilek reda susu anak asi air hangat,F5,4,4
114,12,"Beri juga ia variasi makanan bergizi, lengkap dengan buah yang kaya vitamin C Tidak sembarangan memberi anak obat lain tanpa resep dokter, atau mengubah - ubah dosisnya sesuka hati",variasi makan gizi lengkap buah kaya vitamin c sembarang anak obat resep dokter ubah ubah dosis suka hati,F5,4,4
114,13,"Jauhkan anak dari substansi yang bisa membuatnya alergi, dingin, debu, asap, dan polusi",anak substansi alergi dingin debu asap polusi,F5,5,5
114,14,"Jaga agar lingkungan sekitar anak selalu bersih, bersirkulasi dan berpencahayaan baik",jaga lingkung anak bersih sirkulasi berpencahayaan,F5,5,5
114,15,Mandikan anak dengan air hangat,mandi anak air hangat,F5,5,5
114,16,Jauhkan anak dari orang yang sedang mengalami infeksi saluran napas menular,anak orang alam infeksi salur napas tular,F5,5,5
114,17,Semoga membantu,moga bantu,F1,5,5
115,0,"Halo, Haris E A",halo haris e a,F1,0,0
115,1,terima kasih atas pertanyaan yang disampaikan ke Alodokter,terima kasih alodokter,F1,0,0
115,2,Kami dapat memahami kekhawatiran yang Anda rasakan,paham khawatir,F1,0,0
115,3,"Keluhan ruam kulit berupa kemerahan di area selangkangan setiap menggunakan pembalut tertentu dapat disebabkan oleh beberapa kemungkinan, yang tersering meliputi: Dermatitis kontak iritan (radang kulit akibat kontak terhadap bahan iritatif [deterjen, sabun, bahan kimia, dan lain sebagainya], tidak berhubungan dengan proses pembentukan kekebalan tubuh sehingga gejala dapat timbul pada pajanan pertama dengan faktor risiko tertentu)",keluh ruam kulit rupa merah area selangkang balut liput dermatitis kontak irit radang kulit akibat kontak hadap bahan iritatif deterjen sabun bahan kimia hubung proses bentuk kebal tubuh gejala timbul pajan faktor risiko,F3,1,1
115,4,"Dermatitis kontak alergi (radang kulit akibat kontak terhadap bahan alergenik [karet, logam, serbuk sari tanaman], berhubungan dengan proses pembentukan kekebalan tubuh sehingga gejala biasanya timbul setelah mengalami pajanan berulang dengan faktor risiko tertentu)",dermatitis kontak alergi radang kulit akibat kontak hadap bahan alergenik karet logam serbuk sari tanam hubung proses bentuk kebal tubuh gejala timbul alam pajan ulang faktor risiko,F3,1,1
115,5,"Dermatitis atopi, yaitu peradangan kulit kronis dan berulang, berkaitan dengan riwayat atopi (asma, rinitis alergi, konjungtivitis alergi) pada pasien / keluarga",dermatitis atop radang kulit kronis ulang kait riwayat atop asma rinitis alergi konjungtivitis alergi pasien keluarga,F3,2,2
115,6,Kami menyarankan agar pasien memeriksakan diri secara langsung ke dokter atau dokter spesialis kulit agar dapat dilakukan evaluasi supaya dapat ditentukan penyebab yang tepat dari keluhan dan diberikan penanganan yang sesuai,saran pasien periksa langsung dokter dokter spesialis kulit laku evaluasi keluh tangan sesuai,F5,2,2
115,7,"Dokter mungkin akan memberikan obat krim / salep untuk dioleskan pada ruam kulit yang muncul, dan obat minum untuk meredakan gatal",dokter obat krim salep oles ruam kulit muncul obat minum reda gatal,F5,2,2
115,8,"Keluhan tidak lancarnya haid kemungkinan tidak terkait langsung dengan masalah peradangan kulit, tetapi Anda juga dapat mengonsultasikan hal tersebut dengan dokter agar dapat dilakukan evaluasi dan penanganan yang diperlukan",keluh lancar haid kait langsung radang kulit konsultasi dokter laku evaluasi tangan,F5,2,2
115,9,Anda disarankan untuk menghentikan penggunaan produk pembalut yang dicurigai menjadi pencetus ruam kulit tersebut dan menggantinya dengan produk lain yang tidak menimbulkan keluhan,saran henti produk balut curiga cetus ruam kulit ganti produk timbul keluh,F5,3,3
115,10,"Anda juga disarankan untuk menggunakan sabun yang lebih lembut untuk kulit (relatif tidak iritatif), misalnya sabun bayi; rutin mengganti pembalut setiap 4 - 6 jam atau jika sudah terasa penuh / lembab; dan hindari penggunaan pakaian dalam yang terlampau ketat",saran sabun lembut kulit relatif iritatif sabun bayi rutin ganti balut jam penuh lembab hindar pakai lampau ketat,F5,3,3
115,11,"Untuk memperkaya wawasan, Anda dapat membaca artikel tentang dermatitis kontak",kaya wawas baca artikel dermatitis kontak,F5,3,3
115,12,Demikian penjelasan dari kami,,F1,3,3
115,13,Mudah - mudahan senantiasa sehat,mudah mudah senantiasa sehat,F1,3,3
115,14,Semoga bermanfaat,moga manfaat,F1,3,3
116,0,"Halo Nalurita, terima kasih atas pertanyaannya",halo nalurita terima kasih,F1,0,0
116,1,Siklus menstruasi seorang wanita dipengaruhi oleh fluktuasi hormon reproduksi,siklus menstruasi orang wanita pengaruh fluktuasi hormon reproduksi,F3,0,0
116,2,Adanya gangguan hormon reproduksi dapat menyebabkan terjadinya gangguan menstruasi termasuk perdarahan di luar menstruasi,ganggu hormon reproduksi ganggu menstruasi masuk darah menstruasi,F3,0,0
116,3,"Perdarahan di luar menstruasi dapat disebabkan oleh sejumlah kondisi berikut: gangguan hormon misalnya karena aktivitas fisik yang melelahkan, tingkat stres yang tinggi, perubahan berat badan yang drastis, obesitas, diet ketat, gangguan hormon tiroid, sindrom ovarium polikistik ovulasi, bila terjadi di tengah siklus menstruasi perdarahan implantasi radang panggul endometriosis",darah menstruasi kondisi ganggu hormon aktivitas fisik lelah tingkat stres ubah berat badan drastis obesitas diet ketat ganggu hormon tiroid sindrom ovarium polikistik ovulasi siklus menstruasi darah implantasi radang panggul endometriosis,F3,0,0
116,4,"Untuk saat ini, belum dapat ditentukan dengan pasti penyebab dari perdarahan yang Anda alami, bisa saja salah satu dari kemungkinan di atas",darah alami salah,F4,0,0
116,5,"Bila perdarahan ini hanya terjadi sedikit dan berhenti, maka tidak ada yang perlu Anda khawatirkan saat ini",darah henti khawatir,F4,0,0
116,6,Anda dapat menunggu waktu menstruasi Anda berikutnya,tunggu menstruasi,F4,0,0
116,7,"Jika Anda mengalami terlambat menstruasi hingga setidaknya 1 minggu, Anda dapat melakukan testpack untuk mendeteksi adanya kehamilan",alam lambat menstruasi minggu laku testpack deteksi hamil,F4,0,0
116,8,Anda dapat mengulang testpack 1 minggu berikutnya jika Anda belum menstruasi juga atau segera berkonsultasi dengan dokter spesialis kebidanan dan kandungan,ulang testpack minggu menstruasi konsultasi dokter spesialis bidan kandung,F4,1,1
116,9,"Anda juga dianjurkan untuk segera berkonsultasi jika keluhan perdarahan tidak kunjung berhenti, disertai dengan sakit perut bawah, sakit panggul, atau sakit saat berhubungan badan, disertai dengan keputihan yang tidak normal, atau disertai demam",anjur konsultasi keluh darah kunjung henti sakit perut sakit panggul sakit hubung badan putih normal demam,F5,1,1
116,10,Dokter perlu melakukan pemeriksaan langsung pada Anda untuk mencari penyebabnya dan memberikan penanganan selanjutnya,dokter laku periksa langsung cari tangan,F5,1,1
116,11,"Silakan Anda lakukan juga saran berikut: batasi aktivitas fisik Anda, beristirahatlah dengan cukup 6 - 8 jam per hari hindari diet ketat, perbanyak konsumsi makanan bergizi menurunkan berat badan dengan cara yang baik jika Anda memiliki berat badan berlebihan mengelola stres dengan baik",sila laku saran batas aktivitas fisik istirahat jam hindar diet ketat konsumsi makan gizi turun berat badan milik berat badan kelola stres,F5,2,2
116,12,Semoga informasi ini dapat membantu Anda,moga informasi bantu,F1,2,2
117,0,"Hai Diyah, terima kasih untuk pertanyaannya",hai diyah terima kasih,F1,0,0
117,1,KB implan merupakan salah satu jenis kontrasepsi yang cukup digemari karena kemudahan pemakaian (tidak perlu melakukan apapun setelah pemasangan) dan dapat digunakan dalam jangka waktu lama,kb implan rupa salah jenis kontrasepsi gemar mudah pakai laku pasang jangka,F3,1,1
117,2,"Implan mengandung hormon progesteron yang dilepaskan secara perlahan sehingga dapat menekan ovulasi (keluarnya sel telur dari indung telur), mengurangi pergerakan sperma, dan menjadikan selaput rahim tipis dan atrofi (menyusut)",implan kandung hormon progesteron lepas perlahan tekan ovulasi sel telur indung telur gerak sperma selaput rahim tipis atrofi susut,F3,2,2
117,3,Ketiga hal ini membuat kehamilan dapat dicegah,hamil cegah,F3,2,3
117,4,Salah satu efek samping dari implan adalah adanya perubahan pola haid,salah efek samping implan ubah pola haid,F3,2,3
117,5,Pola haid dapat menjadi tidak teratur pada setahun pertama pemakaian (setidaknya 20% wanita yang menggunakan implan tidak menstruasi),pola haid atur pakai wanita implan menstruasi,F3,2,3
117,6,Kesuburan dapat segera kembali normal setelah implan dicabut dan menstruasi bukan merupakan tanda bahwa kesuburan Anda sudah kembali,subur normal implan cabut menstruasi rupa tanda subur,F4,2,3
117,7,"Setelah implan dicabut, perlindungan untuk mencegah kehamilan menghilang sehingga jika Anda melakukan hubungan seksual kemungkinan Anda untuk hamil tetap ada meskipun Anda belum menstruasi kembali",implan cabut lindung cegah hamil hilang laku hubung seksual hamil menstruasi,F3,3,3
117,8,"Namun, terdapat beberapa faktor lain yang berpengaruh pada kemungkinan seseorang untuk hamil, diantaranya: Usia, wanita di atas 30 tahun kemungkinan hamil lebih kecil dan kesempatan ini semakin berkurang di tahun - tahun selanjutnya",faktor pengaruh orang hamil usia wanita hamil,F3,3,3
117,9,Frekuensi berhubungan seksual,frekuensi hubung seksual,F3,3,3
117,10,"Menstruasi yang tidak teratur, menyebabkan sulitnya menentukan kapan waktunya Anda ovulasi (dimana merupakan masa subur yang paling ideal untuk melakukan hubungan seksual)",menstruasi atur sulit ovulasi rupa subur ideal laku hubung seksual,F3,3,3
117,11,"Sudah berapa lama Anda mencoba untuk hamil, hal ini berkaitan dengan fertilitas (kesuburan) seseorang",coba hamil kait fertilitas subur orang,F2,3,3
117,12,Penyakit lain yang dapat mempengaruhi kehamilan,sakit pengaruh hamil,F3,3,3
117,13,"Jika Anda sudah berhubungan seksual secara rutin setelah implan dilepas, Anda dapat mencoba melakukan tes deteksi kehamilan setelah 8 hari berhubungan",hubung seksual rutin implan lepas coba laku tes deteksi hamil hubung,F5,3,3
117,14,Anda juga dapat memperhatikan tanda - tanda kehamilan yang mungkin dirasakan,hati tanda tanda hamil,F5,3,3
117,15,"Jika masih khawatir haid atau kehamilan tidak kunjung datang, tidak ada salahnya untuk berkonsultasi dengan dokter spesialis kandungan",khawatir haid hamil kunjung salah konsultasi dokter spesialis kandung,F5,4,4
117,16,Artikel mengenai cara cepat hamil dan memulai kehamilan dapat dibaca sebagai tambahan,artikel kena cepat hamil pulai hamil baca,F5,4,4
117,17,"Sekian, semoga membantu",sekian moga bantu,F1,4,4
117,18,dr Sonia L,dr sonia l,F1,5,5
118,0,Greta yang baik,greta,F1,0,0
118,1,Ada banyak alasan mengapa seseorang mengalami keterlambatan menstruasi,alas orang alam lambat menstruasi,F3,0,0
118,2,"Pada siklus haid Anda yang berkisar antara 30 - 35 hari, maka umumnya masa subur berada pada 14 - 18 hari sebelum siklus haid Anda yang berikutnya",siklus haid kisar subur siklus haid,F4,0,0
118,3,"Yang menjadi masalah ialah sulit menentukan masa subur hanya dengan siklus haid semata, tanpa memperhatikan durasi haid",sulit subur siklus haid hati durasi haid,F3,0,0
118,4,"Mengenai kemungkinan hamil sendiri, selama penis sempat berpenetrasi ke dalam liang vagina, sekalipun sperma dikeluarkan di luar, maka kemungkinan hamil akan tetap ada, karena sebelum mencabut penis, biasanya sperma sudah dikeluarkan sedikit di dalam dalam bentuk cairan pre - ejakulat",kena hamil penis penetrasi liang vagina sperma hamil cabut penis sperma bentuk cair pre ejakulat,F4,0,0
118,5,"Sehingga dengan kata lain, tanpa pengaman, kemungkinan hamil akan selalu ada",aman hamil,F4,0,0
118,6,"Telat menstruasi, bisa disebabkan juga oleh kemungkinan lain seperti stres psikis, perubahan pola makan dan gaya hidup, penyakit tiroid, dan kista ovarium",telat menstruasi stres psikis ubah pola makan gaya hidup sakit tiroid kista ovarium,F3,0,0
118,7,"Tanda - tanda kehamilan sendiri masih bersifat subjektif, pembuktian dengan testpack pun akurasinya masih bisa diragukan sehingga tidak bisa dijadikan pegangan",tanda tanda hamil sifat subjektif bukti testpack akurasi ragu pegang,F3,1,1
118,8,Satu - satunya cara paling akurat untuk membuktikan apakah seseorang hamil atau tidak ialah dengan mendeteksi denyut jantung bayi melalui pemeriksaan USG mulai minggu ke 5 - 6 pasca berhentinya haid,akurat bukti orang hamil deteksi denyut jantung bayi periksa usg minggu pasca henti haid,F3,1,1
118,9,Oleh karenanya kami menyarankan Anda untuk memeriksakannya ke dokter kandungan terlebih dahulu untuk mendapatkan evaluasi yang lebih objektif,saran periksa dokter kandung evaluasi objektif,F5,2,2
118,10,Berikut kami lampirkan artikel mengenai telat menstruasi,lampir artikel kena telat menstruasi,F5,2,2
118,11,Semoga bermanfaat,moga manfaat,F5,2,2
118,12,dr N K Arief,dr n k arief,F1,2,2
119,0,Hai,hai,F1,0,0
119,1,Batuk disertai darah tersebut dapat disebabkan oleh batuk yang parah dan terjadi berkepanjangan,batuk darah batuk parah,F1,0,0
119,2,"Beberapa penyebab lain dari batuk berdarah diantaranya: tuberkulosis, bronkhitis, kanker paru, efek samping obat pengencer darah",batuk darah tuberkulosis bronkhitis kanker paru efek samping obat encer darah,F4,0,0
119,3,"Perdarahan di dalam mulut, hidung, atau tenggorokan, yang bercampur air liur, juga dapat menyebabkan batuk disertai dengan darah",darah mulut hidung tenggorok campur air liur batuk darah,F3,0,0
119,4,Usahakan untuk lebih sering minum air putih untuk membantu menjaga kelembapan tenggorokan,usaha minum air putih bantu jaga lembap tenggorok,F5,0,0
119,5,Kurangi konsumsi makanan berlemak atau yang diproses dengan digoreng,konsumsi makan lemak proses goreng,F5,0,0
119,6,Hindari merokok atau asap rokok,hindar rokok asap rokok,F5,0,0
119,7,"Jika gejala masih berlanjut, disarankan agar Anda periksa ke dokter",gejala saran periksa dokter,F5,1,1
119,8,Sehingga dapat dilakukan pemeriksaan fisik dan tes penunjang seperti sinar X atau pemeriksaan sampel dahak,laku periksa fisik tes tunjang sinar x periksa sampel dahak,F5,1,1
119,9,Dokter akan memberikan pengobatan yang tepat sesuai dengan penyebab medis yang mendasari,dokter obat sesuai medis dasar,F5,1,1
119,10,"Semoga bermanfaat, dr Jessica",moga manfaat dr jessica,F1,1,1
120,0,Halo,halo,F1,0,0
120,1,terima kasih atas pertanyaannya pada Alodokter,terima kasih alodokter,F1,0,0
120,2,"Pilek merupakan suatu tanda atau gejala dari adanya infeksi pada hidung, saluran sinus, dan saluran pernafasan atas akibat adanya infeksi dari virus atau bakteri",pilek rupa tanda gejala infeksi hidung salur sinus salur nafas akibat infeksi virus bakteri,F3,1,1
120,3,Biasanya pilek ini ditandai dengan keluarnya cairan bening dari hidung yang mungkin dapat berubah warna menjadi kuning atau hijau setelah satu minggu,pilek tanda cair bening hidung ubah warna kuning hijau minggu,F3,1,1
120,4,"Balita, karena sistem daya tahan tubuh yang masih lemah dibandingkan dengan orang dewasa memiliki kemungkinan untuk terjadi pilek ini karena terdapat 200 lebih jenis virus yang dapat menyebabkan keluhan pilek",balita sistem daya tahan tubuh lemah banding orang dewasa milik pilek jenis virus keluh pilek,F3,1,1
120,5,Human rhinovirus (HRV) merupakan jenis virus yang tersering menyebabkan pilek,human rhinovirus hrv rupa jenis virus pilek,F3,1,1
120,6,"Pada bayi, beberapa cara untuk meringankan gejala pilek tersebut adalah: Tempatkan bayi di ruangan tanpa AC untuk mengurangi hidung tersumbat",bayi ringan gejala pilek bayi ruang ac hidung sumbat,F5,2,2
120,7,Anda juga dapat menggunakan mesin pelembab udara atau uap air panas untuk membantu melegakan pernafasan bayi,mesin pelembab udara uap air panas bantu lega nafas bayi,F5,2,2
120,8,"Bila pilek sudah sangat mengganggu, Anda dapat menggunakan air garam yang diteteskan ke ujung lubang hidung bayi untuk mengencerkan ingus dan gunakanlah alat penyedot ingus bayi untuk membersihkannya",pilek ganggu air garam tetes ujung lubang hidung bayi encer ingus alat sedot ingus bayi bersih,F5,2,2
120,9,Tepuk perlahan punggung bayi untuk membantu meringankan sumbatan pada pernafasannya,tepuk perlahan punggung bayi bantu ringan sumbat nafas,F5,2,2
120,10,Untuk menghindari iritasi Anda dapat mengoleskan pelembab ( petroleum jelly ) di bagian luar lubang hidung,hindar iritasi oles pelembab petroleum jelly lubang hidung,F5,2,2
120,11,Gunakan kapas yang dibasahi dengan air hangat untuk membersihkan cairan hidung atau lendir yang mengeras pada hidung bayi,kapas basah air hangat bersih cair hidung lendir keras hidung bayi,F5,2,2
120,12,Hindari penggunaan spray hidung pada bayi dan pemberian obat - obatan tanpa anjuran dari dokter,hindar spray hidung bayi obat obat anjur dokter,F5,3,3
120,13,Sekian informasi yang dapat kami sampaikan,sekian informasi,F5,3,3
120,14,"Semoga bermanfaat, dr Winda Indriati",moga manfaat dr winda indriati,F1,3,3
121,0,"Halo, Terima kasih atas pertanyaannya untuk Alodokter",halo terima kasih alodokter,F1,0,0
121,1,"Pertama - tama, sebaiknya anda menjelaskan terlebih dahulu, kapan persisnya operasi pengangkatan kista dilakukan?",tama persis operasi angkat kista laku,F2,1,1
121,2,Apakah yang dirasakan oleh kakak anda adalah nyeri di vaginanya atau nyeri pada bagian perut bawah?,kakak nyeri vagina nyeri perut,F2,1,1
121,3,"Paska operasi pengangkatan kista, pasien memang masih mungkin merasakan nyeri pada perut bagian bawah terutama pada beberapa hari pertama paska operasi",paska operasi angkat kista pasien nyeri perut utama paska operasi,F4,1,1
121,4,"Setelah sekitar 4 - 6 minggu, pemulihan total seharusnya sudah dicapai dan pasien umumnya sudah diperbolehkan untuk melakukan aktivitas seperti biasa lagi",minggu pulih total capai pasien laku aktivitas,F4,1,1
121,5,"Bila memang kakak anda merasakan nyeri pada perut bagian bawahnya setelah lewat dari 6 minggu paska operasi, sebaiknya konsultasikan kembali dengan dokter kandungan yang melakukan operasi",kakak nyeri perut minggu paska operasi konsultasi dokter kandung laku operasi,F4,1,1
121,6,"Bila yang dirasakan oleh kakak anda adalah nyeri pada bagian vaginanya dan nyeri hanya dirasakan saat menstruasi saja, maka kemungkinan nyeri tersebut tidak berkaitan dengan kista ovarium yang pernah dimilikinya, ataupun operasi pengangkatan kista ovariumnya sendiri",kakak nyeri vagina nyeri menstruasi nyeri kait kista ovarium milik operasi angkat kista ovarium,F4,2,1
121,7,"Nyeri (ataupun rasa tidak nyaman, gatal) pada vagina saat menstruasi sebenarnya bukan gejala yang jarang terjadi saat wanita sedang mengalami menstruasi",nyeri nyaman gatal vagina menstruasi gejala jarang wanita alam menstruasi,F3,2,2
121,8,"Gejala nyeri ini bisa muncul karena pengaruh zat - zat kimia yang dihasilkan rahim saat menstruasi yang bisa menyebabkan munculnya gejala - gejala dismenore lainnya juga seperti nyeri atau kram pada perut bawah, nyeri pinggul, nyeri punggung, mual dan muntah, diare, dan lain – lain",gejala nyeri muncul pengaruh zat zat kimia hasil rahim menstruasi muncul gejala gejala dismenore nyeri kram perut nyeri pinggul nyeri punggung mual muntah diare,F3,2,2
121,9,"Namun bila memang nyeri yang dirasakan kakak anda sangat hebat hingga mengganggu aktivitasnya, maka perlu dievaluasi kembali kemungkinan penyebab lainnya, misalnya: vulvodinia yaitu rasa nyeri ataupun rasa seperti terbakar pada vulva (area sekitar vagina) tanpa penyebab yang jelas yang terjadi selama 3 bulan atau lebih",nyeri kakak hebat ganggu aktivitas evaluasi vulvodinia nyeri bakar vulva area vagina,F5,2,2
121,10,"infeksi pada organ reproduksi, misalnya infeksi jamur (candida) ataupun infeksi bakteri (bakterial vaginosis, gonore, chlamydia) peradangan ataupun infeksi pada kulit sekitar vagina kista ataupun abses kelenjar bartholin kanker vulva dan lain - lain",infeksi organ reproduksi infeksi jamur candida infeksi bakteri bakterial vaginosis gonore chlamydia radang infeksi kulit vagina kista abses kelenjar bartholin kanker vulva,F5,3,3
121,11,Sebaiknya lakukan pemeriksaan ke dokter kembali bila memang nyeri tersebut sangat mengganggu agar bisa dievaluasi dan ditatalaksana lebih lanjut,laku periksa dokter nyeri ganggu evaluasi ditatalaksana,F5,4,4
121,12,"Sekian informasi dari saya, semoga cukup menjawab",sekian informasi moga,F1,4,4
122,0,Halo Anhyy HeRman,halo anhyy herman,F1,0,0
122,1,Perdarahan akibat implantasi (ertanam) hasil pembuahan di dalam rahim biasanya sering disalah kira sebagai menstruasi,darah akibat implantasi ertanam hasil buah rahim salah menstruasi,F3,1,1
122,2,"Perdarahan akibat implantasi biasaya hanya terjadi 1 - 3 hari, darah yang keluar hanya sedikit – sedikit / spotting",darah akibat implantasi biasaya darah spotting,F3,1,1
122,3,Perdarahan ini bisa terjadi 6 - 12 hari setelah proses pembuahan sel telur oleh sperma,darah proses buah sel telur sperma,F3,1,1
122,4,Untuk mengetahui hamil atau tidak sebaiknya lakukan pemeriksaan testpack,hamil laku periksa testpack,F5,2,2
122,5,Testpack paling baik dilakukan bila Anda mengalami terlambat datang menstruasi,testpack laku alam lambat menstruasi,F5,2,2
122,6,"Tanda kehamilan awal yang dapat dirasakan adalah mual, rasa badan tidak enak, kram - kram di perut bawah, payudara terasa tegang",tanda hamil mual badan enak kram kram perut payudara tegang,F3,3,2
122,7,"Bila memang sudah hamil namun terjadi perdarahan, hal tersebut harus diwaspadai sebagai abortus (keguguran) ataupun kehamilan ektopik",hamil darah waspada abortus gugur hamil ektopik,F3,3,2
122,8,"Bila hasil testpack negatif, keluarnya darah dari kemaluan bisa terjadi pada gangguan menstruasi ataupun pada ibu hamil yang mengalami abortus komplit",hasil testpack negatif darah malu ganggu menstruasi hamil alam abortus komplit,F5,3,2
122,9,"Untuk lebih pasti, sebaiknya Anda berkonsultasi dengan dokter spesialis kandungan",konsultasi dokter spesialis kandung,F5,4,3
122,10,"Waspada bila perdarahan yang keluar bertambah banyak, disertai rasa nyeri perut bagian bawah yang hebat, serta rasa lemas",waspada darah nyeri perut hebat lemas,F5,4,4
122,11,"Demikian penjelasan dari saya, semoga bermanfaat",moga manfaat,F1,4,4
123,0,"Halo Dean, Terima kasih sudah bertanya ke Alodokter, perkenalkan saya dr Christian Haryanto akan membantu menjawab pertanyaan Anda",halo dean terima kasih alodokter kenal dr christian haryanto bantu,F1,0,0
123,1,"Normalnya, buang air kecil dalam sehari adalah 4 sampai 8 kali sehari, dengan jumlah 1 sampai 1,8 liter per hari",normal buang air kali liter,F3,1,1
123,2,"Buang air kecil lebih sering yang Anda alami kemungkinan karena terlalu banyak minum atau suatu hal yang lain, seperti: Infeksi pada saluran kemih",buang air alami minum infeksi salur kemih,F4,1,1
123,3,Kandung kemih terlalu aktif (overactive bladder),kandung kemih aktif overactive bladder,F4,2,2
123,4,Stres atau faktor psikologis,stres faktor psikologis,F4,3,2
123,5,Kehamilan,hamil,F4,3,2
123,6,Diabetes,diabetes,F4,3,2
123,7,Batu ginjal,batu ginjal,F4,3,2
123,8,Gangguan prostat,ganggu prostat,F4,3,2
123,9,Mengonsumsi obat - obatan diuretik,konsumsi obat obat diuretik,F4,3,3
123,10,Stroke Divertikulitis,stroke divertikulitis,F4,3,3
123,11,"Sebaiknya Anda berkonsultasi terlebih dahulu ke Dokter, untuk mengetahui penyebab dari gejala yang di alami agar dapat dilakukan pemeriksaan dan pengobatan secara tepat",konsultasi dokter gejala alami laku periksa obat,F5,3,3
123,12,Dokter akan melakukan wawancara dan pemeriksaan secara menyeluruh,dokter laku wawancara periksa,F5,4,4
123,13,"Kemungkinan akan dilakukan pemeriksaan urin dan darah pada laboratorium, USG, CT - scan atau MRI jika diperlukan",laku periksa urin darah laboratorium usg ct scan mri,F5,4,4
123,14,Beberapa hal yang dapat Anda lakukan adalah: Cukupi kebutuhan cairan dan gizi,laku butuh cair gizi,F5,4,5
123,15,Istirahat yang cukup,istirahat,F5,5,5
123,16,Menjaga kebersihan dari alat kelamin,jaga bersih alat kelamin,F5,5,5
123,17,Mengelola stres dengan baik,kelola stres,F5,5,5
123,18,Semoga bermanfaat,moga manfaat,F1,5,5
123,19,"Salam, dr Christian Haryanto",salam dr christian haryanto,F1,6,6
124,0,"Halo, Tri",halo tri,F1,0,0
124,1,terima kasih atas pertanyaannya kepada tim Alodokter,terima kasih tim alodokter,F1,0,0
124,2,Obat golongan ACE inhibitor adalah salah satu pengobatan hipertensi,obat golong ace inhibitor salah obat hipertensi,F3,1,1
124,3,Obat ini bekerja dengan menghambat enzim pengubah angiotensin dan kemudian bertujuan melemaskan pembuluh darah,obat kerja hambat enzim ubah angiotensin tuju lemas buluh darah,F3,1,1
124,4,Kondisi inilah yang diharapkan dapat menurunkan tekanan darah,kondisi harap turun tekan darah,F3,1,1
124,5,Salah satu obat golongan ini adalah ramipril,salah obat golong ramipril,F3,1,1
124,6,Ramipril sebaiknya digunakan berhati - hati pada kondisi berikut: - Ibu hamil dan menyusui,ramipril hati hati kondisi hamil susu,F5,2,2
124,7,- Sedang dalam keadaan dehidrasi paska diare hebat atau muntah - muntah,dehidrasi paska diare hebat muntah muntah,F5,2,2
124,8,- Pada pasien yang melakukan cuci darah atau dialisis,pasien laku cuci darah dialisis,F5,2,2
124,9,- pasien yang mengonsumsi obat - obatan antinyeri seperti ibuprofen,pasien konsumsi obat obat antinyeri ibuprofen,F5,3,3
124,10,- Resiko alergi,resiko alergi,F5,3,3
124,11,"Apabila pasien menderita asma, sebaiknya lakukan konsultasi terlebih dahulu kepada dokter yang meresepkan obat sebelum mengonsumsi ramipril",pasien derita asma laku konsultasi dokter resep obat konsumsi ramipril,F5,3,3
124,12,"Kombinasi adalah salah satu pilihan terapi pengobatan hipertensi, yaitu dengan cara menggunakan dua obat dari dua golongan berbeda yang dikonsumsi bersama dalam satu hari, sesuai dosis dan aturan pemakaian masing - masing golongan",kombinasi salah pilih terapi obat hipertensi obat golong beda konsumsi sesuai dosis atur pakai golong,F4,3,3
124,13,"Salam, dr Amy",salam dr amy,F1,4,4
125,0,Hai Febi,hai febi,F1,0,0
125,1,KB IUD merupakan kontrasepsi intrauterin (dalam rahim) atau yang dikenal sebagai KB spiral yang bermanfaat untuk menunda atau merencanakan kehamilan,kb iud rupa kontrasepsi intrauterin rahim kenal kb spiral manfaat tunda rencana hamil,F3,0,0
125,2,Kontrasepsi ini memiliki angka efektivitas yang sangat tinggi (99%) dan memiliki efektivitas yang lebih tinggi dari kontrasepsi pil (92 - 97%) sehingga sangatlah kecil kemungkinan Anda untuk hamil bila pemasangan IUD sudah sesuai,kontrasepsi milik angka efektivitas milik efektivitas kontrasepsi pil hamil pasang iud sesuai,F4,0,0
125,3,Terdapat 2 jenis KB IUD yakni hormonal dan non hormonal,jenis kb iud hormonal non hormonal,F3,0,0
125,4,Pada pengunaan KB hormonal dapat terjadi gangguan menstruasi atau bahkan tidak menstruasi,pengunaan kb hormonal ganggu menstruasi menstruasi,F3,0,0
125,5,Namun pada pengunaan KB non hormonal (IUD tembaga / copper ) umumnya dapat terjadi peningkatan jumlah dan frekuensi menstruasi,pengunaan kb non hormonal iud tembaga copper tingkat frekuensi menstruasi,F3,0,0
125,6,"Terkait hal ini sebaiknya Anda berkonsultasi secara langsung dengan dokter Anda atau dokter spesialis kandungan agar dilakukan pemeriksaan lebih lanjut terkait kondisi Anda karena selain akibat pengunaan kontrasepsi, gangguan menstruasi juga dapat disebabkan oleh kondisi medis lain seperti PCOS atau gangguan hormonal",kait konsultasi langsung dokter dokter spesialis kandung laku periksa kait kondisi akibat pengunaan kontrasepsi ganggu menstruasi kondisi medis pcos ganggu hormonal,F5,1,1
125,7,Berikut artikel terkait pertanyaan Anda : Sisi positif dan negatif KB spiral,artikel kait sisi positif negatif kb spiral,F5,1,1
125,8,"Semoga bermanfaat, dr Budiono",moga manfaat dr budiono,F1,1,1
126,0,"Halo, terima kasih atas pertanyaannya untuk Alodokter",halo terima kasih alodokter,F1,0,0
126,1,Cyclo Progynova adalah obat yang berisi estradiol valerate,cyclo progynova obat isi estradiol valerate,F3,1,0
126,2,"Obat ini diberikan untuk mengatasi gejala - gejala menopause yang mengganggu, mengatasi amenorea atau tidak menstruasi pada wanita yang masih menstruasi, ataupun mengatasi siklus menstruai yang tidak teratur karena gangguan keseimbangan hormonal",obat gejala gejala menopause ganggu amenorea menstruasi wanita menstruasi siklus menstruai atur ganggu imbang hormonal,F3,1,0
126,3,"Cyclo proginova tidak sama dengan kontrasepsi hormonal, sehingga tidak akan menghambat ovulasi dan tidak akan mencegah kehamilan",cyclo proginova kontrasepsi hormonal hambat ovulasi cegah hamil,F4,1,0
126,4,Anda tidak boleh Mengonsumsi obat ini bila anda sedang hamil dan juga harus segera berhenti konsumsi obat ini bila anda hamil,konsumsi obat hamil henti konsumsi obat hamil,F4,1,0
126,5,Sebaiknya anda selalu mendiskusikan dengan dokter kandungan yang memberikan resep obat ini pada anda bila anda hendak merencanakan atau menunda kehamilan,diskusi dokter kandung resep obat rencana tunda hamil,F5,1,0
126,6,"Sekian informasi dari saya, semoga cukup menjawab",sekian informasi moga,F1,1,0
127,0,"Selamat malam, terima kasih telah bertanya di Alodokter",selamat malam terima kasih alodokter,F1,0,0
127,1,Antibiotik merupakan salah satu golongan obat yang dikenal luas oleh masyarakat,antibiotik rupa salah golong obat kenal luas masyarakat,F3,1,1
127,2,"Hal ini karena memang secara statistik, infeksi bakteri merupakan salah satu penyakit yang paling sering diderita, baik itu infeksi pada saluran pernafasan, pencernaan, kulit, telinga, saluran kemih dan lain sebagainya",statistik infeksi bakteri rupa salah sakit derita infeksi salur nafas cerna kulit telinga salur kemih,F3,2,2
127,3,Namun dalam beberapa dekade terakhir ditemukan bahwa penggunaan antibiotik seringkali tidak rasional atau tidak tepat guna,dekade temu antibiotik seringkali rasional,F3,3,3
127,4,"Hal ini disamping membuang - buang biaya, juga berpotensi menimbulkan bahaya berupa bakteri yang justru akan kebal terhadap antibiotik",samping buang buang biaya potensi timbul bahaya rupa bakteri kebal hadap antibiotik,F3,4,3
127,5,"Bila bakteri sudah kebal, penyembuhan penyakit akan lebih sulit dan gejalanya pun bisa jadi lebih berat",bakteri kebal sembuh sakit sulit gejala berat,F3,4,4
127,6,"Sehingga, sekarang antibiotik tidak boleh lagi dibeli tanpa resep dokter, dan harus dihabiskan meski gejalanya sudah mereda",antibiotik beli resep dokter habis gejala reda,F3,5,4
127,7,"Mengenai pertanyaan Anda, tidak masalah mengonsumsi antibiotik seperti itu selama memang itu merupakan anjuran dokter",kena konsumsi antibiotik rupa anjur dokter,F4,5,4
127,8,"Karena bila memang kenyataannya infeksi bakterinya berulang dan ada bukti - bukti yang mendukung, bila penanganannya hanya bisa menggunakan antibiotik, maka itu yang harus diberikan",nyata infeksi bakteri ulang bukti bukti dukung tangan antibiotik,F3,5,4
127,9,"Yang tidak boleh adalah apabila seseorang diberikan antibiotik, namun merasa lebih baik dan menghentikan sendiri pengobatannya, lalu jika beberapa hari kemudian dia merasa gejalanya kembali, dia lanjutkan sendiri",orang antibiotik henti obat gejala,F3,5,4
127,10,"Tapi untuk kasus teman Anda, bila memang indikasinya jelas demikian, maka tidak masalah",teman indikasi,F3,5,5
127,11,"Lalu untuk pertanyaan selanjutnya, ketika antibiotik sudah terlewat 2 - 3 hari, sebaiknya teman Anda kembali lagi ke dokter yang sama untuk berkonsultasi",antibiotik teman dokter konsultasi,F4,5,5
127,12,Karena selisih 2 - 3 hari itu cukup lama dan kadar antibiotik dalam tubuh pasti sudah hilang,selisih kadar antibiotik tubuh hilang,F3,5,6
127,13,"Dengan berkonsultasi ke dokter, mungkin dokter nanti akan menambahkan antibiotik karena bisa jadi pengobatannya akan diulang dari awal",konsultasi dokter dokter antibiotik obat ulang,F3,6,7
127,14,"Jika tidak diulang dari awal, khawatirnya adalah jumlah obat yang sekarang tidak cukup untuk menghilangkan semua bakteri yang ada pada tubuh dan ketika obatnya habis, bakterinya masih tersisa dan malah kebal terhadap antibiotik yang sama",ulang khawatir obat hilang bakteri tubuh obat habis bakteri sisa kebal hadap antibiotik,F3,7,8
127,15,"Sekian, semoga menjawab pertanyaan Anda",sekian moga,F1,8,8
128,0,"Selamat malam, terima kasih telah bertanya di Alodokter",selamat malam terima kasih alodokter,F1,0,0
128,1,"Irritable bowel syndrome atau bisa disebut juga IBS, merupakan kumpulan gejala yang timbul akibat adanya iritasi pada saluran cerna seperti usus",irritable bowel syndrome ibs rupa kumpul gejala timbul akibat iritasi salur cerna usus,F3,1,1
128,2,"Diantara gejalanya berupa kram perut, kembung, diare, atau malah sulit BAB atau sembelit",gejala rupa kram perut kembung diare sulit bab sembelit,F3,1,1
128,3,"Mengenai kasus Anda, bila kita melihat dari gejala penyakit IBS memang kesannya Anda mengalami IBS",kena lihat gejala sakit ibs kesan alam ibs,F4,2,2
128,4,"Namun untuk menentukan diagnosis, kita bukannya melihat dari sisi penyakitnya lalu gejalanya, tapi gejalanya dahulu baru penyakitnya",diagnosis lihat sisi sakit gejala gejala sakit,F3,2,2
128,5,"Jadi bukan berawal dari kecurigaan terhadap IBS lalu dibuktikan dengan adanya sembelit, melainkan kita melihat gejala utamanya dahulu, lalu melihat penyakit atau kondisi apa saja yang memiliki gejala tersebut",curiga hadap ibs bukti sembelit lihat gejala utama lihat sakit kondisi milik gejala,F3,2,2
128,6,Setelah itu baru ditentukan mana diantara penyakit - penyakit tersebut yang paling ditunjang oleh bukti - bukti klinis yang ada,sakit sakit tunjang bukti bukti klinis,F3,2,2
128,7,"Maka jika gejala utama Anda adalah sembelit, sembelit atau konstipasi bisa disebabkan oleh sejumlah faktor, seperti: Pola makan yang buruk, kurang serat dan kurang asupan cairan",gejala utama sembelit sembelit konstipasi faktor pola makan buruk serat asupan cair,F3,3,3
128,8,Kurang aktif bergerak,aktif gerak,F3,3,3
128,9,Sering mengabaikan keinginan buang air besar,abai buang air,F3,3,3
128,10,Efek samping obat,efek samping obat,F3,3,3
128,11,Adanya kelainan saraf,saraf,F3,3,3
128,12,Adanya kelainan otot saluran cerna,otot salur cerna,F3,3,3
128,13,"Saran kami, jika kondisi Anda sudah terjadi cukup lama dan sudah mengganggu keseharian Anda, lebih baik Anda periksakan diri Anda ke dokter umum terdekat",saran kondisi ganggu periksa dokter,F5,4,4
128,14,Dokter akan melihat apakah ada faktor - faktor diatas yang menjadi pemicu terjadinya sembelit pada diri Anda dan mencoba untuk memberikan penanganan awal,dokter lihat faktor faktor picu sembelit coba tangan,F5,4,4
128,15,"Bila dirasa rumit atau tidak tertangani, dokter Anda mungkin akan merujuk Anda ke dokter penyakit dalam atau spesialis lain yang sesuai dengan penyebab kecurigaannya",rumit tangan dokter rujuk dokter sakit spesialis sesuai curiga,F5,4,4
128,16,Penanganan yang akan Anda terima nanti tergantung dari hasil pemeriksaan tersebut,tangan terima gantung hasil periksa,F5,5,5
128,17,"Sementara itu, Anda bisa juga mencoba penanganan mandiri dengan meningkatkan asupan air putih, buah dan sayur, perbanyak aktivitas fisik, hindari rokok, jangan tahan keinginan untuk buang air besar, upayakan untuk buang air besar di toilet jongkok, jika tidak ada toilet jongkok, upayakan untuk meletakkan kaki diatas bangku rendah agar posisi lutut lebih tinggi dari pinggang",coba tangan mandiri tingkat asupan air putih buah sayur aktivitas fisik hindar rokok tahan buang air upaya buang air toilet jongkok toilet jongkok upaya letak kaki bangku rendah posisi lutut pinggang,F5,5,5
128,18,"Bila tidak membaik atau malah memburuk, periksakan diri Anda ke dokter",buruk periksa dokter,F5,6,6
128,19,"Kemudian terkait gangguan kecemasan, ini adalah diagnosis yang juga memerlukan pemeriksaan terlebih dahulu, terutama oleh psikiater",kait ganggu cemas diagnosis periksa utama psikiater,F5,6,6
128,20,"Hal ini karena gangguan kecemasan pun bisa dirinci menjadi lebih banyak penyakit lagi, dan penanganannya pun tidak bisa didapatkan secara bebas",ganggu cemas dirinci sakit tangan bebas,F5,6,6
128,21,"Sehingga terkait kondisi ini, kemungkinan ini merupakan hal yang terpisah dengan sembelit yang Anda rasakan",kait kondisi rupa pisah sembelit,F5,6,6
128,22,"Anda bisa tanyakan pada dokter umum Anda, atau boleh langsung ke psikiater",dokter langsung psikiater,F5,6,6
128,23,"Selama di rumah, Anda bisa melatih pernafasan, menghirup aromaterapi, mandi dan berendam air hangat, serta menyibukkan diri dengan pikiran positif",rumah latih nafas hirup aromaterapi mandi rendam air hangat sibuk pikir positif,F5,6,6
128,24,"Sekian, semoga menjawab pertanyaan Anda",sekian moga,F1,6,6
129,0,"Halo Rokhman, terima kasih atas pertanyaannya",halo rokhman terima kasih,F1,0,0
129,1,Gejala vagina berbau tidak selalu disebabkan oleh infeksi menular seksual terutama jika istri Anda dan Anda tidak pernah berhubungan dengan orang lain selain dengan suami / istri,gejala vagina bau infeksi tular seksual utama istri hubung orang suami istri,F4,1,1
129,2,"Gejala vagina berbau dapat disertai dengan keputihan yang tidak normal, yang berubah warna atau yang menyebabkan rasa gatal / perih di area kelamin",gejala vagina bau putih normal ubah warna gatal perih area kelamin,F3,1,1
129,3,"Beberapa penyebab vagina berbau adalah: vaginosis bakterialis, yaitu infeksi bakteri yang terjadi pada vagina akibat adanya ketidakseimbangan bakteri baik di dalam vagina infeksi jamur / kandidiasis vagina",vagina bau vaginosis bakterialis infeksi bakteri vagina akibat ketidakseimbangan bakteri vagina infeksi jamur kandidiasis vagina,F3,1,1
129,4,"Saran saya, silakan anjurkan istri Anda memeriksakan diri ke dokter kulit dan kelamin terdekat",saran sila anjur istri periksa dokter kulit kelamin,F5,2,2
129,5,Silakan Anda juga ikut memeriksakan diri bersama istri,sila periksa istri,F5,2,2
129,6,Dokter akan memeriksa istri Anda termasuk melakukan pemeriksaan cairan keputihan bila ada untuk memastikan penyebabnya sebelum diberikan penanganan yang sesuai,dokter periksa istri masuk laku periksa cair putih tangan sesuai,F5,2,2
129,7,"Apabila memang disebabkan oleh infeksi menular seksual seperti gonore / chlamydia / trikomoniasis, maka dokter akan memberikan penanganan yang sesuai baik untuk istri dan untuk Anda",infeksi tular seksual gonore chlamydia trikomoniasis dokter tangan sesuai istri,F5,2,2
129,8,"Untuk saat ini, jika sudah terjadi hubungan badan, maka infeksi tidak dapat dicegah",hubung badan infeksi cegah,F5,2,2
129,9,"Dengan demikian, langkah yang dapat Anda lakukan adalah memeriksakan diri bersama istri",langkah laku periksa istri,F5,2,2
129,10,Jika penyebabnya bukan karena infeksi menular seksual maka Anda tidak perlu khawatir tertular,infeksi tular seksual khawatir tular,F4,2,2
129,11,"Untuk saat ini, silakan hindari berhubungan badan dengan istri dahulu sampai istri diobati",sila hindar hubung badan istri istri obat,F5,2,2
129,12,"Silakan anjurkan istri untuk mengganti pakaian dalam teratur, hindari penggunaan sabun pembersih kewanitaan secara teratur, dan menjaga area kelamin tetap bersih dan kering",sila anjur istri ganti pakai atur hindar sabun bersih wanita atur jaga area kelamin bersih kering,F5,3,3
129,13,Semoga membantu,moga bantu,F1,3,3
130,0,Baiq yang baik,baiq,F1,0,0
130,1,Terlambat datang bulan merupakan salah satu patokan yang sering kali digunakan oleh banyak pasangan untuk menentukan hamil tidaknya sang istri,lambat rupa salah patok kali pasang hamil sang istri,F3,0,0
130,2,Hal ini sebetulnya berkaitan dengan pengaruh kehamilan terhadap hormon yang mendasari mekanisme menstruasi itu sendiri,kait pengaruh hamil hadap hormon dasar mekanisme menstruasi,F3,1,1
130,3,"Pada kehamilan, hormon menstruasi akan ditekan sehingga menstruasi tidak terjadi sampai kehamilan itu berakhir",hamil hormon menstruasi tekan menstruasi hamil,F3,1,1
130,4,"Namun demikian ada beberapa tanda lain yang biasanya ditemukan sebagai ciri kehamilan yakni : payudara bertambah sensitif, mual muntah terutama pagi hari, sering buang air kecil, mood yang cenderung labil, merasakan kelelahan sepanjang hari, muncul bercak darah, sensitif terhadap bau",tanda temu ciri hamil payudara sensitif mual muntah utama pagi buang air mood cenderung labil lelah muncul bercak darah sensitif hadap bau,F3,2,2
130,5,Saat ini telah banyak dijual testpack yang bekerja dalam mendeteksi hormon beta - HCG yang diproduksi dalam urin wanita hamil,jual testpack kerja deteksi hormon beta hcg produksi urin wanita hamil,F3,3,3
130,6,Penggunaan testpack oleh awam seringkali menjadi acuan untuk menentukan hamilnya seseorang,testpack awam seringkali acu hamil orang,F3,4,4
130,7,Padahal hasil positif pada testpack juga dapat ditemukan pada kondisi lain seperti penyakit mola,hasil positif testpack temu kondisi sakit mola,F3,4,4
130,8,Cara paling akurat menentukan kehamilan seseorang ialah dengan mendeteksi aktivitas jantung janin lewat pemeriksaan USG oleh dokter kandungan,akurat hamil orang deteksi aktivitas jantung janin periksa usg dokter kandung,F3,4,4
130,9,Dengan demikian kami menyarankan Anda memeriksakan kondisi Anda pada dokter kandungan untuk mendapatkan penjelasan yang lebih baik,saran periksa kondisi dokter kandung,F5,4,4
130,10,Berikut kami lampirkan artikel mengenai tanda kehamilan,lampir artikel kena tanda hamil,F5,4,4
130,11,Semoga bermanfaat,moga manfaat,F1,4,4
130,12,dr N K Arief,dr n k arief,F1,5,5
131,0,Halo Nanda,halo nanda,F1,0,0
131,1,"Siklus haid normal adalah 21 hingga 35 hari, dan berlangsung selama 2 hingga 7 hari",siklus haid normal langsung,F3,0,0
131,2,"Berbagai kondisi atau penyakit dapat menyebabkan haid terlambat, misalnya: Perubahan berat badan",kondisi sakit haid lambat ubah berat badan,F3,1,1
131,3,Berat badan berlebih atau obesitas maupun berat badan yang sangat kurang dapat mempengaruhi siklus haid,berat badan obesitas berat badan pengaruh siklus haid,F3,1,1
131,4,"Sindrom ovarium polikistik (polycystic ovary syndrome, PCOS)",sindrom ovarium polikistik polycystic ovary syndrome pcos,F3,2,2
131,5,"Pada kondisi ini terjadi gangguan pematangan sel telur, sehingga siklus haid dapat terganggu",kondisi ganggu matang sel telur siklus haid ganggu,F3,2,2
131,6,Penyakit pada kelenjar tiroid,sakit kelenjar tiroid,F3,2,2
131,7,Stres,stres,F3,2,2
131,8,Stres dapat mempengaruhi bagian otak yang mengatur siklus haid,stres pengaruh otak atur siklus haid,F3,2,2
131,9,"Menderita penyakit kronis, misalnya diabetes",derita sakit kronis diabetes,F3,2,2
131,10,"(Baca dalam artikel: Penyebab menstruasi tidak lancar, Menstruasi terlambat)",baca artikel menstruasi lancar menstruasi lambat,F5,3,3
131,11,"Untuk mengetahui penyebab dari haid yang terlambat (atau tidak teratur), sebaiknya Anda mengkonsultasikan kembali dengan dokter spesialis kebidanan dan kandungan terdekat",haid lambat atur mengkonsultasikan dokter spesialis bidan kandung,F5,4,3
131,12,"Karena diperlukan pemeriksaan lebih lanjut untuk menentukan penyebabnya, misalnya dengan pemeriksaan darah (memeriksa hormon), atau USG",periksa periksa darah periksa hormon usg,F5,4,3
131,13,"Semoga membantu, dr Vidya",moga bantu dr vidya,F1,4,4
132,0,Dear Asyiffa,dear asyiffa,F1,0,0
132,1,terima kasih atas pertanyaannya,terima kasih,F1,0,0
132,2,"Keluhan berupa dada terasa dingin, batuk beberapa bulan, mual, tenggorokan tidak nyaman dapat disebabkan oleh beberapa hal, dapat dikarenakan gangguan pada sistem pernafasan, atau pada sistem pencernaan Kamu, antara lain: Radang tenggorokan",keluh rupa dada dingin batuk mual tenggorok nyaman ganggu sistem nafas sistem cerna radang tenggorok,F3,1,1
132,3,Radang Amandel,radang amandel,F3,1,1
132,4,Tuberkulosis,tuberkulosis,F3,1,1
132,5,Pneumonia,pneumonia,F3,1,1
132,6,Penyakit Asam Lambung / GERD,sakit asam lambung gerd,F3,1,1
132,7,"Tukak Lambung, dan lain sebagainya",tukak lambung,F3,1,1
132,8,"Untuk menelusuri penyebab keluhan, sebaiknya Kamu diperiksa langsung oleh Dokter sehingga dapat diberi penanganan yang sesuai",telusur keluh periksa langsung dokter tangan sesuai,F5,2,2
132,9,Hal yang dapat dilakukan untuk mengurangi keluhan: Berkumur dengan air garam 2 x sehari,laku keluh kumur air garam x,F5,3,3
132,10,"Kosumsi makanan sehat secara teratur, makanlah lebih sering dengan porsi kecil",kosumsi makan sehat atur makan porsi,F5,3,3
132,11,Perbanyak asupan buah dan sayur,asupan buah sayur,F5,3,3
132,12,"Cukupi asupan cairan, minum 8 - 10 gelas per hari",asupan cair minum gelas,F5,3,3
132,13,"Istirahat yang cukup, tidur 8 jam sehari",istirahat tidur jam,F5,3,3
132,14,olahraga teratur,olahraga atur,F5,3,3
132,15,Konsumsi madu yang dicampur dengan lemon,konsumsi madu campur lemon,F5,3,3
132,16,"Kelola stres psikis: meditasi, yoga",kelola stres psikis meditasi yoga,F5,4,4
132,17,Demikian semoga lekas membaik ya,moga lekas ya,F1,5,5
132,18,dr Annes,dr annes,F1,5,5
133,0,Halo Retna!,halo retna,F1,0,0
133,1,Terima kasih telah menggunakan layanan konsultasi Alodokter,terima kasih layan konsultasi alodokter,F1,0,0
133,2,"Acetylcysteine merupakan obat golongan mukolitik yang berfungsi untuk mengencerkan dahak, dan oleh sebab itu umumnya diberikan pada pasien dengan batuk berdahak, seperti pada penyakit bronkitis, emfisema, asma bronkial, atau bronkiektasis",acetylcysteine rupa obat golong mukolitik fungsi encer dahak pasien batuk dahak sakit bronkitis emfisema asma bronkial bronkiektasis,F3,0,0
133,3,"Selain itu, walaupun jarang, obat ini dapat digunakan pada pasien - pasien dengan overdosis paracetamol, penyakit ginjal, penyakit paru obstruktif, serta beberapa penyakit psikiatri",jarang obat pasien pasien overdosis paracetamol sakit ginjal sakit paru obstruktif sakit psikiatri,F3,0,0
133,4,"Jangan ragu untuk berdiskusi dengan dokter yang menangani anda mengenai obat - obat yang diberikan dan fungsinya pada kondisi atau penyakit anda, karena untuk mendapat informasi tersebut merupakan hak anda sebagai pasien, dan bisa saja obat tersebut diberikan untuk fungsinya yang lain selain pengencer dahak",ragu diskusi dokter tangan kena obat obat fungsi kondisi sakit informasi rupa hak pasien obat fungsi encer dahak,F3,0,0
133,5,"Gejala alergi dan efek samping yang dapat timbul akibat obat ini adalah gangguan saluran cerna seperti mual muntah, gatal, kulit kemerahan, bengkak, mengantuk, sesak napas, jantung berdebar - debar, gangguan fungsi hati, dan lain – lain",gejala alergi efek samping timbul akibat obat ganggu salur cerna mual muntah gatal kulit merah bengkak antuk sesak napas jantung debar debar ganggu fungsi hati,F6,0,0
133,6,"Jika anda mengalami gejala - gejala tersebut, kemungkinan anda tidak cocok dengan obat tersebut, sehingga anda dapat menghentikan penggunaan obat dan kembali berkonsultasi ke dokter yang memberikan agar diberikan terapi lain yang lebih sesuai dengan kondisi anda",alam gejala gejala cocok obat henti obat konsultasi dokter terapi sesuai kondisi,F4,0,0
133,7,"Selain itu, sebelum mengonsumsi obat, untuk memastikan penggunaan obat sudah benar, jangan lupa untuk selalu memeriksa: Nama obat pada kemasan, beberapa obat memiliki nama dan bentuk yang serupa",konsumsi obat obat lupa periksa nama obat kemas obat milik nama bentuk rupa,F5,1,1
133,8,Nama pasien pada resep obat sudah sesuai dengan nama anda,nama pasien resep obat sesuai nama,F5,1,1
133,9,"Dosis dan aturan pakai obat, sesuaikan dengan petunjuk dokter",dosis atur pakai obat sesuai dokter,F5,1,1
133,10,"Tanggal kadaluarsa obat, yang tercantum pada kemasan Indikasi, kontraindikasi, efek samping yang tercantum pada brosur obat",tanggal kadaluarsa obat cantum kemas indikasi kontraindikasi efek samping cantum brosur obat,F5,1,1
133,11,"Demikian, semoga dapat membantu ya",moga bantu ya,F1,2,2
133,12,Anda juga dapat membaca artikel lain mengenai acetylcystein pada link ini,baca artikel kena acetylcystein link,F5,2,2
134,0,"Alo, terima kasih atas pertanyaannya",alo terima kasih,F1,0,0
134,1,"Mual paling sering menandakan suatu gangguan pencernaan, semisal akibat gastroesophageal reflux disease, gastritis, penyakit Crohn, gastroenteritis, pankreatitis, alergi makanan, malabsorpsi karbohidrat, intoleransi laktosa, bahkan juga tumor jinak atau ganas tertentu di saluran pencernaan",mual tanda ganggu cerna akibat gastroesophageal reflux disease gastritis sakit crohn gastroenteritis pankreatitis alergi makan malabsorpsi karbohidrat intoleransi laktosa tumor jinak ganas salur cerna,F3,1,1
134,2,"Namun bukan itu saja, mual bisa pula muncul karena pencetus lain, seperti: Gangguan pernafasan, contohnya akibat infeksi, alergi, kemasukan benda asing, sinusitis",mual muncul cetus ganggu nafas contoh akibat infeksi alergi masuk benda asing sinusitis,F3,1,1
134,3,"Gangguan hormon, contohnya saat hamil muda, akan menstruasi, pengaruh KB hormonal",ganggu hormon contoh hamil muda menstruasi pengaruh kb hormonal,F3,1,1
134,4,"Faktor lain, seperti gangguan jantung, gangguan cemas berlebih, gangguan psikosomatis, gangguan hati, tumor otak, vertigo, migrain, mata lelah, cidera kepala, efek samping obat, batu atau radang empedu, gangguan ginjal, dan sebagainya",faktor ganggu jantung ganggu cemas ganggu psikosomatis ganggu hati tumor otak vertigo migrain mata lelah cidera kepala efek samping obat batu radang empedu ganggu ginjal,F3,1,1
134,5,"Kondisi Anda yang merasakan mual memberat saat terpapar asap rokok dan kontak dengan air, mungkin menandakan keluhan Anda muncul karena gangguan pernafasan, alergi asap atau dingin, namun mungkin juga menandakan kondisi medis lain seperti yang telah kami jabarkan di atas",kondisi mual berat papar asap rokok kontak air tanda keluh muncul ganggu nafas alergi asap dingin tanda kondisi medis jabar,F4,2,2
134,6,"Agar jelas apa penyebabnya, idealnya Anda periksa langsung ke dokter",ideal periksa langsung dokter,F5,2,2
134,7,"Hanya saja, mengingat saat ini pandemi COVID - 19 masih cukup mengkhawatirkan, baiknya pemeriksaan ini Anda tunda dahulu hanya jika muncul gejala yang berat",pandemi covid khawatir periksa tunda muncul gejala berat,F5,2,2
134,8,"Sebab itu, keluhan Anda bisa coba diredakan dahulu dengan mengompres hangat perut yang mual, mandi dengan air hangat, hindari menyikat gigi terlalu dalam saat mandi, disiplin gunakan masker terutama jika keluar rumah, jauhi rokok beserta asapnya, jauhi polusi dan hal - hal yang mungkin membuat Anda alergi, makan porsi kecil namun lebih sering, jangan dahulu berlebihan makan makanan pencetus mual (seperti santan, sambal, kopi, teh, cokelat, dairy product), perbanyak relaksasi dan olahraga, tidur yang cukup, serta jangan sembarangan minum obat tanpa saran dari dokter",keluh coba reda kompres hangat perut mual mandi air hangat hindar sikat gigi mandi disiplin masker utama rumah rokok asap polusi alergi makan porsi makan makan cetus mual santan sambal kopi teh cokelat dairy product relaksasi olahraga tidur sembarang minum obat saran dokter,F5,3,3
134,9,"Sebaliknya, jika muncul muntah - muntah masif, sesak, demam tinggi, atau keluhan berat lainnya, baiknya Anda periksa langsung saja ke dokter terdekat ya",muncul muntah muntah masif sesak demam keluh berat periksa langsung dokter ya,F5,4,4
134,10,"Selain diberi obat, jika diduga kondisi Anda berat, nantinya dokter mungkin akan mengarahkan Anda untuk menjalani pemeriksaan darah, USG, rontgen, bahkan merujuk Anda ke dokter penyakit dalam",obat duga kondisi berat dokter arah jalan periksa darah usg rontgen rujuk dokter sakit,F5,4,4
134,11,Semoga membantu ya,moga bantu ya,F1,4,4
135,0,"Selamat sore, terima kasih telah bertanya di Alodokter",selamat sore terima kasih alodokter,F1,0,0
135,1,"Keluhan vagina yang terasa sempit, nyeri dan gatal yang Anda rasakan, bisa berarti berbagai hal",keluh vagina sempit nyeri gatal arti,F4,1,1
135,2,Salah satunya bila berkaitan dengan berhubungan seksual adalah kurangnya pemanasan atau foreplay,salah kait hubung seksual panas foreplay,F4,1,1
135,3,"Mungkin saja, karena sudah dua bulan tidak berhubungan, Anda dan suami ingin segera melakukan penetrasi, padahal vagina Anda belum siap lantaran masih belum mengeluarkan cairan pelumas yang cukup",hubung suami laku penetrasi vagina lantar cair lumas,F4,1,1
135,4,"Hasilnya, penis jadi terasa sulit dimasukkan, dan gesekannya pun menimbulkan nyeri",hasil penis sulit masuk gesek timbul nyeri,F4,1,1
135,5,Kemungkinan lain bisa juga karena pengaruh hormon,pengaruh hormon,F3,2,2
135,6,"Ketidakseimbangan hormon karena berbagai penyebab bisa membuat produksi cairan pelumas berkurang, dan mengakibatkan hal yang sama dengan yang kami sebutkan sebelumnya",ketidakseimbangan hormon produksi cair lumas akibat,F3,2,2
135,7,"Selain itu, penyakit tertentu juga bisa mengakibatkan keluhan tersebut, seperti atrofi vagina, infeksi bakteri atau jamur, iritasi, dan masih banyak lagi",sakit akibat keluh atrofi vagina infeksi bakteri jamur iritasi,F3,2,2
135,8,"Saran kami, jika keluhannya sudah mereda sekarang, jika lain kali berhubungan seksual lagi, kali ini perlama di bagian pemasannnya",saran keluh reda kali hubung seksual kali pemasannnya,F5,3,3
135,9,Pastikan vagina Anda sudah cukup basah sebelum melakukan penetrasi,vagina basah laku penetrasi,F5,4,4
135,10,"Bila perlu, gunakan pelumas tambahan yang dijual bebas di apotek",lumas jual bebas apotek,F5,4,4
135,11,"Namun jika keluhannya masih menetap, atau sekarang masih ada rasa gatal dan nyerinya meski sudah berhenti dari berhubungan seksual, maka pemeriksaan lebih lanjut amat diperlukan untuk menentukan penanganan terbaiknya",keluh gatal nyeri henti hubung seksual periksa tangan,F5,4,4
135,12,"Karena itu, konsultasikan masalah Anda pada dokter kandungan untuk dilakukan penggalian riwayat, pemeriksaan fisik serta penunjang, agar bisa ditentukan kecenderungannya",konsultasi dokter kandung laku gali riwayat periksa fisik tunjang cenderung,F5,5,4
135,13,"Sementara itu, tidak perlu cemas, jaga kebersihan alat kelamin, hindari penggunaan celana dan celana dalam ketat, serta jalani pola hidup sehat",cemas jaga bersih alat kelamin hindar celana celana ketat jalan pola hidup sehat,F5,5,5
135,14,"Sekian, semoga menjawab pertanyaan Anda",sekian moga,F1,5,5
136,0,Halo Maran,halo mar,F1,0,0
136,1,Pupil merupakan salah satu bagian bola mata,pupil rupa salah bola mata,F3,0,0
136,2,Kondisi tidak bulat sempurnanya pupil atau bagian hitam bola mata dalam istilah medis disebut colobomas,kondisi bulat sempurna pupil hitam bola mata istilah medis colobomas,F4,0,0
136,3,Hal ini bersifat kongenital / bawaan sejak lahir yang mana disebabkan oleh tidak sempurnanya perkembangan mata saat dalam masa kehamilan,sifat kongenital bawa lahir sempurna kembang mata hamil,F3,1,1
136,4,Namun untuk memastikan penyebab pasti dari keluhan anak Anda maka sebaiknya dilakukan pemeriksaan langsung oleh dokter,keluh anak laku periksa langsung dokter,F5,1,1
136,5,Dokter akan melakukan serangkaian pemeriksaan untuk memastikan keluhan tersebut,dokter laku rangkai periksa keluh,F3,1,1
136,6,"Beberapa penyebab lain dari keluhan tersebut diantaranya: Horner sindrom, penyakit akibat kerusakan pada sistem saraf",keluh horner sindrom sakit akibat rusak sistem saraf,F3,2,2
136,7,Peradangan pada mata,radang mata,F3,2,2
136,8,Abses atau tumor pada bagian otak dan lain sebagainya,abses tumor otak,F3,2,2
136,9,Apabila anak mengalami keluhan terutama pada penglihatan maka kami sangat menyarankan kepada Anda untuk membawa anak Anda ke dokter mata terdekat untuk mendapatkan penanganan yang tepat,anak alam keluh utama lihat saran bawa anak dokter mata tangan,F5,3,3
136,10,Semoga bermanfaat,moga manfaat,F1,3,3
137,0,"Halo, Terima kasih atas pertanyaanya di Alodokter",halo terima kasih pertanyaanya alodokter,F1,0,0
137,1,"Dalam dunia medis, yang Anda alami disebut dengan amenore (tidak haid)",dunia medis alami amenore haid,F4,1,1
137,2,"Secara normal, wanita tidak mengalami haid sebelum pubertas, selama kehamilan, dan setelah menopause",normal wanita alam haid pubertas hamil menopause,F3,1,1
137,3,"Apabila tidak haid didahului dengan riwayat haid yang normal, kemungkinan ini merupakan gejala dari kondisi yang dapat diobati",haid riwayat haid normal rupa gejala kondisi obat,F3,1,1
137,4,"Terdapat dua macam amenore, yaitu amenore primer dan sekunder",amenore amenore primer sekunder,F3,1,1
137,5,Disebut amenore primer apabila seorang gadis belum mengalami haid sama sekali pada usia 16 tahun,amenore primer orang gadis alam haid usia,F3,1,1
137,6,Sedangkan amenore sekunder adalah apalabila seorang wanita yang sebelumnya memiliki siklus haid normal berhenti mendapatkan haid selama 3 bulan atau lebih,amenore sekunder apalabila orang wanita milik siklus haid normal henti haid,F3,1,1
137,7,"Pada kasus Anda, yang dialami adalah amenore sekunder",alami amenore sekunder,F4,1,1
137,8,Penyebab amenore sekunder dapat digolongkan menjadi: 1 Faktor gaya hidup,amenore sekunder golong faktor gaya hidup,F3,1,1
137,9,Â Berat badan yang terlalu kurus atau terlalu gemuk akan mengganggu keseimbangan hormon reproduksi,berat badan kurus gemuk ganggu imbang hormon reproduksi,F3,2,2
137,10,"Â Olahraga yang berlebihan, seperti pada balerina dan atlet juga dapat mengganggu keseimbangan hormon reproduksi",olahraga balerina atlet ganggu imbang hormon reproduksi,F3,2,2
137,11,ÂStres psikologis dapat mempengaruhi kerja otak yang mengatur hormon reproduksi,stres psikologis pengaruh kerja otak atur hormon reproduksi,F3,2,3
137,12,"Umumnya, ketika stres sudah menurun, haid akan kembali normal",stres turun haid normal,F3,2,3
137,13,2 Kondisi medis yang menyebabkan ketidakseimbangan hormon,kondisi medis ketidakseimbangan hormon,F3,2,3
137,14,"Â Sindrom ovarium polikistik (PCOS) menyebabkan kadar hormon reproduksi selalu tinggi kadarnya, ini juga akan mengganggu siklus haid",sindrom ovarium polikistik pcos kadar hormon reproduksi kadar ganggu siklus haid,F3,2,3
137,15,"Â·Gangguan tiroid, seperti kelenjar tiroid yang terlalu aktif (hipertiroid) atau yang kurang aktif (hipotiroid) dapat menyebabkan gangguan haid, termasuk amenore",ganggu tiroid kelenjar tiroid aktif hipertiroid aktif hipotiroid ganggu haid masuk amenore,F3,2,3
137,16,Â Tumor jinak kelenjar pituitari di otak dapat mengganggu pengaturan hormon reproduksi,tumor jinak kelenjar pituitari otak ganggu atur hormon reproduksi,F3,2,3
137,17,Â Menopause dini,menopause,F3,3,3
137,18,Menopause umumnya terjadi pada usia 50 - an,menopause usia an,F3,3,4
137,19,"Namun, pada sebagian wanita terjadi sebelum usia 40 - an",wanita usia an,F3,3,4
137,20,Â Tumor pada ovarium (indung telur),tumor ovarium indung telur,F3,4,5
137,21,3 Gangguan struktural pada organ kandungan,ganggu struktural organ kandung,F3,4,5
137,22,"Â Skar / bekas luka pada rahim akibat penyakit Asherman, bekas kuret, operasi caesar atau pengangkatan myoma",skar bekas luka rahim akibat sakit asherman bekas kuret operasi caesar angkat myoma,F3,5,5
137,23,Â Vagina abnormal di mana terdapat sumbatan pada vagina sehingga darah haid tidak bisa keluar,vagina abnormal sumbat vagina darah haid,F3,5,5
137,24,"Dibutuhkan pemeriksaan fisik langsung dan pemeriksaan penunjang seperti pemeriksaan USG, oleh karena itu saya sarankan Anda untuk memeriksakan diri Anda langsung ke dokter kandungan",butuh periksa fisik langsung periksa tunjang periksa usg saran periksa langsung dokter kandung,F3,6,6
137,25,"Demikian informasi dari saya, semoga bermanfaat",informasi moga manfaat,F1,6,6
137,26,"Salam, Dr Yuniar",salam dr yuniar,F1,6,6
138,0,Hai Indah,hai indah,F1,0,0
138,1,"Batuk merupakan respon alami tubuh untuk membersihkan saluran napas dari benda asing seperti debu, asap, kotoran, kuman dan sebagainya",batuk rupa respon alami tubuh bersih salur napas benda asing debu asap kotor kuman,F3,1,1
138,2,Saat terjadi peradangan atau infeksi pada saluran napas maka produksi lendir pada saluran pernafasan dapat meningkat sehingga dapat timbul batuk berdahak,radang infeksi salur napas produksi lendir salur nafas tingkat timbul batuk dahak,F3,1,1
138,3,Lendir atau dahak yang berwarna hijau seperti yang Anda alami dapat mengindikasikan adanya infeksi bakteri,lendir dahak warna hijau alami indikasi infeksi bakteri,F4,1,1
138,4,Bila Anda mengalami batuk berdarah maka kondisi ini perlu diwaspadai dan ditangani secara tepat,alam batuk darah kondisi waspada tangan,F4,1,1
138,5,Berikut ini berbagai kemungkinan penyebab batuk berdarah: Perlukaan pada tenggorokan,batuk darah luka tenggorok,F3,1,1
138,6,Bronkhitis,bronkhitis,F3,2,2
138,7,Tuberkulosis / TBC Pneumonia (radang paru - paru),tuberkulosis tbc pneumonia radang paru paru,F3,2,2
138,8,Emboli paru (penyumbatan pembuluh darah paru),emboli paru sumbat buluh darah paru,F3,2,2
138,9,Edema paru (penumpukan cairan pada paru - paru),edema paru tumpuk cair paru paru,F3,2,2
138,10,Kanker tenggorokan,kanker tenggorok,F3,2,2
138,11,Kanker paru - paru dan sebagainya,kanker paru paru,F3,2,2
138,12,"Untuk dapat memastikan penyebab keluhan yang Anda alami ini tentunya diperlukan pemeriksaan lebih lanjut oleh dokter, baik melalui pemeriksaan fisik maupun tes penunjang seperti X - Ray, tes dahak, tes darah, CT Scan dan sebagainya",keluh alami periksa dokter periksa fisik tes tunjang x ray tes dahak tes darah ct scan,F5,3,3
138,13,Sebaiknya Anda berkonsultasi dengan dokter spesialis paru agar penyebabnya dapat ditelusuri lebih lanjut sehingga penanganan yang tepat dapat diberikan bagi Anda sesuai dengan kondisi dasarnya,konsultasi dokter spesialis paru telusur tangan sesuai kondisi dasar,F5,3,3
138,14,Sementara ini berikut anjuran yang dapat Anda lakukan: Beristirahat cukup dan mengonsumsi makanan yang bergizi seimbang agar daya tahan tubuh terjaga,anjur laku istirahat konsumsi makan gizi imbang daya tahan tubuh jaga,F5,4,4
138,15,"Hindari konsumsi makanan yang digoreng, pedas, berlemak, atau terlalu panas / dingin",hindar konsumsi makan goreng pedas lemak panas dingin,F5,4,4
138,16,Minum cukup air putih 2 liter sehari,minum air putih liter,F5,4,4
138,17,Menutup mulut dan hidung saat bersin atau batuk,tutup mulut hidung bersin batuk,F5,5,4
138,18,"Menjaga sirkulasi udara di rumah berjalan dengan baik, buka pintu dan jendela rumah agar udara segar dan sinar matahari dapat masuk",jaga sirkulasi udara rumah jalan buka pintu jendela rumah udara segar sinar matahari masuk,F5,5,5
138,19,Kenakan masker saat berpergian ke luar rumah,kena masker berpergian rumah,F5,5,5
138,20,Informasi berikut ini dapat berguna: Kondisi serius di balik batuk berdarah,informasi kondisi serius batuk darah,F5,6,6
138,21,Demikian semoga bermanfaat,moga manfaat,F1,6,6
138,22,dr Muliani Sukiman,dr muliani sukiman,F1,6,6
139,0,"Halo, terima kasih sudah bertanya ke Alodokter",halo terima kasih alodokter,F1,0,0
139,1,Perdarahan selama 2 hari yang menggumpal yang Anda alami kemungkinan merupakan suatu hal yang normal yang terjadi pada masa menjelang menstruasi atau pra - menstrual syndrome (PMS),darah gumpal alami rupa normal jelang menstruasi pra menstrual syndrome pms,F4,1,1
139,2,PMS juga dapat mengakibatkan payudara terasa nyeri dan padat serta berjerawat dan kelelahan,pms akibat payudara nyeri padat jerawat lelah,F3,1,1
139,3,Perdarahan yang Anda alami juga biasanya menjadi pertanda bahwa sedang terjadi ovulasi atau masa subur dan bukan merupakan hal yang berbahaya,darah alami tanda ovulasi subur rupa bahaya,F3,1,1
139,4,"Namun, beberapa keadaan juga dapat menyebabkan keluarnya perdarahan antara lain: Stres",darah stres,F3,1,1
139,5,Kehamilan,hamil,F3,1,1
139,6,Kelelahan PCOS (Polycystic Ovary Syndrome),lelah pcos polycystic ovary syndrome,F3,1,1
139,7,Penyakit radang panggul,sakit radang panggul,F3,1,1
139,8,Perdarahan dari organ intim,darah organ intim,F3,1,1
139,9,Kelainan pembekuan darah,beku darah,F3,1,1
139,10,Kanker serviks,kanker serviks,F3,1,1
139,11,"Gejala - gejala kehamilan dapat berbeda - beda pada setiap wanita, beberapa gejala yang mungkin dialami adalah: Bercak darah atau flek",gejala gejala hamil beda beda wanita gejala alami bercak darah flek,F3,1,1
139,12,Kelelahan,lelah,F3,1,1
139,13,Pusing Mual dan muntah,pusing mual muntah,F3,1,1
139,14,Mood yang sering berubah - ubah,mood ubah ubah,F3,2,2
139,15,Buang air kecil menjadi sering,buang air,F3,3,3
139,16,Sensitif terhadap bau yang tajam,sensitif hadap bau tajam,F3,3,3
139,17,Anda dapat melakukan tes kehamilan atau tes pack untuk mengetahui apakah terjadi kehamilan atau tidak,laku tes hamil tes pack hamil,F5,4,4
139,18,"Namun, sebaiknya Anda tidak menunda untuk berkonsultasi terlebih dahulu ke Dokter agar dapat dilakukan pemeriksaan dan mengetahui penyebab dari gejala yang di alami sehingga dapat dilakukan penanganan jika diperlukan",tunda konsultasi dokter laku periksa gejala alami laku tangan,F5,4,4
139,19,Dokter akan melakukan wawancara dan pemeriksaan secara menyeluruh,dokter laku wawancara periksa,F5,4,4
139,20,Beberapa hal yang dapat Anda lakukan adalah: Beristirahat yang cukup,laku istirahat,F5,4,4
139,21,Mencukupi kebutuhan gizi dan cairan sehari - hari,butuh gizi cair,F5,5,5
139,22,Mengelola stres dengan baik,kelola stres,F5,5,5
139,23,"Menjalani pola hidup sehat, seperti tidak merokok, tidak Mengonsumsi alkohol, serta berolahraga secara teratur",jalan pola hidup sehat rokok konsumsi alkohol olahraga atur,F5,5,5
139,24,Baca juga artikel mengenai Cara Membedakan Pra - Menstrual Syndrome atau Tanda Kehamilan dan Waktu Yang Tepat Melakukan Tes Kehamilan,baca artikel kena beda pra menstrual syndrome tanda hamil laku tes hamil,F5,6,6
139,25,Semoga bermanfaat,moga manfaat,F1,6,6
139,26,"Salam, dr Christian Haryanto",salam dr christian haryanto,F1,7,7
140,0,Halo!,halo,F1,0,0
140,1,Terima kasih atas pertanyaannya pada Alodokter,terima kasih alodokter,F1,0,0
140,2,"Frekuensi konsumsi ASI pada bayi dapat bervariasi setiap harinya sekitar 8 - 12 kali per hari, atau setiap 2 - 3 jam",frekuensi konsumsi asi bayi variasi kali jam,F3,1,1
140,3,Frekuensi ini umumnya akan menurun seiring bertambahnya usia bayi,frekuensi turun iring usia bayi,F3,1,1
140,4,"Untuk durasi minum sendiri, dapat bervariasi",durasi minum variasi,F3,1,1
140,5,"Bayi kecil dapat memiliki durasi minum yang lebih cepat, karena lambung yang lebih kecil dan lebih cepat kenyang dibandingkan bayi yang lebih besar",bayi milik durasi minum cepat lambung cepat kenyang banding bayi,F3,1,1
140,6,"Pada prinsipnya, asalkan bayi Anda tetap dalam kondisi yang baik dan nampak sehat, berat badan naik sesuai usia, nampak ceria, frekuensi BAK dan BAB tetap normal, maka hal ini tidak jadi masalah",prinsip bayi kondisi nampak sehat berat badan sesuai usia nampak ceria frekuensi bak bab normal,F4,2,2
140,7,Sebab menurunnya frekuensi menyusu bayi dapat karena hal berikut: Perlekatan yang kurang baik,turun frekuensi susu bayi lekat,F3,2,3
140,8,Bayi lelah atau stimulasi berlebih,bayi lelah stimulasi,F3,3,3
140,9,"Bayi bingung puting, misalnya karena sering menggunakan dot",bayi bingung puting dot,F3,3,3
140,10,Terdapat distraksi,distraksi,F3,4,4
140,11,Akan tumbuh gigi,tumbuh gigi,F3,4,4
140,12,"Bayi sedang sakit, terutama yang berkaitan dengan sumbatan jalan napas misalnya infeksi paru atau radang hidung dan lain sebagainya",bayi sakit utama kait sumbat jalan napas infeksi paru radang hidung,F3,4,4
140,13,Cobalah Anda lakukan beberapa hal berikut: Pastikan perlekan bayi baik sehingga bayi nyaman saat menyusu,coba laku perlekan bayi bayi nyaman susu,F5,5,5
140,14,Buat bayi rileks misalnya dengan menyanyi atau menyusuinya di kursi goyang,bayi rileks nyanyi susu kursi goyang,F5,5,5
140,15,Lumuri asi di sekitar puting,lumur asi puting,F5,5,5
140,16,"Bila bayi pilek, hisap lendir dengan pipet hidung supaya bayi tidak kesulitan bernapas, yang dapat berdampak terhadap turunnya frekuensi dan durasi minum bayi",bayi pilek hisap lendir pipet hidung bayi sulit napas dampak hadap turun frekuensi durasi minum bayi,F5,5,5
140,17,"Bila dengan cara - cara tersebut bayi menunjukkan tanda - tanda bahaya kekurangan ASI seperti lemas, kulit kering dan keriput, menangis merintih dan tidak keluar air mata, pertumbuhan yang tidak sesuai dengan usianya, segera periksakan ke IGD terdekat atau dapat pula langsung ke dokter spesialis anak untuk mendapatkan tindakan lanjutan yang sesuai",bayi tanda tanda bahaya asi lemas kulit kering keriput tangis rintih air mata tumbuh sesuai usia periksa igd langsung dokter spesialis anak tindak sesuai,F5,6,6
140,18,"Sekian penjelasan dari saya, semoga membantu dan bermanfaat :)",sekian moga bantu manfaat,F1,7,7
141,0,Hai,hai,F1,0,0
141,1,Menstruasi merupakan keadaan dimana dinding rahim mengalami peluruhan yang disebabkan oleh tidak adanya proses pembuahan / kehamilan,menstruasi rupa dinding rahim alam luruh proses buah hamil,F3,0,0
141,2,Di saat seorang wanita mengalami kehamilan maka otomatis wanita tersebut tidak akan mengalami menstruasi hal ini disebabkan oleh karena sudah terjadinya pembuahan dan menempelnya calon janin pada dinding rahim sehingga dinding rahim tidak akan mengalami peluruhan kecuali terjadi keguguran,orang wanita alam hamil otomatis wanita alam menstruasi buah tempel calon janin dinding rahim dinding rahim alam luruh kecuali gugur,F3,0,0
141,3,Menstruasi akan terjadi setelah wanita mengalami persalinan,menstruasi wanita alam salin,F3,0,0
141,4,Dan pada umumnya saat seorang wanita masih menyusui maka menstruasi belum terjadi,orang wanita susu menstruasi,F3,0,0
141,5,"Namun, menstruasi ini berbeda - beda setiap wanita, hal ini disebabkan karena keadaan hormonal setiap wanita juga berbeda - beda",menstruasi beda beda wanita hormonal wanita beda beda,F3,1,1
141,6,"Anda dapat membaca artikel di bawah ini: Proses pembuahan, Menstruasi",baca artikel proses buah menstruasi,F5,1,1
141,7,"Semoga membantu, dr Yosephine",moga bantu dr yosephine,F1,1,1
142,0,"Halo, Terima kasih atas pertanyaannya",halo terima kasih,F1,0,0
142,1,Bagaimanakah siklus menstruasi Anda pada tahun sebelumnya?,siklus menstruasi,F2,1,1
142,2,Apakah hal ini pertama kali terjadi?,kali,F2,1,1
142,3,"Pada kondisi normal, menstruasi berkisar antara 2 - 7 hari dengan siklus menstruasi 21 - 35 hari yang dihitung dari hari pertama menstruasi sampai hari pertama menstruasi berikutnya",kondisi normal menstruasi kisar siklus menstruasi hitung menstruasi menstruasi,F3,1,1
142,4,"Gangguan siklus menstruasi tergolong menjadi salah satu hal berikut: Metrorrhagia : menstruasi yang tidak teratur, tetapi rutin terjadi",ganggu siklus menstruasi golong salah metrorrhagia menstruasi atur rutin,F3,1,1
142,5,"Oligomenorrhea : menstruasi yang terjadi jarang, siklus menstruasi terjadi lebih dari 35 hari hingga 3 bulan, sehingga dalam kurun waktu setahun, menstruasi bisa terjadi hanya sekitar 6 - 8 kali",oligomenorrhea menstruasi jarang siklus menstruasi kurun menstruasi kali,F3,1,1
142,6,Amenorrhea : ketika menstruasi Anda berhenti selama 3 bulan lebih,amenorrhea menstruasi henti,F3,1,1
142,7,"Menometrorrhagia: pendarahan menstruasi yang berlangsung lebih lama dan volume darah lebih banyak, terjadi tidak teratur",menometrorrhagia darah menstruasi langsung volume darah atur,F3,2,2
142,8,Yang Anda alami mungkin saja termasuk oligomenorrhea,alami masuk oligomenorrhea,F4,2,2
142,9,"Ada berbagai hal yang dapat menyebabkan gangguan menstruasi ini: tingkat stres yang berlebihan, obesitas, penggunaan alat kontrasepsi, gangguan pola makan seperti anorexia, peningkatan hormon prolaktin dalam darah, gangguan hormon tiroid, sindrom ovarium polikistik",ganggu menstruasi tingkat stres obesitas alat kontrasepsi ganggu pola makan anorexia tingkat hormon prolaktin darah ganggu hormon tiroid sindrom ovarium polikistik,F3,2,2
142,10,Sindrom ovarium polikistik merupakan penyebab tersering oligomenorrhea,sindrom ovarium polikistik rupa oligomenorrhea,F3,2,2
142,11,"Pada penyakit ini, ditemukan banyak kista kecil pada indung telur sehingga menyebabkan gangguan hormon reproduksi dan gangguan menstruasi",sakit temu kista indung telur ganggu hormon reproduksi ganggu menstruasi,F3,2,2
142,12,Ketidaknormalan juga terjadi kepada proses pelepasan sel telur,ketidaknormalan proses lepas sel telur,F3,2,2
142,13,"Ini menyebabkan Anda tidak mengalami menstruasi, atau mengalami menstruasi tapi darah yang keluar hanya sedikit",alam menstruasi alam menstruasi darah,F3,2,2
142,14,"Sebaiknya Anda segera memeriksakan diri ke dokter spesialis kandungan, sehingga dokter dapat melakukan pemeriksaan untuk mencari tahu penyebabnya dan memberikan penanganan yang tepat",periksa dokter spesialis kandung dokter laku periksa cari tangan,F5,3,3
142,15,"Anjuran berikut dapat Anda lakukan: kelola stres dengan baik, lakukan hal - hal yang menyenangkan perbaiki pola makan, dan berolahragalah dengan teratur jaga agar berat badan tubuh tetap ideal",anjur laku kelola stres laku senang pola makan olahraga atur jaga berat badan tubuh ideal,F5,4,4
142,16,Semoga membantu,moga bantu,F1,4,4
142,17,dr Aloisia,dr aloisia,F1,4,4
143,0,Hai Ayu,hai ayu,F1,0,0
143,1,Senggama terputus atau berhubungan seksual namun tidak dikeluarkan di dalam kelamin wanita merupakan salah satu metode kontrasepsi alami,senggama putus hubung seksual kelamin wanita rupa salah metode kontrasepsi alami,F3,0,0
143,2,"Namun, metode ini memiliki banyak kelemahan dimana ada kemungkinan keterlambatan saat mengeluarkan",metode milik lemah lambat,F3,0,0
143,3,"Kemudian, kondisi haid yang terlambat selain kehamilan , dapat juga disebabkan oleh 1 Pola hidup yang kurang sehat seperti pembatasan asupan makanan berlebihan, kelelahan fisik serta kurang istirahat",kondisi haid lambat hamil pola hidup sehat batas asupan makan lelah fisik istirahat,F3,1,1
143,4,2 Stres psikis,stres psikis,F3,1,1
143,5,"3 Adanya kondisi klinis tertentu seperti radang panggul, sindrom polikistik ovarii, endometriosis, polip rahim",kondisi klinis radang panggul sindrom polikistik ovarii endometriosis polip rahim,F3,1,1
143,6,4 Penggunaan kontrasepsi,kontrasepsi,F3,1,1
143,7,Konsultasikan dengan dokter mengenai kondisi yang anda alami,konsultasi dokter kena kondisi alami,F5,1,1
143,8,Pemeriksaan kehamilan perlu dilakukan untuk memastikan kemungkinan terjadinya kehamilan,periksa hamil laku hamil,F5,1,1
143,9,"Menjaga pola hidup sehat dengan konsumsi makanan gizi seimbang, istirahat cukup, olahraga teratur, tidak merokok ataupun alkohol, kelola stres dapat membantu",jaga pola hidup sehat konsumsi makan gizi imbang istirahat olahraga atur rokok alkohol kelola stres bantu,F5,1,1
143,10,Berikut mengenai menstruasi tidak teratur,kena menstruasi atur,F5,1,1
143,11,Semoga bermanfaat dan terima kasih,moga manfaat terima kasih,F1,2,2
143,12,"Salam, dr Alyssa",salam dr alyssa,F1,2,2
144,0,Halo Syifa,halo syifa,F1,0,0
144,1,Apakah batuk disertai dahak?,batuk dahak,F2,1,1
144,2,Sudah berapa lama batuknya?,batuk,F2,1,1
144,3,Sulit untuk meminimalkan kemungkinan penyebab batuk tanpa adanya keterangan yang lebih detail,sulit minimal batuk terang detail,F4,1,1
144,4,"Secara umum batuk bisa disebabkan karena alergi (misal alergi debu, dingin, makanan, maupun obat), iritasi pada saluran nafas, infeksi pada saluran pernapasan (virus hingga yang lebih berat seperti penumonia, tuberkulosis), keganasan pada paru, penyakit asam lambung",batuk alergi alergi debu dingin makan obat iritasi salur nafas infeksi salur napas virus berat penumonia tuberkulosis ganas paru sakit asam lambung,F3,1,1
144,5,"Ketika batuk otot pada tubuh ikut menegang, hal ini lah yang menyebabkan perut Anda terasa tertarik saat batuk",batuk otot tubuh tegang perut tarik batuk,F3,2,2
144,6,"Terkait dengan kehamilan, hal ini bergantung pada penyebab batuknya",kait hamil gantung batuk,F3,2,2
144,7,"Apabila penyebab batuk tidak berbahaya (misal karena iritasi pada saluran nafas), maka batuk secara umum tidak mengganggu janin karena janin terlindung oleh rahim, cairan ketuban, dan otot perut",batuk bahaya iritasi salur nafas batuk ganggu janin janin lindung rahim cair ketuban otot perut,F3,2,2
144,8,"Namu bila penyebabnya cukup serius seperti tuberkulosis, pneumonia, hingga keganasan, tentu hal ini membutuhkan penanganan lebih lanjut",namu serius tuberkulosis pneumonia ganas butuh tangan,F3,3,3
144,9,Untuk keluhan bercak darah apakah yang Anda maksud adalah perdarahan dari jalan lahir?,keluh bercak darah maksud darah jalan lahir,F2,4,4
144,10,"Perdarahan ketika hamil dapat disebabkan karena beberapa kondisi seperti tanda keguguran, kelelahan, infeksi dan peradangan pada vagina dan leher rahim, hamil anggur, kehamilan di luar kandungan, perlukaan pada vagina, gesekan terlalu keras saat berhubungan intim, gangguan hormonal, dan keganasan",darah hamil kondisi tanda gugur lelah infeksi radang vagina leher rahim hamil anggur hamil kandung luka vagina gesek keras hubung intim ganggu hormonal ganas,F3,5,5
144,11,"Mengingat ada perdarahan, saya sarankan agar Anda memeriksakan diri ke dokter kandungan secara langsung supaya bisa dilakukan pemeriksaan lebih lanjut untuk memastikan penyebab perdarahannya dan agar kondisi janin Anda bisa terpantau",darah saran periksa dokter kandung langsung laku periksa darah kondisi janin pantau,F5,6,6
144,12,Selain itu Anda juga bisa sekaligus berkonsultasi tentang batuk yang Anda alami sehingga Anda juga bisa mendapatkan penanganan terhadap batuknya,konsultasi batuk alami tangan hadap batuk,F5,6,6
144,13,Apabila diperlukan dokter kandungan bisa merujuk Anda ke bagian lain yang terkait,dokter kandung rujuk kait,F5,6,6
144,14,"Sementara menunggu ke dokter, Anda bisa melakukan beberapa tips berikut ini: Istirahat cukup dan bed rest bila perlu",tunggu dokter laku tips istirahat bed rest,F5,7,7
144,15,Perhatikan jumlah perdarahan,perhati darah,F5,8,8
144,16,Kelola stres dengan baik,kelola stres,F5,9,8
144,17,Hindari mengangkat benda berat,hindar angkat benda berat,F5,9,9
144,18,Hindari aktivitas terlalu berat,hindar aktivitas berat,F5,9,9
144,19,Jaga kebersihan vagina,jaga bersih vagina,F5,10,10
144,20,Tunda hubungan intim dulu sampai perdarahan membaik atau bila sudah diperbolehkan oleh dokter kandungan,tunda hubung intim darah dokter kandung,F5,10,10
144,21,Banyak minum air putih,minum air putih,F5,10,10
144,22,Rutin kontrol kehamilan dengan dokter kandungan,rutin kontrol hamil dokter kandung,F5,10,10
144,23,"Semoga bisa membantu Anda, Terima kasih",moga bantu terima kasih,F1,11,11
145,0,Hai Nazly,hai nazly,F1,0,0
145,1,"Muntah darah atau hematemesis merupakan keluhan yang dapat terjadi akibat perdarahan pada saluran nafas, saluran cerna ataupun paru",muntah darah hematemesis rupa keluh akibat darah salur nafas salur cerna paru,F3,0,0
145,2,Muntah darah sebenarnya hanya gejala yang disebabkan kondisi medis lain sehingga sangat penting untuk mencari dan mengatasi penyebabnya agar keluhan tidak berulang,muntah darah gejala kondisi medis cari keluh ulang,F3,0,0
145,3,"Pada beberapa kondisi, penyebab muntah darah dapat sangat berbahaya sehingga harus segera mendapat perhatian medis",kondisi muntah darah bahaya perhati medis,F3,0,0
145,4,Berikut beberapa langkah penanganan muntah darah : Menghindari kondisi yang dapat mencetuskan muntah darah,langkah tangan muntah darah hindar kondisi cetus muntah darah,F5,0,0
145,5,"Mengatasi perdarahan yang terjadi dengan intervensi medis ataupun pemberian obat untuk membantu membekukan darah bila tidak dikontraindikasikan, contohnya dengan pengunaan asam traneksamat atau vitamin K",darah intervensi medis obat bantu beku darah kontraindikasi contoh pengunaan asam traneksamat vitamin k,F5,0,0
145,6,Mengatasi penyebab muntah darah,muntah darah,F5,0,0
145,7,Saya sangat menganjurkan agar Anda atau kerabat Anda tidak melakukan penanganan secara sendiri dan segera memeriksakan diri ke instalasi gawat darurat agar mendapat penanganan yang sesuai dengan kondisi dan kebutuhan Anda,anjur kerabat laku tangan periksa instalasi gawat darurat tangan sesuai kondisi butuh,F5,1,1
145,8,"Semoga bermanfaat, dr Budiono",moga manfaat dr budiono,F1,1,1
146,0,Halo,halo,F1,0,0
146,1,Terima kasih sudah bertanya pada Alodokter,terima kasih alodokter,F1,0,0
146,2,Keluhan yang Anda alami dengan gejala utama berupa darah menstruasi yang sedikit dalam bahasa medis disebut sebagai hypomenorrhea,keluh alami gejala utama rupa darah menstruasi bahasa medis hypomenorrhea,F4,1,1
146,3,Kondisi ini dapat disebabkan oleh : Â Penggunaan alat kontrasepsi,kondisi alat kontrasepsi,F3,1,1
146,4,Â Genetik,genetik,F3,1,1
146,5,Â Faktor usia,faktor usia,F3,1,1
146,6,Â Stres psikologis,stres psikologis,F3,1,1
146,7,Â Penurunan atau kenaikan berat badan yang ekstrim,turun berat badan ekstrim,F3,1,1
146,8,Â Olahraga berlebihan,olahraga,F3,1,1
146,9,Â Gangguan kelenjar tiroid,ganggu kelenjar tiroid,F3,1,1
146,10,Â Sindrom ovarium polikistik,sindrom ovarium polikistik,F3,1,1
146,11,Â Ashermans syndrome,ashermans syndrome,F3,1,1
146,12,Penggunaan KB 3 bulan memang kerap kali menyebabkan gangguan haid dikarenakan KB suntik 3 bulan merupakan salah satu jenis KB hormonal,kb kerap kali ganggu haid kb suntik rupa salah jenis kb hormonal,F3,2,2
146,13,Namun bila keluhan terus terjadi dalam jangka waktu yang lama,keluh jangka,F5,2,3
146,14,Maka ada baiknya Anda untuk segera mengunjungi Dokter Spesialis Kebidanan dan Kandungan agar dilakukan pemeriksaan lebih lanjut sehingga penanganan yang tepat dapat diberikan sesuai dengan penyabab yang nantinya diketahui,kunjung dokter spesialis bidan kandung laku periksa tangan sesuai penyabab,F5,3,3
146,15,Tips untuk Anda : Â Ikutilah saran dan pengobatan dari Dokter yang Anda temui nantinya,tips saran obat dokter temu,F5,3,3
146,16,Â Makan makanan bergizi tepat waktu,makan makan gizi,F5,4,4
146,17,Â Minum air putih minimal 2 liter perhari,minum air putih minimal liter,F5,4,4
146,18,Â Tidur dan istirahat yang cukup,tidur istirahat,F5,4,4
146,19,Â Hindari stres psikologis,hindar stres psikologis,F5,4,4
146,20,Semoga bermanfaat,moga manfaat,F1,4,4
146,21,"Salam, dr Satya Sueningrat",salam dr satya sueningrat,F1,5,5
147,0,"Halo Afriiyanthie Purba Tambak, terima kasih atas pertanyaannya untuk Alodokter",halo afriiyanthie purba tambak terima kasih alodokter,F1,0,0
147,1,Menstruasi adalah peluruhan lapisan endometrium di dalam rahim yang dapat terjadi bila sel telur tidak dibuahi sperma,menstruasi luruh lapis endometrium rahim sel telur buah sperma,F3,1,1
147,2,Jarak antara siklus menstruasi yang normal adalah 21 - 35 hari dan lamanya siklus adalah 2 hari hingga 7 hari,jarak siklus menstruasi normal siklus,F3,2,2
147,3,"Beberapa kondisi dapat menyebabkan terjadinya perubahan pada siklus menstruasi seorang wanita seperti perubahan jarak antara siklus menstruasinya, lamanya menstruasi, ataupun jumlah perdarahan",kondisi ubah siklus menstruasi orang wanita ubah jarak siklus menstruasi menstruasi darah,F3,2,2
147,4,Nyeri yang terjadi saat menstruasi disebut juga dengan dismenore,nyeri menstruasi dismenore,F3,2,2
147,5,Dismenore disebabkan oleh suatu zat kimia yang disebut Prostaglandin yang terbentuk di rahim saat menjelang siklus menstruasi,dismenore zat kimia prostaglandin bentuk rahim jelang siklus menstruasi,F3,2,2
147,6,Prostaglandin ini menyebabkan kontraksi otot - otot di rahim yang memunculkan rasa nyeri serta penurunan aliran darah dan oksigen ke rahim,prostaglandin kontraksi otot otot rahim muncul nyeri turun alir darah oksigen rahim,F3,3,3
147,7,"Seperti halnya nyeri saat persalinan, kontraksi ini dapat menyebabkan nyeri yang cukup hebat dan rasa tidak nyaman",nyeri salin kontraksi nyeri hebat nyaman,F3,4,3
147,8,"Prostaglandin ini juga dapat menyebabkan munculnya rasa mual hingga muntah, serta diare saat menstruasi",prostaglandin muncul mual muntah diare menstruasi,F3,4,3
147,9,"Nyeri pada dismenore terasa seperti kram di perut bawah, kadang terjadi penjalaran nyeri juga ke punggung, pinggang, dan paha",nyeri dismenore kram perut kadang jalar nyeri punggung pinggang paha,F3,4,3
147,10,"Nyeri biasanya terjadi sesaat sebelum atau saat menstruasi dimulai, lalu berkurang setelah satu sampai tiga hari",nyeri menstruasi,F3,4,3
147,11,"Nyeri terjadi hilang timbul, bisa jadi ringan pada beberapa wanita, namun bisa juga sangat berat hingga penderitanya tidak bisa melakukan aktifitas normal",nyeri hilang timbul ringan wanita berat derita laku aktifitas normal,F4,4,3
147,12,"Gejala lain yang menyertai nyeri antara lain mual muntah, diare, pusing, sakit kepala, kelelahan, rasa seperti sedang sakit flu",gejala nyeri mual muntah diare pusing sakit kepala lelah sakit flu,F3,4,4
147,13,Berikut ini adalah beberapa kondisi yang dapat menyebabkan perubahan pada siklus menstruasi seorang wanita: Stres,kondisi ubah siklus menstruasi orang wanita stres,F3,5,5
147,14,Kehamilan dan menyusui,hamil susu,F3,5,5
147,15,Fluktuasi hormonal normal pada remaja,fluktuasi hormonal normal remaja,F3,5,5
147,16,Obat - obatan dan kontrasepsi,obat obat kontrasepsi,F3,6,6
147,17,"Gangguan makan, turun berat badan yang berlebihan, atau olahraga yang berlebihan",ganggu makan turun berat badan olahraga,F3,7,7
147,18,"Penyakit seperti sindrom polikistik ovarium (PCOS), dimana terjadi pembesaran ovarium karena kista Fibroma atau miom pada rahim",sakit sindrom polikistik ovarium pcos ovarium kista fibroma miom rahim,F3,8,8
147,19,Kista ovarium,kista ovarium,F3,8,8
147,20,Menopause dini,menopause,F3,8,8
147,21,"Infeksi, penyakit tiroid, diabetes",infeksi sakit tiroid diabetes,F3,8,8
147,22,Kanker tertentu yang menyebabkan gangguan hormonal,kanker ganggu hormonal,F3,8,8
147,23,Beberapa penyakit yang dapat menyebabkan gejala dismenore pada wanita antara lain: Endometriosis yaitu tumbuhnya jaringan endometrium di luar rahim,sakit gejala dismenore wanita endometriosis tumbuh jaring endometrium rahim,F3,8,8
147,24,Fibroid atau mium atau tumor jinak pada rahim,fibroid mium tumor jinak rahim,F3,8,8
147,25,Adenomiosis yaitu tumbuhnya jaringan endometrium ke dalam otot rahim,adenomiosis tumbuh jaring endometrium otot rahim,F3,8,8
147,26,Infeksi di organ reproduksi,infeksi organ reproduksi,F3,8,8
147,27,Stenosis servikal yaitu pendeknya pembukaan pada serviks,stenosis servikal pendek buka serviks,F3,8,8
147,28,Beberapa hal yang dapat anda lakukan untuk mengurangi gejala yang anda rasakan antara lain: Menghindari stres,laku gejala hindar stres,F5,9,8
147,29,Tidur dan beristirahat cukup,tidur istirahat,F5,9,9
147,30,Menghindari merokok dan minum alkohol,hindar rokok minum alkohol,F5,9,9
147,31,Menghindari makanan dan minuman yang mengandung kafein,hindar makan minum kandung kafein,F5,9,9
147,32,Memijat perut bawah dan punggung bawah dengan lembut,pijat perut punggung lembut,F5,10,10
147,33,Mengompres perut bawah dan punggung bawah dengan bantal panas atau botol berisi air panas,kompres perut punggung bantal panas botol isi air panas,F5,10,10
147,34,Mengonsumsi Ibuprofen atau Paracetamol saat awal menstruasi dimulai,konsumsi ibuprofen paracetamol menstruasi,F5,11,11
147,35,Ibuprofen terbukti lebih efektif untuk mengatasi nyeri,ibuprofen bukti efektif nyeri,F5,11,11
147,36,"Olahraga teratur terbukti dapat mengurangi nyeri saat menstruasi, sehingga olahraga rutin setiap hari juga sebaiknya dilakukan",olahraga atur bukti nyeri menstruasi olahraga rutin laku,F5,11,11
147,37,"Bila anda mengalami nyeri menstruasi yang anda rasakan sangat hebat yang tidak berkurang dengan pengobatan sendiri atau nyeri terjadi lebih dari 3 hari, sebaiknya anda berkonsultasi ke dokter kandungan",alam nyeri menstruasi hebat obat nyeri konsultasi dokter kandung,F5,11,11
147,38,"Dokter akan menanyakan lebih lanjut mengenai gejala yang anda rasakan, gejala lain yang menyertai, dan melakukan pemeriksaan fisik pada anda",dokter kena gejala gejala laku periksa fisik,F5,11,11
147,39,Bila diperlukan dokter juga akan melakukan pemeriksaan USG untuk melihat bila ada kelainan di dalam rahim ataupun di dalam kandung telur anda,dokter laku periksa usg lihat rahim kandung telur,F5,11,11
147,40,"Bila tidak ada hal yang tidak normal pada pemeriksaan dan nyeri yang anda alami hanya karena dismenore biasa, dokter dapat meresepkan obat antinyeri yang lebih kuat dibandingkan Ibuprofen dan pil kontrasepsi",normal periksa nyeri alami dismenore dokter resep obat antinyeri kuat banding ibuprofen pil kontrasepsi,F5,11,11
147,41,"Sekian informasi yang dapat saya sampaikan, semoga bermanfaat, dr Irna Cecilia",sekian informasi moga manfaat dr irna cecilia,F1,12,12
148,0,Salam,salam,F1,0,0
148,1,"Dari informasi yang Anda sampaikan,, berat badan dan umur bayi sebaiknya disesuaikan, sehingga akan tahu apakah hal ini menjadi resiko atau hal yang perlu diperhatikan",informasi berat badan umur bayi sesuai resiko perhati,F4,0,0
148,2,"Selama berat badan bayi Anda ideal, maka kondisi ini merupakan hal wajar dan tidak perlu dikhawatirkan hanya diusahakan sebaik mungkin",berat badan bayi ideal kondisi rupa wajar khawatir usaha,F4,0,0
148,3,"Bila usia bayi 8 bulan, maka berat optimal bayi Anda mencapai 8,5 kg atau berat badan normal usia 8 bulan berkisar 6,5 kg - 9,5 kg",usia bayi berat optimal bayi capai kg berat badan normal usia kisar kg kg,F4,0,0
148,4,"Bila berat bayi Anda masih dalam range tersebut, menunjukkan hal sangat baik terhadap kesehatan bayi Anda",berat bayi range hadap sehat bayi,F4,0,0
148,5,"Sehingga, bayi Anda yang menurut Anda tampak kurus walau sudah makan lahap, kemungkinan makanan yang dikonsumsi digunakan untuk pertumbuhan gigi, pertumbuhan tinggi, otak dan tubuhnya serta aktivitasnya yang banyak",bayi kurus makan lahap makan konsumsi tumbuh gigi tumbuh otak tubuh aktivitas,F4,1,1
148,6,Sehingga cadangan makanan yang disimpan di bawah kulit tidak terlalu banyak,cadang makan simpan kulit,F4,1,1
148,7,"Untuk membantu menambah beratnya, sebaiknya Anda dapat mempertimbangkan pemberian ASI atau ASI pompa sehingga bayi Anda semakin sehat dan berat badan bertambah",bantu berat timbang asi asi pompa bayi sehat berat badan,F4,1,1
148,8,Pemberian ASI dikarenakan konsumsi sufor yang kurang,asi konsumsi sufor,F4,1,1
148,9,"Bila Anda merasa semakin khawatir, Anda dapat berkonsultasi dengan dokter anak untuk pemeriksaan dan evalausi keluhan ini",khawatir konsultasi dokter anak periksa evalausi keluh,F5,2,2
148,10,"Dokter akan mengevalusi semua kebiasaan bayi Anda , kebiasaan makan dan tumbuh kembangnya",dokter mengevalusi bayi makan tumbuh kembang,F5,2,2
148,11,"Demikian informasi yang bisa kami sampaikan, baca juga diskusi",informasi baca diskusi,F1,3,3
148,12,dr Ulfi,dr ulfi,F1,3,3
149,0,"Halo Siti, terima kasih atas pertanyaannya untuk Alodokter",halo siti terima kasih alodokter,F1,0,0
149,1,Trombositopenia didefinisikan sebagai jumlah trombosit kurang dari 150000 / microL,trombositopenia definisi trombosit microl,F3,1,1
149,2,Kondisi ini ditemukan pada sekitar 7 - 12% wanita hamil dan sebagian besar (70%) disebabkan oleh trobositopenia gestasional,kondisi temu wanita hamil trobositopenia gestasional,F3,1,1
149,3,"Trombositopenia gestasional adalah trombositopenia ringan yang terjadi pada kehamilan normal yang penyebabnya diduga terkait dengan peningkatan volume plasma darah, penumpukan atau penggunaan trombosit di plasenta, serta perubahan fisiologis lainnya dalam kehamilan",trombositopenia gestasional trombositopenia ringan hamil normal duga kait tingkat volume plasma darah tumpuk trombosit plasenta ubah fisiologis hamil,F3,1,1
149,4,"Pada umumnya trombosit masih berada di atas 100000 / microL, tidak bergejala, dan tidak memerlukan terapi apapun",trombosit microl gejala terapi,F3,1,1
149,5,"Penyebab lain penurunan trombosit dalam kehamilan antara lain: preeklamsia sindrom HELLP perlemakan hati akut dalam kehamilan penyebab lain yang tidak berhubungan dengan kehamilan, misalnya ITP, TTP (thrombotic thrombocytopenic purpura), DIC (Disseminated Intravascular coagulation), SLE , trombositopenia yang diinduksi obat, dan lain sebagainya",turun trombosit hamil preeklamsia sindrom hellp lemak hati akut hamil hubung hamil itp ttp thrombotic thrombocytopenic purpura dic disseminated intravascular coagulation sle trombositopenia induksi obat,F3,1,1
149,6,"Dalam kasus anda (terutama karena trombosit anda jumlahnya di bawah 100000 / microL), maka penyebab trombositopenia tersebut harus segera dicari terlebih dahulu",utama trombosit microl trombositopenia cari,F4,2,2
149,7,"Anda harus melalui pemeriksaan darah lengkap, termasuk juga dilakukannya pemeriksaan apus darah tepi, pemeriksaan kencing, fungsi ginjal, fungsi hati, PT / APTT, dan pemeriksaan lain yang dianggap perlu",periksa darah lengkap masuk laku periksa apus darah tepi periksa kencing fungsi ginjal fungsi hati pt aptt periksa anggap,F4,2,2
149,8,Bisa tidaknya anda melahirkan normal tidak dapat ditentukan saat ini karena akan sangat bergantung pada hasil pemeriksaan anda,lahir normal gantung hasil periksa,F4,3,3
149,9,Sebaiknya anda segera memeriksakan diri ke Dokter Kandungan (bukan ke bidan saja) karena memang bisa berbahaya bila melahirkan dengan kondisi trombosit yang sangat rendah,periksa dokter kandung bidan bahaya lahir kondisi trombosit rendah,F5,3,3
149,10,Perdarahan paska persalinan bisa terjadi cukup hebat sehingga anda harus melahirkan (normal ataupun sesar) di rumah sakit dengan fasilitas cukup lengkap,darah paska salin hebat lahir normal sesar rumah sakit fasilitas lengkap,F5,3,3
149,11,"Sekian informasi dari saya, semoga cukup menjawab",sekian informasi moga,F1,3,3
150,0,Halo,halo,F1,0,0
150,1,Salep inerson adalah salep yang mengandung desoksimetason dimana desoksimetason ini adalah salah satu obat topikal golongan kortikosteroid yang berfungsi sebagai antiflogistik (anti inflamasi / peradangan) dan anti pruriti (anti gatal),salep inerson salep kandung desoksimetason desoksimetason salah obat topikal golong kortikosteroid fungsi antiflogistik anti inflamasi radang anti pruriti anti gatal,F3,0,0
150,2,Pada kasus bekas sayatan luka operasi ganglion maka obat ini ditujukan untuk mengurangi pembengkakan (dan proses peradangan) lainnya yang mungkin timbul paska operasi,bekas sayat luka operasi ganglion obat tuju bengkak proses radang timbul paska operasi,F4,0,0
150,3,Perhatikan penggunaan obat topikal ini,perhati obat topikal,F5,0,0
150,4,Hindari penggunaan terlalu lama yang bisa menyebabkan penyerapan obat ke dalam sistem tubuh,hindar serap obat sistem tubuh,F5,0,0
150,5,Semoga bermanfaat,moga manfaat,F1,0,0
150,6,dr Yusi,dr yusi,F1,1,1
151,0,Hai desper,hai desper,F1,0,0
151,1,terima kasih telah bertanya ke Alodokter,terima kasih alodokter,F1,0,0
151,2,Bayi yang baru menjalani peralihan dari konsumsi ASI (air susu ibu) ke makanan yang lebih padat ( MPASI ) memang kerap mengalami sulit BAB,bayi jalan alih konsumsi asi air susu makan padat mpasi kerap alam sulit bab,F4,1,1
151,3,Hal ini merupakan hal yang wajar sebagai bentuk adaptasi saluran cernanya yang memang belum optimal,rupa wajar bentuk adaptasi salur cerna optimal,F4,1,1
151,4,"Biasanya, keluhan akan semakin membaik seiring dengan pertambahan usianya",keluh iring usia,F4,1,1
151,5,"Selama sulit BAB - nya tidak sampai terjadi melebihi 2 minggu, dan tidak juga dijumpai keluhan lain, seperti muntah, nyeri perut, perut keras, rewel, hingga tidak mau makan sama sekali, kondisi ini kemungkinan besar tidaklah berbahaya",sulit bab nya minggu jumpa keluh muntah nyeri perut perut keras rewel makan kondisi bahaya,F3,1,1
151,6,Tidak ada juga patokan berapa kali frekuensi BAK yang normal pada bayi,patok kali frekuensi bak normal bayi,F3,1,1
151,7,"Namun, secara umum, bayi masih dikatakan normal bila BAK sekitar 1 cc / kg berat badan / jam",bayi normal bak cc kg berat badan jam,F3,1,1
151,8,"Jadi, bila bayi Anda volume BAK - nya banyak, meski jarang, kondisi ini masih bisa dikatakan wajar",bayi volume bak nya jarang kondisi wajar,F3,1,1
151,9,"Anda bisa coba dahulu lakukan beberapa upaya berikut guna mengatasi kendala BAB bayi Anda: Beri bayi makanan dengan konsistensi yang bertahap, mulai dari cair, lunak, baru padat",coba laku upaya kendala bab bayi bayi makan konsistensi tahap cair lunak padat,F5,1,1
151,10,"Beri bayi makanan dengan frekuensi yang bertahap, mulai dari 1 kali sehari, 2 kali sehari, baru 3 kali sehari",bayi makan frekuensi tahap kali kali kali,F5,1,2
151,11,"Beri bayi makanan dengan kuantitas yang bertahap, mulai dari 3 sendok, 5 sendok, dan seterusnya",bayi makan kuantitas tahap sendok sendok,F5,2,3
151,12,Pilihkan jenis makanan yang mudah dicerna bayi di awal - awal perkenalan MPASI - nya,pilih jenis makan mudah cerna bayi kenal mpasi nya,F5,2,3
151,13,"WHO menganjurkan memperbanyak asupan karbohidrat, dibanding buah atau sayur, contohnya puree beras, kabocha, dan sebagainya",who anjur asupan karbohidrat banding buah sayur contoh puree beras kabocha,F5,2,3
151,14,Beri bayi ASI sesering mungkin,bayi asi,F5,2,3
151,15,Beri juga bayi air putih yang cukup,bayi air putih,F5,2,3
151,16,Ajak bayi untuk aktif bergerak dan bermain,ajak bayi aktif gerak main,F5,3,3
151,17,"Bila kemudian keluhan masih tidak membaik dalam 1 hingga 2 minggu, jangan segan untuk memeriksakan bayi Anda langsung ke dokter spesialis anak sebelum memberikan obat atau penanganan apapun ya",keluh minggu segan periksa bayi langsung dokter spesialis anak obat tangan ya,F5,3,3
151,18,Semoga membantu,moga bantu,F1,3,3
151,19,dr Nadia Nurotul Fuadah,dr nadia nurotul fuadah,F1,4,4
152,0,Hai Bici,hai bici,F1,0,0
152,1,"Kandidiasis vagina atau infeksi jamur pada vagina merupakan peradangan akibat jamur pada vagina yang ditandai dengan iritasi pada vagina, rasa gatal, dan keputihan",kandidiasis vagina infeksi jamur vagina rupa radang akibat jamur vagina tanda iritasi vagina gatal putih,F3,1,1
152,2,Infeksi jamur ada vagina ini mempengaruhi vagina dan jaringan vulva,infeksi jamur vagina pengaruh vagina jaring vulva,F3,1,1
152,3,Infeksi jamur pada vagina tidak dianggap sebagai penyakit menular seksual walaupun infeksi jamur pada vagina ini dapat menular melalui kontak oral - genital,infeksi jamur vagina anggap sakit tular seksual infeksi jamur vagina tular kontak oral genital,F3,1,1
152,4,"GEJALA - Gejala yang dapat terjadi pada infeksi jamur vagina dapat dialami mulai dari gejala yang ringan sampai gejala sedang, yaitu: Gatal dan iritasi pada vagina dan vulva",gejala gejala infeksi jamur vagina alami gejala ringan gejala gatal iritasi vagina vulva,F3,1,1
152,5,Sensasi terbakar terutama saat berhubungan seksual dan saat buang air kecil,sensasi bakar utama hubung seksual buang air,F3,2,2
152,6,Kemerahan dan pembengkakan pada vulva (bibir vagina),merah bengkak vulva bibir vagina,F3,3,3
152,7,Rasa sakit pada vagina,sakit vagina,F3,3,3
152,8,"Keputihan seperti keju Infeksi jamur yang lebih parah akan ditandai dengan: Kemerahan yang meluas, pembengkakan dan gatal yang smpai menyebabkan luka",putih keju infeksi jamur parah tanda merah luas bengkak gatal smpai luka,F3,3,3
152,9,Mengalami infeksi jamur yang berulang (lebih dari 4 kali dalam 1 tahun),alam infeksi jamur ulang kali,F3,4,4
152,10,Infeksi jamur disebabkan oleh jenis kandida yang bukan kandida albicans Sedang hamil,infeksi jamur jenis kandida kandida albicans hamil,F3,4,4
152,11,Memiliki penyakit diabetes yang tidak terkontrol,milik sakit diabetes kontrol,F3,5,5
152,12,Kekebalan tubuh yang menurun akibat penyakit tertentu seperti HIV Anda memerlukan konsultsi dengan dokter jika memiliki keluhan di bawah ini: Pertama kali mendapatkan infeksi jamur,kebal tubuh turun akibat sakit hiv konsultsi dokter milik keluh kali infeksi jamur,F3,6,5
152,13,Tidak yakin apa infeksi yang dialami,infeksi alami,F3,6,5
152,14,Infeksi tidak membaik dengan penanganan sendiri,infeksi tangan,F3,6,5
152,15,Anda merasakan gejala yang buruk,gejala buruk,F3,6,5
152,16,PENYEBAB : Penyebab utama dari kandidiasi vagina adalah jamur,utama kandidiasi vagina jamur,F3,7,6
152,17,Jamur merupakan mikroorganisme yang biasa hidup di vagina bersama dengan bakteri,jamur rupa mikroorganisme hidup vagina bakteri,F3,7,6
152,18,"Pada keadaan normal bakteri dan jamur akan berada dalam jumlah yang seimbang, namun pada keadaan tertentu dapat terjadi ketidakseimbangan mikroorganisme yang ada di vagina sehingga meningkatkan pertumbuhan jamur",normal bakteri jamur imbang ketidakseimbangan mikroorganisme vagina tingkat tumbuh jamur,F3,7,6
152,19,Hal itu dapat disebabkan oleh: Penggunaan antibiotik,antibiotik,F3,8,6
152,20,Kehamilan,hamil,F3,8,7
152,21,Penyakit diabetes yang tidak terkontrol,sakit diabetes kontrol,F3,8,7
152,22,Kekebalan tubuh yang menurun,kebal tubuh turun,F3,8,8
152,23,Segala sesuatu yang dapat menyebabkan perubahan jenis dan jumlah bakteri di vagina,ubah jenis bakteri vagina,F3,8,9
152,24,Pada umumnya jamur candida yang menyebabkan kandidiasis vagina adalah jamur candida albicans namun jika infeksi disebabkan oleh jenis candida yang lain maka dibutuhkan penanganan yang lebih intensif,jamur candida kandidiasis vagina jamur candida albicans infeksi jenis candida butuh tangan intensif,F3,8,9
152,25,"PENGOBATAN : Untuk gejala ringan sampai sedang pada umumnya dokter akan menyarankan: Terapi jangka pendek dengan krim antijamur 1 - 3 hari, salep atau tablet antijamur yang dimasukkan melalui vagina",obat gejala ringan dokter saran terapi jangka pendek krim antijamur salep tablet antijamur masuk vagina,F5,9,10
152,26,Dokter akan memberikan obat antijamur yang diminum hanya satu kali saja seperti flukonazol,dokter obat antijamur minum kali flukonazol,F5,9,10
152,27,"Untuk infeksi yang lebih rumit atau buruk: Terapi selama 14 hari dengan krim, salep atau tablet yang dimasukkan melalui vagina",infeksi rumit buruk terapi krim salep tablet masuk vagina,F5,9,10
152,28,Obat oral yang diminum tidak hanya satu kali dan mungkin akan dikombinasikan dengan obat lain,obat oral minum kali kombinasi obat,F5,9,10
152,29,Namun obat ini tidak boleh dikonsumsi oleh wanita hamil,obat konsumsi wanita hamil,F5,9,10
152,30,Untuk infeksi jamur berulang akan memerlukan pengobatan dengan waktu yang lebih lama,infeksi jamur ulang obat,F5,10,11
152,31,PENCEGAHAN : Untuk mencegah terjadinya infeksi jamur: Hindari membersihkan vagina dengan bahan kimia,cegah cegah infeksi jamur hindar bersih vagina bahan kimia,F5,10,11
152,32,Gunakan celana dalam berbahan katun,celana bahan katun,F5,11,12
152,33,Hindari menggunakan celana yang terlalu ketat,hindar celana ketat,F5,11,12
152,34,Mengganti pakaian sesegera mungkin jika sudah basah,ganti pakai basah,F5,12,13
152,35,Hindari mandi dengan air yang terlalu panas,hindar mandi air panas,F5,13,13
152,36,"Semoga membantu, dr Yosephine",moga bantu dr yosephine,F1,14,14
153,0,Hai Dianwijayanti,hai dianwijayanti,F1,0,0
153,1,Apakah saat ini bayi atau anda sedang Mengonsumsi suatu obat tertentu?,bayi konsumsi obat,F2,0,0
153,2,"Warna urin tergantung pada status hidrasi pasien, makanan yang dimakan, pewarna makanan, status penyakit dan obat",warna urin gantung status hidrasi pasien makan makan warna makan status sakit obat,F3,0,0
153,3,Beberapa kondisi yang dapat menyebabkan urin berwarna merah pada bayi adalah: 1 Hematuria (adanya sel darah merah pada pemeriksaan mikroskop urin),kondisi urin warna merah bayi hematuria sel darah merah periksa mikroskop urin,F3,1,1
153,4,"2 Mioglobinuria (urin biasanya berwarna merah kecoklatan, myoglobin pada urin dapat terjadi akibat cedera otot, akivitas berlebihan, dan lain - lain)",mioglobinuria urin warna merah coklat myoglobin urin akibat cedera otot akivitas,F3,1,1
153,5,"3 Pink diaper syndrome (adanya warna kemerahmudaan pada popok, yang disebabkan adanya kristal urat dalam urin",pink diaper syndrome warna kemerahmudaan popok kristal urat urin,F3,1,1
153,6,"Kristal ini akan berwarna merah saat terkena udara, dan berbentuk seperti tepung bila kering)",kristal warna merah kena udara bentuk tepung kering,F3,2,2
153,7,"4 Makanan seperti buah beri, bit atau pewarna makanan",makan buah bit warna makan,F3,2,2
153,8,"5 Obat - obatan, misalnya obat kejang, kemoterapi, deferoksamin, dan lain - lain",obat obat obat kejang kemoterapi deferoksamin,F3,3,3
153,9,Beberapa kondisi yang dapat menyebabkan urin berwarna jingga pada bayi adalah obat TBC (rifampisin) atau Kristal urat,kondisi urin warna jingga bayi obat tbc rifampisin kristal urat,F3,4,4
153,10,"Pada beberapa situasi, bercak berwarna jingga pada popok bayi tidak hanya disebabkan karena darah, tetapi dapat juga disebabkan karena urin yang terkonsertrasi atau pekat",situasi bercak warna jingga popok bayi darah urin terkonsertrasi pekat,F3,4,4
153,11,Jadi pada kondisi ini sebaiknya berikan asupan cairan yang cukup pada bayi,kondisi ikan asupan cair bayi,F3,4,4
153,12,Hasil laboratorium urin menunjukkan hasil yang masih dalam rentang normal,hasil laboratorium urin hasil rentang normal,F4,4,4
153,13,"Namun apakah dilakukan pemeriksaan lain seperti jumlah sel darah merah / eritrosit pada urin, berat jenis urin, dan lain – lain?",laku periksa sel darah merah eritrosit urin berat jenis urin,F2,4,4
153,14,"Jadi untuk mengetahui kondisi bayi anda, sebaiknya periksakan bayi anda ke dokter spesialis anak",kondisi bayi periksa bayi dokter spesialis anak,F5,4,4
153,15,"Namun, yang perlu ditekankan adalah adanya warna pink / jingga pada urin, tidak harus disebabkan oleh penyakit",tekan warna pink jingga urin sakit,F4,4,4
153,16,"Seperti yang telah dijelaskan diatas, bayi yang kurang asupan cairan dapat memiliki warna urin kejingga - jingaan, oleh sebab itu pemberian ASI sangat dianjurkan",bayi asupan cair milik warna urin jingga jingaan asi anjur,F4,4,4
153,17,"Ditinjau dari aspek kesehatan, khitan dapat meningkatkan kesehatan misalnya menjaga kebersihan genital, mencegah infeksi saluran kemih, dan lain sebagainya",tinjau aspek sehat khitan tingkat sehat jaga bersih genital cegah infeksi salur kemih,F3,5,5
153,18,Tergantung dari apa penyebabnya dari keluhan maka khitan tidak menjamin menjadi solusi bagi keluhan yang bayi anda alami,gantung keluh khitan jamin solusi keluh bayi alami,F3,5,5
153,19,Hal yang dapat anda lakukan adalah: 1 Berikan asupan cairan yang cukup bagi bayi anda (ASI),laku ikan asupan cair bayi asi,F5,5,5
153,20,2 Hindari pemakaian pewarna tambahan makanan,hindar pakai warna makan,F5,5,5
153,21,"3 Berkonsultasilah dengan dokter mengenai dampak pemberian obat, bila bayi anda Mengonsumsi suatu obat tertentu",konsultasi dokter kena dampak obat bayi konsumsi obat,F5,6,6
153,22,"Bila keluhan ini berlangsung lama, maka konsultasikan bayi anda ke dokter spesialis anak",keluh langsung konsultasi bayi dokter spesialis anak,F5,6,6
154,0,"Halo, terima kasih atas pertanyaannya untuk Alodokter",halo terima kasih alodokter,F1,0,0
154,1,Lactulax adalah obat yang berisi Laktulosa,lactulax obat isi laktulosa,F3,1,1
154,2,Obat ini dapat diberikan untuk mengatasi konstipasi dan dapat juga diberikan sebagai salah satu bagian dari terapi ensefalopati hepatik,obat konstipasi salah terapi ensefalopati hepatik,F3,1,1
154,3,"Laktulosa ini adalah gula sintetik yang bekerja dengan menarik cairan ke dalam usus besar, membuat feses menjadi lebih lembek dan lebih mudah dikeluarkan",laktulosa gula sintetik kerja tarik cair usus feses lembek mudah,F3,1,1
154,4,"Selain menarik air, obat ini juga akan menarik amonia dari dalam darah dan membuangnya bersama feses sehingga dapat digunakan untuk mengatasi kelebihan amonia darah yang memicu terjadinya ensefalopati hepatik",tarik air obat tarik amonia darah buang feses amonia darah picu ensefalopati hepatik,F3,1,1
154,5,"Laktulosa dapat diminum sebelum ataupun sesudah makan, dapat pula diminum bersama dengan makanan atau minuman lainnya",laktulosa minum makan minum makan minum,F4,1,1
154,6,"Anda juga dapat mencampur laktulosa dengan air, jus buah, ataupun susu",campur laktulosa air jus buah susu,F4,1,1
154,7,"Yang perlu diingat, jangan Mengonsumsi Laktulosa bersama dengan antasida karena obat ini akan mengurangi efektivitas kerja laktulosa",konsumsi laktulosa antasida obat efektivitas kerja laktulosa,F5,1,1
154,8,"Sekian informasi dari saya, semoga cukup menjawab",sekian informasi moga,F1,1,1
155,0,"Halo, Terima kasih atas pertanyaannya untuk Alodokter",halo terima kasih alodokter,F1,0,0
155,1,KB IUD merupakan jenis KB yang berupa pemasangan alat (spiral) pada rahim,kb iud rupa jenis kb rupa pasang alat spiral rahim,F3,1,1
155,2,KB IUD ini dilakukan dengan tujuan menghambat terjadinya pertemuan sperma dan sel telur,kb iud laku tuju hambat temu sperma sel telur,F3,1,1
155,3,"KB IUD dilakukan untuk menunda kehamilan dalam jangka waktu yang panjang, sekitar 5 - 10 tahun",kb iud laku tunda hamil jangka,F3,1,1
155,4,KB IUD memiliki syarat yaitu: - tidak sedang hamil,kb iud milik syarat hamil,F3,1,1
155,5,- sebaiknya dipasang saat Sedang menstruasi,pasang menstruasi,F3,2,2
155,6,- tidak alergi terhadap logam,alergi hadap logam,F3,2,2
155,7,- tidak Sedang mengalami Infeksi menular seksual,alam infeksi tular seksual,F3,2,2
155,8,"Selain itu, KB IUD memiliki efek sampingnya: 1 Perdarahan tidak teratur di awal pemasangan (banyak dan sering)",kb iud milik efek samping darah atur pasang,F3,2,2
155,9,2 Nyeri pasca pemasangan,nyeri pasca pasang,F3,2,2
155,10,3 Tidak mencegah infeksi menular seksual,cegah infeksi tular seksual,F3,2,2
155,11,Manfaat pemasangan IUD: 1 Menunda kehamilan sampai dengan 5 - 10 tahun,manfaat pasang iud tunda hamil,F3,2,2
155,12,"2 Tidak mempengaruhi hormon tubuh, sehingga tidak mengganggu siklus menstruasi",pengaruh hormon tubuh ganggu siklus menstruasi,F3,2,2
155,13,3 Tidak menaikkan berat badan,berat badan,F3,2,2
155,14,4 Tidak menaikkan tekanan darah,tekan darah,F3,2,2
155,15,"5 Tidak perlu minum obat atau suntik rutin, hanya kontrol pada awal pemasangan, 1 bulan, 3 bulan, 6 bulan dan ketika akan melepas atau ketika ada keluhan saja",minum obat suntik rutin kontrol pasang lepas keluh,F3,2,2
155,16,"Hubungan luas rahim sekitar 12cm, dengan pemasangan IUD, sejauh ini belum ada sumber yang menyebutkan demikian",hubung luas rahim cm pasang iud sumber,F4,2,2
155,17,"Namun mungkin ada alasan lain yang menyebabkan tidak bisa terpasangnya IUD di rahim ibu, seperti adanya tanda - tanda kehamilan, tanda - tanda infeksi, adanya tanda perdarahan tidak normal, dan penyebab lainnya",alas pasang iud rahim tanda tanda hamil tanda tanda infeksi tanda darah normal,F4,3,3
155,18,Sehingga penting untuk anda berkonsultasi langsung dengan dokter spesialis kandungan agar mendapatkan informasi lebih lanjut mengenai KB IUD,konsultasi langsung dokter spesialis kandung informasi kena kb iud,F5,4,4
155,19,"Saran yang dapat dilakukan: 1 Gunakan KB sesuai tujuan, apakah menunda kehamilan dalam jangka panjang atau jangka pendek, jika jangka pendek maka KB pil dan KB suntik bisa menjadi pilihan",saran laku kb sesuai tuju tunda hamil jangka jangka pendek jangka pendek kb pil kb suntik pilih,F5,5,5
155,20,2 Gunakan kondom setiap berhubungan untuk mencegah infeksi menular seksual dan mengurangi kemungkinan hamil,kondom hubung cegah infeksi tular seksual hamil,F5,6,6
155,21,3 Melakukan hubungan seksual hanya dengan satu pasangan saja untuk mencegah terjadinya infeksi menular seksual,laku hubung seksual pasang cegah infeksi tular seksual,F5,6,6
155,22,4 Berhubungan seksual di luar masa subur,hubung seksual subur,F5,6,6
155,23,5 Melakukan hubungan seksual dengan cara koitus interuptus (sperma dikeluarkan di luar organ kandungan dan di luar vagina),laku hubung seksual koitus interuptus sperma organ kandung vagina,F5,6,6
155,24,"Demikian, semoga bermanfaat",moga manfaat,F1,6,6
156,0,Halo,halo,F1,0,0
156,1,Loratadin merupakan suatu obat antihistamin AH - 1 generasai ke 2 (tidak menyebabkan kantuk pada dosis yang direkomendasikan) yang biasanya digunakan sebagai obat untuk mengurangi gatal dan anti alergi,loratadin rupa obat antihistamin ah generasai kantuk dosis rekomendasi obat gatal anti alergi,F3,0,0
156,2,"Rekomendasi dosis dewasa untuk loratadin yang umum adalah 1 kali sehari 10 mg, dapat ditingkatkan sampai maksimal 40 mg per hari",rekomendasi dosis dewasa loratadin kali mg tingkat maksimal mg,F3,1,1
156,3,Tetapi Dosis diatas 10 mg sebaiknya tidak digunakan kecuali atas anjuran dan pengawasan dokter,dosis mg kecuali anjur awas dokter,F3,1,1
156,4,"Jadi jika Anda membutuhkan peningakatan dosis sebaiknya konsultasikan dahulu dengan dokter, ada beberapa hal yang perlu diperiksa dahulu sebelum meningkatkan dosis loratadin diatas 10 mg, seperti usia, berat badan dan memastikan kondisi jantung Anda",butuh peningakatan dosis konsultasi dokter periksa tingkat dosis loratadin mg usia berat badan kondisi jantung,F5,1,1
156,5,"Dosis loratadin lebih dari 10 mg meski jarang ( minimal risk / resiko minimal ), memiliki resiko memperpanjang interval listrik jantung yang bergantung dosis (semakin tinggi resikonya seiring peningkatan dosis, makanya dibatasi maksimal sampai 40 mg)",dosis loratadin mg jarang minimal risk resiko minimal milik resiko interval listrik jantung gantung dosis resiko iring tingkat dosis batas maksimal mg,F3,1,1
156,6,Loratadin,loratadin,F3,1,1
156,7,"Demikian yang dapat saya sampaikan, semoga bermanfaat",moga manfaat,F1,1,1
156,8,dr Rico Novyanto,dr rico novyanto,F1,1,1
157,0,Halo,halo,F1,0,0
157,1,Gangguan menstruasi setelah stop menggunakan kontrasepsi merupakan keluhan yang sering ditemukan oleh beberapa wanita,ganggu menstruasi stop kontrasepsi rupa keluh temu wanita,F4,0,0
157,2,"Biasanya wanita akan mendapatkan siklus menstruasinya secara normal dalam 2 - 4 minggu, namun tidak jarang pula beberapa wanita mengalami gangguan menstruasi paska menghentikan kontrasepsinya, baik berhenti sama sekali atau spotting (bercak - bercak) atau bahkan perdarahan yang banyak, selama 6 - 12 bulan",wanita siklus menstruasi normal minggu jarang wanita alam ganggu menstruasi paska henti kontrasepsi henti spotting bercak bercak darah,F6,0,0
157,3,"Anda perlu mendapatkan penanganan dari dokter jika menstruasi yang Anda rasakan sangat berlebihan sehingga menyebabkan gejala seperti pusing, lemas, dan berkunang - kunang, atau jumlah perdarahannya lebih dari 60 ml setiap bulannya",tangan dokter menstruasi gejala pusing lemas berkunang nang darah ml,F5,0,0
157,4,Anda dapat melakukan hal berikut untuk membantu mendapatkan siklus menstruasi yang normal setelah menghentikan kontrasepsi: Istirahat yang cukup,laku bantu siklus menstruasi normal henti kontrasepsi istirahat,F5,0,0
157,5,Kontrol berat badan Anda,kontrol berat badan,F5,1,1
157,6,Olahraga yang teratur,olahraga atur,F5,1,1
157,7,Kendalikan stres,kendali stres,F5,1,1
157,8,Konsumsi makanan yang bergizi,konsumsi makan gizi,F5,2,2
157,9,Periksakan diri Anda secara teratur ke dokter,periksa atur dokter,F5,3,2
157,10,Semoga dapat membantu,moga bantu,F1,3,2
157,11,"Salam, dr Henry Andrean",salam dr henry andrean,F1,3,3
158,0,"Halo, Terima kasih sudah bertanya di alodokter com",halo terima kasih alodokter com,F1,0,0
158,1,Obat yang anda sebutkan benar mengandung zinc,obat kandung zinc,F4,1,1
158,2,Zinc adalah salah satu mineral yang dibutuhkan oleh tubuh,zinc salah mineral butuh tubuh,F3,1,1
158,3,"Mineral ini memiliki beragam manfaat, seperti membantu penyembuhan luka, berperan dalam indera perasa dan penciuman, memperkuat sistem kekebalan tubuh, membantu pertumbuhan sel, serta mengurai karbohidrat",mineral milik agam manfaat bantu sembuh luka peran indera cium kuat sistem kebal tubuh bantu tumbuh sel urai karbohidrat,F3,1,1
158,4,"Oleh karena itu, obat ini kerap kali digunakan untuk gangguan saluran cerna, terutama diare",obat kerap kali ganggu salur cerna utama diare,F4,1,1
158,5,Tidak ada salahnya ketika mengonsumsi obat ini untuk mempercepat pemulihan penyakit asam lambung,salah konsumsi obat cepat pulih sakit asam lambung,F4,1,1
158,6,Karena obat ini diyakini dapat membantu penyembuhan luka pada lapisan dalam lambung akibat paparan asam lambung yang tinggi,obat bantu sembuh luka lapis lambung akibat papar asam lambung,F4,1,1
158,7,"Namun, Sebaiknya ibu tanyakan alasan jelasnya mengenai hal ini ke dokter yang meresepkan",alas kena dokter resep,F5,2,2
158,8,"Hal ini karena, dokter yang melakukan pemeriksaan langsung pada ibu lebih mengetahui kondisi kesehatan ibu secara menyeluruh dan terperinci",dokter laku periksa langsung kondisi sehat perinci,F5,2,2
158,9,"Sebetulnya, kebutuhan orang sehat akan mineral ini sangatlah sedikit setiap harinya",butuh orang sehat mineral,F3,2,2
158,10,Umumnya kebutuhan ini dapat terpenuhi dari variasi makanan sehari - hari,butuh penuh variasi makan,F3,2,2
158,11,"Zinc terdapat di dalam bahan makanan alami, seperti daging sapi, daging domba, daging ayam, kacang - kacangan, serta sereal biji - bijian utuh",zinc bahan makan alami daging sapi daging domba daging ayam kacang kacang real biji biji utuh,F3,3,3
158,12,Ibu dapat mengonsumsinya setiap hari secara bervariasi untuk memenuhi kebutuhan zinc harian setelah pulih nanti ya,konsumsi variasi penuh butuh zinc pulih ya,F5,4,4
158,13,"Dengan terpenuhinya kebutuhan tubuh terhadap mineral ini, juga akan meningkatkan kemampuan sistem kekebalan tubuh untuk melawan penyakit sehingga dapat mempertahankan kondisi sehat",penuh butuh tubuh hadap mineral tingkat sistem kebal tubuh lawan sakit tahan kondisi sehat,F3,4,4
158,14,Demikian semoga bermanfaat,moga manfaat,F1,4,4
159,0,"Selamat malam, Terima kasih telah bertanya di Alodokter",selamat malam terima kasih alodokter,F1,0,0
159,1,Melakukan USG kehamilan adalah salah satu cara yang bisa dilakukan untuk mengetahui perkembangan janin,laku usg hamil salah laku kembang janin,F3,0,0
159,2,"Dengan melakukan pemeriksaan ini, kita dapat mengetahui jenis kelamin janin, jumlah janin, posisi janin, ukuran janin, dan apakah terdapat kelainan yang harus diwaspadai atau tidak",laku periksa jenis kelamin janin janin posisi janin ukur janin waspada,F3,0,0
159,3,Gambar di bawah ini adalah contoh USG kehamilan,gambar contoh usg hamil,F3,0,0
159,4,"Bila gambarnya terlalu kecil, Anda bisa melihatnya dengan mengklik link ini",gambar lihat klik link,F3,1,1
159,5,"Mengenai apa yang Anda tanyakan, seperti depth, BG98, MG98, AP7 dan seterusnya itu adalah bagian pengaturan USG yang tidak perlu Anda hiraukan",kena depth bg mg ap atur usg hirau,F4,1,1
159,6,"Karena seperti yang Anda lihat pada contoh gambar yang kami berikan, angkanya sama persis",lihat contoh gambar ikan angka persis,F4,1,1
159,7,Dokter kandungan tidak melihat angka ini dalam menentukan status janin yang ada pada kandungan Anda,dokter kandung lihat angka status janin kandung,F4,1,1
159,8,"Yang dokter lihat adalah yang ada di bagian sebelah kanannya, dengan tulisan GS, CRL, BPD, HC, AC dan seterusnya",dokter lihat belah kanan tulis gs crl bpd hc ac,F3,1,1
159,9,"Huruf - huruf itu adalah singkatan dari gestational sac, crown - rump length, biparietal diameter, head circumference dan abdominal circumference",huruf huruf singkat gestational sac crown rump length biparietal diameter head circumference abdominal circumference,F3,2,2
159,10,Angka - angka dibagian inilah yang berperan dalam menentukan kesehatan janin,angka angka peran sehat janin,F3,2,2
159,11,"Pada informasi yang Anda berikan, Anda mencantumkan BPD atau biparietal diameter, atau diameter antara dua sisi kepala janin",informasi ikan cantum bpd biparietal diameter diameter sisi kepala janin,F3,2,2
159,12,"Pengukuran ini bisa dilakukan setelah minggu ke - 13 dan bertambah dari ukuran awalnya sekitar 2,4 cm pada minggu ke - 13, hingga 9,5 cm pada usia kehamilan 37 minggu",ukur laku minggu ukur cm minggu cm usia hamil minggu,F3,3,3
159,13,"Dengan BPD 62,4 mm atau 6,24 cm, dapat ditentukan perkiraan usia kehamilan Anda yakni antara 23 - 25 minggu",bpd mm cm usia hamil minggu,F3,3,3
159,14,"Bila ternyata usia kehamilan Anda jauh dari itu, misalnya hanya 15 minggu atau malah sudah 35 minggu, maka mungkin terdapat kelainan yang harus Anda klarifikasi ulang dengan dokter kandungan Anda",nyata usia hamil minggu minggu klarifikasi ulang dokter kandung,F5,3,3
159,15,"Sekian, semoga menjawab pertanyaan Anda",sekian moga,F1,3,3
159,16,dr Amadeo D Basfiansa,dr amadeo d basfiansa,F1,3,3
160,0,"Halo, selamat siang",halo selamat siang,F1,0,0
160,1,terima kasih telah bertanya di Alodokter,terima kasih alodokter,F1,0,0
160,2,Perubahan - perubahan yang terjadi pada saat kehamilan terjadi akibat perubahan meliputi: Payudara membesar Nyeri atau payudara lebih sensitif Puting dan lingkaran sekitar puting menjadi lebih gelap,ubah ubah hamil akibat ubah liput payudara nyeri payudara sensitif puting lingkar puting gelap,F3,1,1
160,3,Pembuluh darah di sekitar payudara menjadi lebih jelas,buluh darah payudara,F3,1,1
160,4,"Pengeluaran cairan bernama colostrum, yakni cairan berwarna kekuningan dan kental",cair nama colostrum cair warna kuning kental,F3,1,1
160,5,Puting lebih menonjol dan lingkaran sekitar puting akan melebar,puting tonjol lingkar puting lebar,F3,1,1
160,6,"Keluarnya cairan dari payudara dapat terjadi pada usia kehamilan berapapun, dapat akibat pijatan - pijatan ataupun karena rangsangan seksual, namun biasanya terjadi setelah trimester kedua karena pada trimester tersebut kelenjar - kelenjar payudara mulai memproduksi colostrum",cair payudara usia hamil akibat pijat pijat rangsang seksual trimester trimester kelenjar kelenjar payudara produksi colostrum,F4,1,1
160,7,"Namun sebagian wanita tidak mengalami keluarnya cairan saat hamil, dan hal itu sangat normal terjadi",wanita alam cair hamil normal,F4,1,1
160,8,"Jadi, ibu tidak perlu khawatir jika sampai saat ini tidak ada cairan ASI yang keluar ya",khawatir cair asi ya,F4,1,1
160,9,Semoga menjawab Bu,moga bu,F5,2,2
160,10,Sebagai tambahan silakan ibu membaca artikel tentang perubahan dan perawatan payudara selama kehamilan disini,sila baca artikel ubah rawat payudara hamil,F5,2,2
160,11,"Salam, dr Denisa Libela",salam dr denisa libela,F1,2,2
161,0,Selamat malam,selamat malam,F1,0,0
161,1,Batuk darah atau disebut juga hemoptisis adalah keadaan yang timbul sebagai reaksi dari suatu penyakit,batuk darah hemoptisis timbul reaksi sakit,F3,1,1
161,2,"Pada usia muda memiliki riwayat kesehatan kurang baik, dan juga perokok batuk darah ini bisa menjadi gejala yang serius",usia muda milik riwayat sehat rokok batuk darah gejala serius,F3,1,1
161,3,Batuk berdarah dapat diakibatkan oleh beberapa keadaan seperti: Bronkhitis,batuk darah akibat bronkhitis,F3,1,1
161,4,Tuberkulosis,tuberkulosis,F3,2,1
161,5,Bronkiektasis,bronkiektasis,F3,2,1
161,6,Emboli paru,emboli paru,F3,2,1
161,7,Luka tumpul pada daerah dada,luka tumpul daerah dada,F3,2,1
161,8,Efek samping obat pengencer darah,efek samping obat encer darah,F3,2,1
161,9,Kanker paru atau kanker tenggorokan,kanker paru kanker tenggorok,F3,2,2
161,10,"Tuberkulosis atau infeksi bakteri Mycobacterium tuberculosis dapat menyerang semua organ tubuh, yang tersering diantaranya adalah paru - paru",tuberkulosis infeksi bakteri mycobacterium tuberculosis serang organ tubuh paru paru,F3,2,2
161,11,Untuk menegakkan diagnosis tuberkulosis dinilai dari gejala yang ada seperti Batuk berdahak berlangung lebih dari 3 minggu,tegak diagnosis tuberkulosis nilai gejala batuk dahak berlangung minggu,F3,2,3
161,12,Batuk dapat disertai darah,batuk darah,F3,2,3
161,13,Penurunan nafsu makan dan berat badan,turun nafsu makan berat badan,F3,3,3
161,14,Demam dan menggigil,demam gigil,F3,3,3
161,15,Berkeringat banyak saat malam hari,keringat malam,F3,3,3
161,16,"Dan juga menilai dari pemeriksaan dahak BTA ( bakterti tahan asam) 3 kali yaitu sewaktu, dahak pagi dan dahak sewaktu, pemeriksaan rontgen dada, dan pemeriksaan lab darah yang akan didapatkan peningkatan leukosit dan laju endap darah",nilai periksa dahak bta bakterti tahan asam kali dahak pagi dahak periksa rontgen dada periksa lab darah tingkat leukosit laju endap darah,F3,3,3
161,17,Tes lain yang dapat dilakukan diantaranya tes mantoux (umumnya digunakan pada anak - anak) dan ct scan dada,tes laku tes mantoux anak anak ct scan dada,F3,4,4
161,18,"Tidak perlu khawatir karena TBC dapat disembuhkan, penggunaan antibiotik jangka panjang yang sudah ditetapkan pada konsensus pengobatan TBC terbukti mampu membunuh kuman TBC yang ada dalam tubuh asalkan pengobatan dilakukan tepat dan disiplin",khawatir tbc sembuh antibiotik jangka konsensus obat tbc bukti bunuh kuman tbc tubuh obat laku disiplin,F3,5,5
161,19,"Pengobatan akan berlangsung selama 6 - 9 bulan, dimana nantinya juga akan dilakukan evaluasi keberhasilan terapi",obat langsung laku evaluasi hasil terapi,F3,5,5
161,20,"Segera datangi dokter atau fasilitas kesehatan untuk mendapatkan OAT (obat anti tuberkulosis) yang terdiri dari isoniazid, rifamopicin, pyrazinamide dan etambutol",dokter fasilitas sehat oat obat anti tuberkulosis isoniazid rifamopicin pyrazinamide etambutol,F5,5,5
161,21,Pemerintah menyediakan oat dengan sediaan kombinasi tetap sehingga memudahkan penderita untuk meminum OAT tersebut,perintah sedia oat sedia kombinasi mudah derita minum oat,F3,6,6
161,22,Jika OAT ini tidak diminum dengan baik akan menimbulkan resiko terjadinya resistensi bakteri terhadap antibiotik yang dapat membuat bakteri kebal terhadap berbagai macam antibiotik sehingga akan menimbulkan komplikasi yang lebih berat pada tubuh,oat minum timbul resiko resistensi bakteri hadap antibiotik bakteri kebal hadap antibiotik timbul komplikasi berat tubuh,F3,6,6
161,23,Pencegahan dapat dilakukan agar menghindarkan penyebaran TBC dengan cara Selalu menggunakan masker guna mencegah percikan ludah,cegah laku hindar sebar tbc masker cegah percik ludah,F5,6,6
161,24,"Menutup mulut saat bersin, batuk atau tertawa",tutup mulut bersin batuk tertawa,F5,7,6
161,25,"Pastikan rumah berventilasi baik, agar sirkulasi udara segar dapat masuk",rumah ventilasi sirkulasi udara segar masuk,F5,7,7
161,26,Hindari tidur sekamar dengan orang lain setidaknya beberapa minggu dari awal pengobatan,hindar tidur kamar orang minggu obat,F5,7,8
161,27,Lakukan pemeriksaan pada dokter apabila ada anggota keluarga yang memiliki gejala serupa,laku periksa dokter anggota keluarga milik gejala rupa,F5,8,8
161,28,"Semoga bermanfaat, dr Adhi Pasha",moga manfaat dr adhi pasha,F1,9,9
162,0,Dika yang baik,dika,F1,0,0
162,1,"Sakit perut yang terjadi pasca konsumsi makanan tertentu, pada dasarnya bisa disebabkan oleh beberapa faktor",sakit perut pasca konsumsi makan dasar faktor,F3,0,0
162,2,"Buang air besar cair yang Anda kemukakan, apalagi bila disertai peningkatan frekuensi menjadi lebih dari 3 kali dalam 24 jam, secara medis sudah tergolong sebagai diare",buang air cair muka tingkat frekuensi kali jam medis golong diare,F3,0,0
162,3,"Pada kasus Anda, kondisi ini bisa disebabkan oleh : infeksi saluran cerna oleh karena konsumsi makanan tertentu yang higienenya tidak diperhatikan keracunan makanan alergi terhadap bahan dari makanan yang dikonsumsi irritable bowel syndrome yakni kondisi usus yang sensitif yang ditandai dengan rasa tidak nyaman berupa sakit perut, mual, hingga perubahan pola buang air besar mulai dari inflammatory bowel disorder atau kondisi peradangan pada saluran cerna yang biasanya bersifat genetik",kondisi infeksi salur cerna konsumsi makan higiene perhati racun makan alergi hadap bahan makan konsumsi irritable bowel syndrome kondisi usus sensitif tanda nyaman rupa sakit perut mual ubah pola buang air inflammatory bowel disorder kondisi radang salur cerna sifat genetik,F4,0,0
162,4,"Jika seseorang mengalami buang air besar cair, maka penting untuk segera menggantikan cairan yang keluar dengan mengonsumsi oralit, untuk mencegah terjadinya dehidrasi pasca diare",orang alam buang air cair ganti cair konsumsi oralit cegah dehidrasi pasca diare,F4,0,0
162,5,Kemudian Anda juga dapat mengonsumsi probiotik seperti yogurt atau minuman probiotik untuk menormalkan kembali kondisi saluran cerna Anda,konsumsi probiotik yogurt minum probiotik normal kondisi salur cerna,F5,0,0
162,6,"Antibiotik jarang diperlukan kecuali mungkin kotoran mengandung darah dan lendir, dan itu pun memerlukan pemeriksaan terlebih dahulu oleh dokter",antibiotik jarang kecuali kotor kandung darah lendir periksa dokter,F5,0,0
162,7,Berikut kami lampirkan artikel mengenai diare,lampir artikel kena diare,F5,0,0
162,8,Semoga bermanfaat,moga manfaat,F1,0,0
162,9,dr N K Arief,dr n k arief,F1,1,1
163,0,"Alo, terima kasih atas pertanyaannya",alo terima kasih,F1,0,0
163,1,Ada beberapa jenis kista yang bisa dialami wanita,jenis kista alami wanita,F3,1,1
163,2,"Beberapa contoh kista yang muncul di organ reproduksi, ialah sindroma ovarium polikistik, kista endometriosis, kista corpus luteum, dan sebagainya",contoh kista muncul organ reproduksi sindroma ovarium polikistik kista endometriosis kista corpus luteum,F3,1,1
163,3,"Kista ini, jika ukurannya teramat besar (lebih dari 4 cm), khawatirnya bisa membuat seorang wanita nantinya sulit hamil atau bahkan bisa memicu gangguan kehamilan, seperti keguguran, persalinan prematur, dan sebagainya",kista ukur cm khawatir orang wanita sulit hamil picu ganggu hamil gugur salin prematur,F3,1,1
163,4,"Di samping itu, kista yang membesar juga rentan memicu perdarahan vagina abnormal, nyeri perut, dan beragam keluhan lainnya",samping kista rentan picu darah vagina abnormal nyeri perut agam keluh,F3,1,1
163,5,"Sebab itu, kista ini perlu ditangani sejak dini, tergantung jenis kistanya, bisa dengan diberikan obat - obatan, dioperasi, atau juga dilakukan modalitas terapi lainnya",kista tangan gantung jenis kista obat obat operasi laku modalitas terapi,F3,1,1
163,6,Kondisi Anda yang mengeluarkan massa menyerupai daging yang cukup besar dari jalan lahir seusai tidak menstruasi mungkin merupakan bagian dari gejala kista yang Anda alami,kondisi massa rupa daging jalan lahir menstruasi rupa gejala kista alami,F4,1,1
163,7,"Mungkin juga, keluhan Anda ini disebabkan oleh pencetus lain, seperti radang panggul, miom, polip rahim, gangguan hormon, efek samping KB atau pengobatan lain yang dijalani, keguguran (jika Anda pernah berhubungan seksual), dan sebagainya",keluh cetus radang panggul miom polip rahim ganggu hormon efek samping kb obat jalan gugur hubung seksual,F4,1,1
163,8,"Saran kami, jika keluhan ini terasa amat mengganggu Anda, periksalah kembali ke dokter atau dokter kandungan",saran keluh ganggu periksa dokter dokter kandung,F5,2,2
163,9,"Melalui cara ini, barulah nantinya dokter bisa memberi Anda saran penanganan yang tepat, apakah cukup dengan obat atau tidak",dokter saran tangan obat,F5,2,2
163,10,"Untuk saat ini, kami sarankan Anda berfokus untuk: Teratur berolahraga, jaga berat badan ideal",saran fokus atur olahraga jaga berat badan ideal,F5,3,3
163,11,"Makan lebih rajin makanan kaya antioksidan, seperti buah, sayur, biji - bijian utuh",makan rajin makan kaya antioksidan buah sayur biji biji utuh,F5,4,4
163,12,Jangan dahulu berhubungan seksual jika belum menikah,hubung seksual nikah,F5,4,4
163,13,Jangan stres berlebihan,stres,F5,4,4
163,14,Perbanyak minum,minum,F5,4,4
163,15,Jangan sembarangan minum obat atau jamu tanpa saran dari dokter,sembarang minum obat jamu saran dokter,F5,4,4
163,16,Semoga membantu ya,moga bantu ya,F1,4,4
164,0,Halo Fahmyrusdi,halo fahmyrusdi,F1,0,0
164,1,Gonore adalah penyakit menular seksual yang disebabkan karena infeksi bakteri,gonore sakit tular seksual infeksi bakteri,F3,0,0
164,2,"Gejala gonore diantaranya kencing nanah, nyeri pinggang, radang pada kulup, dan nyeri pada testis",gejala gonore kencing nanah nyeri pinggang radang kulup nyeri testis,F3,0,0
164,3,Penanganan gonore adalah dengan antibiotik baik itu injeksi maupun obat minum,tangan gonore antibiotik injeksi obat minum,F3,0,0
164,4,Selain itu pada beberapa kasus gonore juga disertai dengan infeksi lain yaitu klamidia,gonore infeksi klamidia,F3,0,0
164,5,Oleh sebab itu terkadang dokter akan memberikan lebih dari 1 jenis antibiotik untuk mengatasi penyakit penyerta gonore,terkadang dokter jenis antibiotik sakit gonore,F3,0,0
164,6,Umumnya dengan penanganan yang tepat gonore bisa mengalami perbaikan dalam waktu beberapa hari sampai 1 minggu,tangan gonore alam minggu,F3,0,0
164,7,"Jika tidak mendapatkan penanganan yang baik, misalnya pernah Mengonsumsi antibiotik secara sembarangan sehingga terjadi resistensi antibiotik, maka gonore bisa menimbulkan komplikasi seperti infeksi pada testis hingga mempengaruhi kesuburan pria",tangan konsumsi antibiotik sembarang resistensi antibiotik gonore timbul komplikasi infeksi testis pengaruh subur pria,F3,0,0
164,8,Rasa nyeri pada testis terkadang masih bisa dirasakan hingga 2 - 3 minggu pasca pengobatan gonore,nyeri testis terkadang minggu pasca obat gonore,F3,0,0
164,9,"Namun mengingat Anda ada riwayat pemakaian antibiotik tanpa pengawasan dokter dengan kemungkinan penggunaan dosis yang tidak tepat, sebaiknya Anda berkonsultasi langsung dengan dokter kulit dan kelamin agar bisa dilakukan pemeriksaan lebih lanjut untuk mengetahui penyebab keluhan Anda dan apakah gonore sudah sembuh total sehingga Anda bisa diberikan penanganan lanjutan",riwayat pakai antibiotik awas dokter dosis konsultasi langsung dokter kulit kelamin laku periksa keluh gonore sembuh total tangan,F5,1,1
164,10,"Untuk selanjutnya sebaiknya Anda mencegah penularan gonore dengan tidak melakukan hubungan seks bebas, gunakan kondom saat berhubungan, setia pada 1 pasangan, dan periksakan juga pasangan Anda agar tidak terjadi infeksi berulang ya",cegah tular gonore laku hubung seks bebas kondom hubung setia pasang periksa pasang infeksi ulang ya,F5,1,1
164,11,Berikut ini artikel yang berhubungan dengan topik pertanyaan Anda: Gonore,artikel hubung topik gonore,F5,1,1
164,12,"Terima kasih dan semoga membantu, dr Devika Y",terima kasih moga bantu dr devika y,F1,2,2
165,0,Halo,halo,F1,0,0
165,1,Pil virgin termasuk ke dalam jenis herbal,pil virgin masuk jenis herbal,F3,0,0
165,2,Sebelum menggunakan pil tersebut sebaiknya mengecek terlebih dahulu apakah terdaftar di BPOM melalui tautan berikut ini : BPOM,pil cek daftar bpom taut bpom,F3,0,0
165,3,"Meskipun produsen pil tersebut mengklaim dapat mengencangkan otot kewanitaan, menghilangkan keputihan, dan lain sebagainya",produsen pil klaim kencang otot wanita hilang putih,F3,1,1
165,4,"Namun kebenarannya tetap masih perlu dibuktikan melalui penelitian lebih lanjut dan pemahaman lebih mendalam mengenai komposisi dari pil tersebut baik dari segi cara kerjanya, efek samping, kontra indikasi, dan lainnya",bukti teliti paham kena komposisi pil segi kerja efek samping kontra indikasi,F3,1,1
165,5,"Meskipun banyak menuai pro dan kontra, definisi keperawanan secara umum adalah belum pernah berhubungan intim, apabila telah berhubungan intim maka tentu saja sudah tidak perawan",tuai pro kontra definisi perawan hubung intim hubung intim perawan,F3,1,1
165,6,Obat jenis apapun tentu saja tidak dapat mengembalikan kenyataan apabila seseorang tersebut sudah pernah berhubungan intim,obat jenis nyata orang hubung intim,F3,1,1
165,7,"Yang mengetahui dengan pasti apakah sudah pernah / belum pernah berhubungan intim adalah orang tersebut dan tidak dapat dilihat hanya dari keberadaan selaput dara, keluar darah saat malam pertama, bentuk fisik, dan lain sebagainya",hubung intim orang lihat selaput dara darah malam bentuk fisik,F3,1,1
165,8,Diskusi serupa : MENGEMBALIKAN KEPERAWANAN,diskusi rupa perawan,F5,1,1
165,9,Penjelasan lengkap dapat dijumpai dalam artikel berikut ini : KEPERAWANAN,lengkap jumpa artikel perawan,F5,1,1
165,10,Jika yang dimaksud dengan mengembalikan keperawanan adalah mengencangkan otot kewanitaan (seperti kondisi sebelumnya) maka alternatif yang dapat dilakukan adalah dengan senam kegel,maksud perawan kencang otot wanita kondisi alternatif laku senam gel,F5,1,1
165,11,Berikut panduannya : SENAM KEGEL,pandu senam gel,F5,2,2
165,12,"Salam, dr Debby Phanggestu",salam dr debby phanggestu,F1,2,2
166,0,Halo Pak Samsudin,halo samsudin,F1,0,0
166,1,Seseorang yang mengalami kehamilan pasti tidak akan menstruasi,orang alam hamil menstruasi,F4,0,0
166,2,"Meski terjadi pembesaran perut, tetapi menstruasi masih didapatkan maka berarti penyebab pembesaran perut tersebut adalah hal lain selain kehamilan",perut menstruasi arti perut hamil,F3,0,0
166,3,Pembesaran perut selain karena kehamilan dapat disebabkan oleh berbagai penyebab : Kegemukan / obesitas,perut hamil gemuk obesitas,F3,0,0
166,4,"Penumpukan cairan dalam rongga perut / ascites, misalnya oleh gangguan jantung, liver / hati, dan ginjal serta malnutrisi protein",tumpuk cair rongga perut ascites ganggu jantung liver hati ginjal malnutrisi protein,F3,1,1
166,5,"Pembesaran berbagai organ tubuh, terutama hati dan limpa",organ tubuh utama hati limpa,F3,1,1
166,6,Berbagai tumor / kanker di dalam rongga perut,tumor kanker rongga perut,F3,1,1
166,7,"Gangguan pada organ reproduksi, termasuk : Kista / tumor padat indung telur",ganggu organ reproduksi masuk kista tumor padat indung telur,F3,1,1
166,8,Mioma uteri / tumor jinak dari otot rahim dan lain - lain,mioma uteri tumor jinak otot rahim,F3,1,1
166,9,Sebaiknya kondisi tersebut jangan dibiarkan,kondisi biar,F5,2,2
166,10,Segera periksakan ke dokter,periksa dokter,F5,2,2
166,11,"melihat adanya gejala penyerta yakni gangguan siklus menstruasi, maka sebaiknya kunjungi dokter ahli kandungan dan kebidanan (Spesialis obstetri ginekologi) terlebih dahulu, untuk memastikan ada / tidaknya patologi / kelainan pada organ reproduksi",lihat gejala ganggu siklus menstruasi kunjung dokter ahli kandung bidan spesialis obstetri ginekologi patologi organ reproduksi,F5,2,2
166,12,"Jika tidak didapati kelainan / masalah pada organ reproduksi, maka rujukan ke ahli penyakit dalam dapat dilakukan",organ reproduksi rujuk ahli sakit laku,F5,2,2
166,13,tanda kehamilan,tanda hamil,F5,3,3
166,14,"Demikian yang dapat saya sampaikan, semoga bermanfaat",moga manfaat,F1,3,3
167,0,hello mia Terima kasih sudah bertanyak kepada Alodokter,hello mia terima kasih bertanyak alodokter,F1,0,0
167,1,"Vagina gatal dapat menjadi gejala iritasi, infeksi jamur atau bakteri, bahkan gejala penyakit berbahaya",vagina gatal gejala iritasi infeksi jamur bakteri gejala sakit bahaya,F3,1,1
167,2,"Penggunaan bahan kimia, infeksi, penyakit menular seksual, hingga stres bisa menjadi penyebabnya",bahan kimia infeksi sakit tular seksual stres,F3,1,1
167,3,"ada beberapa hal yang menyebabkan gatal pada vagina penggunaan bahan kimia yang terdapat dalam kondom, krim, sabun, tisu, atau pembalut yang digunakan dapat menyebabkan gatal dan iritasi infeksi jamur disebut juga dengan kandidiasi vagina, Infeksi ini lebih berisiko terjadi saat wanita sedang hamil, menggunakan antibiotik, aktif berhubungan seksual, dan ketika sistem kekebalan tubuhnya sedang melemah",gatal vagina bahan kimia kondom krim sabun tisu balut gatal iritasi infeksi jamur kandidiasi vagina infeksi risiko wanita hamil antibiotik aktif hubung seksual sistem kebal tubuh lemah,F3,1,1
167,4,"Selain gatal, jamur akan menyebabkan vagina mengeluarkan cairan putih dan kental",gatal jamur vagina cair putih kental,F3,1,1
167,5,infeksi bakteri disebut juga dengan bakterial vaginosis,infeksi bakteri bakterial vaginosis,F3,1,1
167,6,Keberadaan bakteri - bakteri sehat pada vagina adalah hal yang normal,bakteri bakteri sehat vagina normal,F3,1,1
167,7,Namun bakteri jahat dapat menyebabkan infeksi dan rasa gatal,bakteri jahat infeksi gatal,F3,1,1
167,8,"Selain gatal, umumnya vaginosis bakteri diiringi gejala seperti rasa perih, serta keluarnya cairan dan bau tidak sedap dari vagina",gatal vaginosis bakteri iring gejala perih cair bau sedap vagina,F3,1,1
167,9,Penyakit menular seksual sebaiknya anda tidak mengonsumi obat dengan sembarangan tanpa resep atau anjaran dokter,sakit tular seksual mengonsumi obat sembarang resep anjar dokter,F4,2,2
167,10,Apalagi anda meminum antibiotik yang hanya dapat diberikan bila anjuran dokter sesuai indikasi jika penyebabnya adalah infeksi bakteri,minum antibiotik anjur dokter sesuai indikasi infeksi bakteri,F4,2,2
167,11,Karena di vagina terdapatnya bakteri baik yang melindungi vagina jika itu tidak disebabkan bakter jahat maka bakteri baik akan ikut mati,vagina bakteri lindung vagina bakter jahat bakteri mati,F3,2,2
167,12,apalagi antibiotik bisa menyebabkan resisten atau kebal terhadap bakteri bila tidak diminum sesuai anjuran dokter,antibiotik resisten kebal hadap bakteri minum sesuai anjur dokter,F3,2,2
167,13,Sehingga jika anda terkena infeksi bakteri lagi maka kuman kebal terhadap antibiotik tersebut,kena infeksi bakteri kuman kebal hadap antibiotik,F3,2,2
167,14,"Sebaiknya anda segera berkonsultasi kedokter bila anda merasakan gatal yang tidak tertahankan serta keluarnya cairan yang abnormal, sehingga dokter dapat melakukan pemeriksaan langsung dan dapat mengobati dengan tepat sesuai penyebabnya apakah dengan antibiotik bila disebabkan infeski bakteri, atau anti jamur bila disebabkan oleh infeksi jamur",konsultasi dokter gatal tahan cair abnormal dokter laku periksa langsung obat sesuai antibiotik infeski bakteri anti jamur infeksi jamur,F5,2,2
167,15,ada beberapa pencegahan untuk gatal pada vagina ganti celana dalam tiap hari,cegah gatal vagina ganti celana,F5,3,3
167,16,Celana dari bahan katun lebih sehat daripada bahan sintetis seperti nilon,celana bahan katun sehat bahan sintetis nilon,F5,3,3
167,17,"jangan biarkan miss v dalam keadaan lembab sebisa mungkin hindari penggunaan celana dan rok ketat untuk membersihkan area kewanitaan, cukup gunakan air bersih dan sabun biasa tanpa pewangi",biar miss v lembab hindar celana rok ketat bersih area wanita air bersih sabun wangi,F5,3,3
167,18,Demikian informasi yang dapat kami berikan semoga bermanfaat Terima kasih,informasi ikan moga manfaat terima kasih,F1,4,4
168,0,"Halo Yuni, terima kasih sudah bertanya di Alodokter",halo yuni terima kasih alodokter,F1,0,0
168,1,Keputihan merupakan suatu keadaan dimana keluarnya cairan atau lendir dari vagina,putih rupa cair lendir vagina,F3,1,1
168,2,Keputihan wajar terjadi pada wanita yang masih mengalami menstruasi dan menjadi lebih sering pada ibu hamil,putih wajar wanita alam menstruasi hamil,F3,1,1
168,3,Keputihan berfungsi untuk menjaga kebersihan dan kelembapan organ kewanitaan,putih fungsi jaga bersih lembap organ wanita,F3,1,1
168,4,Keputihan dapat merupakan suatu hal yang normal ataupun tidak,putih rupa normal,F3,1,1
168,5,Keputihan yang normal biasanya berwarna bening atau putih dan tidak berbau menyengat,putih normal warna bening putih bau sengat,F3,1,1
168,6,Pada keputihan normal akan meninggalkan bercak berwarna kekuningan pada celana dalam,putih normal tinggal bercak warna kuning celana,F3,1,1
168,7,"Keputihan yang sudah berubah warna dan berbau serta disertai beberapa keluhan lain seperti gatal, rasa terbakar pada vagina, hingga sakit di panggul atau sakit saat BAK merupakan suatu keputihan yang abnormal",putih ubah warna bau keluh gatal bakar vagina sakit panggul sakit bak rupa putih abnormal,F3,1,1
168,8,Hal ini bisa disebabkan oleh berbagai hal salah satunya infeksi,salah infeksi,F3,2,2
168,9,"Untuk mencegah terjadinya keputihan yang abnormal beberapa hal bisa dilalukan mulai dari menjaga kebersihan vagina secara rutin, perhatikan cara membasuh vagina (basuh vagina dari arah depan ke belakang), gunakan celana dalam yang berbahan katun serta hindari menggunakan celana dalam terlalu ketat",cegah putih abnormal jaga bersih vagina rutin perhati basuh vagina basuh vagina arah celana bahan katun hindar celana ketat,F5,2,2
168,10,Jika pada suatu waktu keputihan berlangsung terus menerus segera konsultasikan hal tersebut pada dokter guna pemeriksaan dan penanganan lebih lanjut,putih langsung konsultasi dokter periksa tangan,F5,2,2
168,11,Artikel mengenai keputihan dapat menambah informasi untuk anda,artikel kena putih informasi,F5,2,2
168,12,"Sekian, semoga membantu",sekian moga bantu,F1,2,2
169,0,Halo ummyaisyah,halo ummyaisyah,F1,0,0
169,1,Rasa panas dan atau disertai nyeri saat berkemih dapat disebabkan oleh beberapa kondisi seperti : Infeksi Saluran Kemih (ISK),panas nyeri kemih kondisi infeksi salur kemih isk,F4,0,0
169,2,Batu saluran kemih yang menyebabkan peradangan pada saluran kemih,batu salur kemih radang salur kemih,F3,0,0
169,3,Pembesaran pada prostat ( kerap dijumpai pada pasien usia lanjut),prostat kerap jumpa pasien usia,F3,0,0
169,4,Infeksi Menular Seksual (IMS),infeksi tular seksual ims,F3,0,0
169,5,Pada umumnya gejala yang ditimbulkan oleh infeksi saluran kemih dapat berupa : Nyeri atau rasa panas saat buang air kecil,gejala timbul infeksi salur kemih rupa nyeri panas buang air,F3,0,0
169,6,Rasa selalu ingin buang air kecil dan rasa tidak bisa menahan buang air kecil,buang air tahan buang air,F3,1,1
169,7,Rasa sakit atau tidak nyaman pada perut bagian bawah ataupun pinggang,sakit nyaman perut pinggang,F3,2,2
169,8,Rasa tidak puas setelah berkemih,puas kemih,F3,2,2
169,9,Urin yang berwarna keruh dan terkadang bercampur dengan darah,urin warna keruh terkadang campur darah,F3,2,2
169,10,Urin yang berbau tidak sedap,urin bau sedap,F3,2,2
169,11,Demam ringan,demam ringan,F3,2,2
169,12,Lemas badan,lemas badan,F3,3,2
169,13,"Untuk memastikan diagnosa lebih disarankan untuk melakukan pemeriksaan ke dokter spesialis penyakit dalam atau spesialis urologi untuk dilakukan pemeriksaan fisik dan pemeriksaan lanjutan seperti dilakukan USG, CT - Scan atau dilakukan pemeriksaan urinalisa dan kultur urin",diagnosa saran laku periksa dokter spesialis sakit spesialis urologi laku periksa fisik periksa laku usg ct scan laku periksa urinalisa kultur urin,F5,3,3
169,14,Beberapa kiat yang dapat dilakukan untuk membantu keluhan anda seperti : Banyak minum air putih,kiat laku bantu keluh minum air putih,F5,4,4
169,15,Sebaiknya menghindari penggunaan celana dalam atau mengenakan celana luar yang terlalu ketat,hindar celana kena celana ketat,F5,4,4
169,16,Jangan memiliki kebiasaan untuk menahan buang air kecil,milik tahan buang air,F5,4,4
169,17,Membersihkan alat kelamin setiap buang air kecil atau setiap setelah berhubungan intim,bersih alat kelamin buang air hubung intim,F5,4,4
169,18,"Semoga informasi ini bermanfaat Salam, dr Irvandi",moga informasi manfaat salam dr irvandi,F1,5,5
170,0,"Hai yeniputeri, terima kasih telah bertanya ke Alodokter",hai yeniputeri terima kasih alodokter,F1,0,0
170,1,Kutil kelamin adalah salah satu jenis infeksi menular seksual yang tersering terjadi,kutil kelamin salah jenis infeksi tular seksual,F3,1,1
170,2,Infeksi ini disebabkan oleh virus Human Papilloma Virus (HPV),infeksi virus human papilloma virus hpv,F3,1,1
170,3,"Pada wanita, kutil kelamin bisa muncul di area vulva (bibir vagina), dinding vagina, area antara vagina dan anus, lubang anus, atau juga serviks (leher rahim)",wanita kutil kelamin muncul area vulva bibir vagina dinding vagina area vagina anus lubang anus serviks leher rahim,F3,2,2
170,4,"Gejala kutil kelamin umumnya ditandai dengan munculnya massa yang berukuran kecil, berwarna menyerupai daging atau keabuan, yang bisa bergabung menjadi 1 membentuk massa yang lebih besar menyerupai kembang kol",gejala kutil kelamin tanda muncul massa ukur warna rupa daging abuan gabung bentuk massa rupa kembang kol,F3,2,2
170,5,Massa ini lebih sering menyebabkan rasa gatal atau mengganjal ketimbang rasa nyeri,massa gatal ganjal ketimbang nyeri,F3,2,2
170,6,"Meski jarang, saat mengalami iritasi, contohnya ketika berhubungan seksual, massa yang muncul akibat kutil kelamin bisa saja terasa nyeri",jarang alam iritasi contoh hubung seksual massa muncul akibat kutil kelamin nyeri,F3,2,2
170,7,Nyeri ini bisa menjalar ke perut bagian bawah apabila kutil kelamin tumbuh di area serviks,nyeri jalar perut kutil kelamin tumbuh area serviks,F3,2,2
170,8,"Akan tetapi, bila kutil kelamin muncul di area tubuh bagian luar, misalnya bibir vagina, perineum, atau anus, maka kemungkinan besar kondisi ini tidak akan menyebabkan nyeri yang terasa hingga ke perut bawah",kutil kelamin muncul area tubuh bibir vagina perineum anus kondisi nyeri perut,F3,2,2
170,9,"Nyeri di perut bagian bawah mungkin juga disebabkan oleh pencetus lainnya, contohnya: Gangguan sistem reproduksi, misalnya pre menstrual syndrome, kista ovarium, endometriosis, mioma",nyeri perut cetus contoh ganggu sistem reproduksi pre menstrual syndrome kista ovarium endometriosis mioma,F3,3,3
170,10,"Gangguan sistem pencernaan, misalnya gastroenteritis, ileus obstruktif, hernia, keracunan makanan",ganggu sistem cerna gastroenteritis ileus obstruktif hernia racun makan,F3,3,3
170,11,"Gangguan sistem perkemihan, misalnya batu kandung kemih, cystitis, kanker kandung kemih",ganggu sistem kemih batu kandung kemih cystitis kanker kandung kemih,F3,3,3
170,12,"Lain - lain, misalnya nyeri otot, post herpetic neuralgia, syaraf terjepit, dan sebagainya",nyeri otot post herpetic neuralgia syaraf jepit,F3,3,3
170,13,Anda bisa memeriksakan langsung nyeri tersebut ke dokter supaya bisa diidentifikasi penyebab dan penanganan terbaik untuk mengatasinya,periksa langsung nyeri dokter identifikasi tangan,F5,3,3
170,14,"Pada nyeri yang intensitasnya cukup hebat, dokter bisa melakukan beberapa pemeriksaan penunjang, contohnya rontgen, USG, tes laboratorium, dan sebagainya",nyeri intensitas hebat dokter laku periksa tunjang contoh rontgen usg tes laboratorium,F5,3,3
170,15,"Sementara ini, Anda bisa kompres dahulu area perut yang nyeri dengan air hangat",kompres area perut nyeri air hangat,F5,3,3
170,16,"Kurangi dahulu aktifitas yang bisa menyebabkan nyeri bertambah parah, contohnya mengangkat benda berat, membungkuk terlalu lama, Mengonsumsi makanan pedas, dan sebagainya",aktifitas nyeri parah contoh angkat benda berat bungkuk konsumsi makan pedas,F5,3,3
170,17,Semoga membantu ya,moga bantu ya,F1,4,4
170,18,dr Nadia Nurotul Fuadah,dr nadia nurotul fuadah,F1,4,4
171,0,Halo,halo,F1,0,0
171,1,"Mestruasi yang terlambat dapat disebabkan oleh beberapa seperti gangguan hormonal, stres dan tanda kehamilan",mestruasi lambat ganggu hormonal stres tanda hamil,F3,0,0
171,2,"Oleh karena itu, untuk memastikan adanya kehamilan, perlu dilakukan beberapa tes seperti tes urin",hamil laku tes tes urin,F3,0,0
171,3,"Tanda kehamilan dibedakan menjadi: Tanda Pasti Kehamilan, yaitu pada saat hasil pemeriksaan urin / darah untuk mengukur kadar hormon hSG menunjukkan hasil positif dan saat pemeriksaan USG di dokter kandungan menunjukkan hasil positif",tanda hamil beda tanda hamil hasil periksa urin darah ukur kadar hormon hsg hasil positif periksa usg dokter kandung hasil positif,F3,0,0
171,4,Tanda Tidak Pasti Kehamilan: merupakan tanda yang terjadi pada awal kehamilan namun dapat juga terjadi pada kondisi tidak hamil,tanda hamil rupa tanda hamil kondisi hamil,F3,0,0
171,5,"Tanda tidak pasti kehamilan dapat berupa telat menstruasi, spotting (flek darah), kram perut, morning sickness (mual pagi hari), peningkatan berat badan, perubahan pada payudara, perubahan mood, sering buang air kecil, dan lain – lain",tanda hamil rupa telat menstruasi spotting flek darah kram perut morning sickness mual pagi tingkat berat badan ubah payudara ubah mood buang air,F3,0,0
171,6,"Semoga membantu, dr Theresia",moga bantu dr theresia,F1,1,1
172,0,"Halo Sistersossis, terima kasih atas pertanyaannya",halo sistersossis terima kasih,F1,0,0
172,1,"Tramadol (lengkapnya, tramadol hydrochloride) merupakan obat pereda nyeri golongan opioid",tramadol lengkap tramadol hydrochloride rupa obat reda nyeri golong opioid,F3,1,1
172,2,Obat ini bekerja dengan cara mempengaruhi reaksi kimia di otak sehingga bisa meminimalisasi rasa nyeri intensitas sedang hingga berat,obat kerja pengaruh reaksi kimia otak minimal nyeri intensitas berat,F3,1,1
172,3,"Tramadol termasuk golongan obat keras, sehingga penggunaannya WAJIB dilakukan di bawah resep dan pengawasan langsung dari dokter, tidak boleh sembarangan",tramadol masuk golong obat keras wajib laku resep awas langsung dokter sembarang,F3,1,1
172,4,"Tramadol tersedia dalam beragam sediaan, seperti kapsul, tablet, dan juga injeksi (suntik)",tramadol sedia agam sedia kapsul tablet injeksi suntik,F3,1,1
172,5,"Obat ini juga diproduksi oleh banyak pabrik berbeda, termasuk 2 di antaranya ialah yang Anda sebutkan",obat produksi pabrik beda masuk,F3,1,1
172,6,"Adapun secara kandungan, kedua jenis obat tersebut sesungguhnya sama saja, hanya saja dosis dan sediaannya yang berbeda",kandung jenis obat sungguh dosis sedia beda,F4,1,1
172,7,"Sekian penjelasan kami, semoga membantu ya",sekian moga bantu ya,F1,1,1
173,0,"Halo Dewiq, terima kasih untuk pertanyaannya",halo dewiq terima kasih,F1,0,0
173,1,Implan merupakan salah satu kontrasepsi yang cukup digemari karena kemudahan pemakaian (tidak perlu melakukan apapun setelah pemasangan) dan dapat digunakan dalam jangka waktu lama,implan rupa salah kontrasepsi gemar mudah pakai laku pasang jangka,F3,1,1
173,2,"Implan mengandung hormon progesteron yang dilepaskan secara perlahan sehingga dapat menekan ovulasi (keluarnya sel telur dari indung telur), mengurangi pergerakan sperma, dan menjadikan selaput rahim tipis dan atrofi (menyusut)",implan kandung hormon progesteron lepas perlahan tekan ovulasi sel telur indung telur gerak sperma selaput rahim tipis atrofi susut,F3,2,2
173,3,Ketiga hal ini membuat kehamilan dapat dicegah,hamil cegah,F3,2,3
173,4,Salah satu efek samping dari implan adalah adanya perubahan pola haid,salah efek samping implan ubah pola haid,F3,3,3
173,5,Perubahan pola haid ini disebabkan hormon progesteron pada implan mempengaruhi keseimbangan hormon alami tubuh,ubah pola haid hormon progesteron implan pengaruh imbang hormon alami tubuh,F4,3,3
173,6,Ini merupakan efek samping normal dari penggunaan KB implan (meskipun tidak terjadi pada seluruh wanita),rupa efek samping normal kb implan wanita,F6,3,3
173,7,Amenore (tidak haid) terjadi pada setidaknya 1 dari 5 wanita (20%) pengguna implan dan sebagian besar lainnya mengalami menstruasi yang jarang atau berkepanjangan,amenore haid wanita implan alam menstruasi jarang,F6,3,3
173,8,Amenore terjadi karena pengaruh hormon sehingga ketika implan dilepaskan biasanya siklus menstruasi kemudian dapat kembali normal,amenore pengaruh hormon implan lepas siklus menstruasi normal,F6,3,3
173,9,"Selain pengaruh efek samping implan, beberapa kondisi di bawah ini juga dapat menyebabkan amenore, diantaranya: Kehamilan",pengaruh efek samping implan kondisi amenore hamil,F6,4,3
173,10,Stres,stres,F6,4,3
173,11,Penurunan berat badan secara drastis atau berat badan berlebih (obesitas),turun berat badan drastis berat badan obesitas,F6,4,4
173,12,Olahraga berat atau aktivitas berlebih,olahraga berat aktivitas,F6,4,4
173,13,Usia menjelang menopause,usia jelang menopause,F6,4,5
173,14,Sindrom ovarium polikistik,sindrom ovarium polikistik,F6,4,5
173,15,"Jika Anda masih khawatir mengenai siklus menstruasi Anda, tidak ada salahnya untuk berkonsultasi dengan dokter",khawatir kena siklus menstruasi salah konsultasi dokter,F5,5,5
173,16,Dokter akan mencari tahu apakah keluhan yang dialami hanya disebabkan efek samping kontrasepsi atau ada pengaruh yang lain,dokter cari keluh alami efek samping kontrasepsi pengaruh,F5,5,5
173,17,"Sekian, semoga bermanfaat",sekian moga manfaat,F1,5,5
173,18,dr Sonia L,dr sonia l,F1,6,6
174,0,Hai,hai,F1,0,0
174,1,"Pertama - tama, saya ingin mengucapkan Terima kasih telah memberikan pertanyaan di Alodokter com",tama terima kasih alodokter com,F1,0,0
174,2,Saya dr Radhianie Djan akan mencoba membantu menjawab pertanyaan anda,dr radhianie djan coba bantu,F1,0,0
174,3,Sebaiknya Anda menghentikan pemakaian krim tersebut dan kontrol ke dokter karena jika tidak ada perbaikan belum tentu sesuai obatnya,henti pakai krim kontrol dokter sesuai obat,F4,1,1
174,4,"Selangkangan yang gatal - gatal memang sering disebabkan oleh infeksi jamur ( tinea kruris ), tetapi mungkin juga disebabkan oleh: Â Dermatitis kontak (eksim akibat kontak dengan bahan tertentu, misalnya lateks)",selangkang gatal gatal infeksi jamur tinea kruris dermatitis kontak eksim akibat kontak bahan lateks,F3,2,2
174,5,Â Dermatitis seboroik yaitu eksim pada daerah tubuh yang berminyak,dermatitis seboroik eksim daerah tubuh minyak,F3,2,2
174,6,Â Folikulitis yaitu radang saluran rambut,folikulitis radang salur rambut,F3,2,2
174,7,"Â Dermatitis intertrigo yaitu eksim yang dipicu oleh gesekan, panas, lembab dan kurangnya sirkulasi udara, banyak terjadi pada orang yang gemuk dan diabetes",dermatitis intertrigo eksim picu gesek panas lembab sirkulasi udara orang gemuk diabetes,F3,2,2
174,8,Â Kudis (skabies),kudis skabies,F3,2,2
174,9,Â Kutu di rambut kemaluan,kutu rambut malu,F3,2,2
174,10,"Â Penyakit menular seksual seperti herpes, sifilis",sakit tular seksual herpes sifilis,F3,2,2
174,11,Pengobatan gatal di selangkangan diantaranya (disesuaikan dengan penyebabnya): Â Krim antijamur,obat gatal selangkang sesuai krim antijamur,F3,3,3
174,12,Â Krim kortikosteroid,krim kortikosteroid,F3,3,3
174,13,Â Krim antibiotik,krim antibiotik,F3,3,3
174,14,"Â Obat antivirus, dan lain - lain",obat antivirus,F3,3,3
174,15,"Anda dapat kontrol ke dokter kulit, dokter akan memeriksa daerah yang gatal dengan seksama, mengambil kerokan untuk diperiksa di lab dan pemeriksaan lab darah jika dibutuhkan",kontrol dokter kulit dokter periksa daerah gatal seksama ambil kerok periksa lab periksa lab darah butuh,F5,4,4
174,16,"Sekian informasi yang dapat kami sampaikan, semoga informasi ini dapat bermanfaat untuk mengatasi keluhan anda",sekian informasi moga informasi manfaat keluh,F1,5,5
174,17,"Salam, dr Radhianie Djan, BmedSc",salam dr radhianie djan bmedsc,F1,5,5
175,0,"Hai, terima kasih atas pertanyaan Anda",hai terima kasih,F1,0,0
175,1,Ultrasound atau sonografi (USG) adalah salah satu jenis pemeriksaan penunjang pencitraan yang menggunakan gelombang suara untuk melihat kondisi organ dalam tubuh,ultrasound sonografi usg salah jenis periksa tunjang citra gelombang suara lihat kondisi organ tubuh,F3,1,1
175,2,"Pemeriksaan USG sebagai salah satu fungsinya untuk melihat adanya kelainan pada organ reproduksi, dengan menggunakan 2 macam cara yaitu transabdominal (probe USG diletakkan di atas perut) dan transvaginal (probe USG masuk ke dalam vagina)",periksa usg salah fungsi lihat organ reproduksi transabdominal probe usg letak perut transvaginal probe usg masuk vagina,F3,1,1
175,3,"Pemeriksaan USG organ reproduksi meliputi pemeriksaan organ uterus (rahim), serviks (leher rahim) dan adnexa (ovarium dan tuba falopi)",periksa usg organ reproduksi liput periksa organ uterus rahim serviks leher rahim adnexa ovarium tuba falopi,F3,1,1
175,4,Pada wanita yang belum pernah melahirkan ukuran diameter uterus sekitar 3 - 5 cm dengan panjang 6 - 10 cm,wanita lahir ukur diameter uterus cm cm,F3,2,2
175,5,Variasi ukuran ini bisa bertambah pada wanita yang pernah melahirkan dan berkurang pada wanita yang menopause,variasi ukur wanita lahir wanita menopause,F3,2,2
175,6,"Ukuran ovarium atau indung telur sekitar 3,5x2,5x1,5 cm dan berkurang saat menopause",ukur ovarium indung telur xx cm menopause,F3,2,2
175,7,"Tuba falopi umumnya tidak terlihat saat USG, kecuali bila ada kelainan yang menyebabkan tuba falopi dilatasi (melebar) atau karena dikelilingi cairan bebas",tuba falopi lihat usg kecuali tuba falopi dilatasi lebar keliling cair bebas,F3,3,3
175,8,Menstruasi merupakan siklus alami yang dialami setiap wanita,menstruasi rupa siklus alami alami wanita,F3,4,4
175,9,"Siklus ini terjadi setiap 4 minggu, namun tidak selalu sama",siklus minggu,F3,4,4
175,10,Normalnya wanita mengalami siklus menstruasi dengan perbedaan waktu berkisar antara 21 - 35 hari,normal wanita alam siklus menstruasi beda kisar,F3,4,4
175,11,"Perubahan siklus menstruasi bisa dipengaruhi oleh beberapa hal, seperti ketidakseimbangan hormonal, penyakit kronis, nutrisi, kelelahan, pengaruh obat - obatan dan stres",ubah siklus menstruasi pengaruh ketidakseimbangan hormonal sakit kronis nutrisi lelah pengaruh obat obat stres,F3,5,5
175,12,Nyeri saat menstruasi memang bisa terjadi dan itu merupakan hal yang normal,nyeri menstruasi rupa normal,F3,5,5
175,13,Rasa nyeri biasanya terasa seperti kram otot pada perut bagian bawah,nyeri kram otot perut,F3,5,5
175,14,Nyeri bisa terjadi sebelum atau saat menstruasi,nyeri menstruasi,F3,5,5
175,15,"Namun pada nyeri menstruasi yang parah, harus diwaspadai adanya penyakit tertentu, seperti endometriosis, penyakit radang panggul, fibroid, penyempitan serviks atau akibat penggunaan alat kontrasepsi seperti IUD",nyeri menstruasi parah waspada sakit endometriosis sakit radang panggul fibroid sempit serviks akibat alat kontrasepsi iud,F3,5,5
175,16,Nyeri saat kencing disertai peningkatan frekuensi kencing setelah berhubungan seksual kemungkinan disebabkan oleh infeksi,nyeri kencing tingkat frekuensi kencing hubung seksual infeksi,F3,6,6
175,17,Infeksi pada wanita lebih sering terjadi pada pria karena saluran uretranya (saluran yang menghubungkan antara kantung kencing dan lubang kencing) lebih pendek sehingga cenderung mudah terjadi infeksi,infeksi wanita pria salur uretra salur hubung kantung kencing lubang kencing pendek cenderung mudah infeksi,F3,6,6
175,18,"Untuk memastikan diagnosis, tentunya memerlukan pemeriksaan oleh dokter secara langsung",diagnosis periksa dokter langsung,F3,6,6
175,19,"Bila perlu bisa dilakukan pemeriksaan penunjang seperti tes kencing (urinalysis), urin kultur dan sensitifitas atau pemeriksaan penunjang lainnya sesuai indikasi",laku periksa tunjang tes kencing urinalysis urin kultur sensitifitas periksa tunjang sesuai indikasi,F3,6,6
175,20,"Untuk menghindari infeksi saluran kencing setelah berhubungan seksual, disarankan untuk berkemih dan membersihkan saluran genital setelah berhubungan",hindar infeksi salur kencing hubung seksual saran kemih bersih salur genital hubung,F5,6,6
175,21,Berikut beberapa artikel terkait pertanyaan Anda : https: / / wwwalodoktercom / mencegah - infeksi - saluran - kencing - pada - wanita,artikel kait https wwwalodoktercom cegah infeksi salur kencing wanita,F5,6,6
175,22,https: / / wwwalodoktercom / nyeri - haid,https wwwalodoktercom nyeri haid,F5,6,6
175,23,"Demikian informasi yang bisa saya sampaikan, semoga bermanfaat",informasi moga manfaat,F1,6,6
176,0,Halo RikaHerayani Dolken,halo rikaherayani dolken,F1,0,0
176,1,terima kasih atas pertanyaan anda,terima kasih,F1,0,0
176,2,"Kondisi bersendawa yang anda alami dan rasa panas dingin pada perut anda yang juga terkadang menjalar ke dada dan leher, bisa disebabkan karena adanya penyakit asam lambung",kondisi sendawa alami panas dingin perut terkadang jalar dada leher sakit asam lambung,F4,1,1
176,3,Penyakit asam lambung atau Gastroesophageal Reflux Disease (GERD) yang anda alami merupakan kondisi dimana terjadi nyeri pada ulu hati atau sensasi terbakar di dada akibat naiknya asam lambung menuju esophagus (kerongkongan),sakit asam lambung gastroesophageal reflux disease gerd alami rupa kondisi nyeri ulu hati sensasi bakar dada akibat asam lambung tuju esophagus kerongkongan,F4,1,1
176,4,Selain disebabkan karena peningkatan asam lambung kondisi ini juga disebabkan oleh adanya gangguan pada otot bagian bawah kerongkongan dekat bagian atas lambung yang tidak bisa menahan asam lambung secara sempurna,tingkat asam lambung kondisi ganggu otot kerongkongan lambung tahan asam lambung sempurna,F3,1,1
176,5,"Peningkatan asam lambung ini dapat dipicu oleh berbagai hal konsumsi makanan yang terlalu pedas, merokok, konsumsi kopi (kafein), konsumsi alkohol, makanan asam, konsumsi obat yang dapat menyebabkan peningkatan asam lambung (beberapa jenis antibiotik dan penggunaan obat antinyeri golongan OAINS / Obat Anti Inflamasi Non - Steroid), dan juga dapat disebabkan karena stres atau konsumsi makanan yang terlalu berlemak",tingkat asam lambung picu konsumsi makan pedas rokok konsumsi kopi kafein konsumsi alkohol makan asam konsumsi obat tingkat asam lambung jenis antibiotik obat antinyeri golong oains obat anti inflamasi non steroid stres konsumsi makan lemak,F3,2,2
176,6,Peningkatan asam lambung juga cenderung terjadi di pagi hari karena selama tidur lambung berada dalam kondisi kosong,tingkat asam lambung cenderung pagi tidur lambung kondisi kosong,F3,3,3
176,7,Peningkatan asam lambung juga dapat menyebabkan munculnya gejala mules atau terjadinya diare,tingkat asam lambung muncul gejala mules diare,F3,3,3
176,8,Peningkatan asam lambung ini bisa menyebabkan kondisi lain seperti: Merasa seakan - akan ada sesuatu yang mengganjal di kerongkongan saat menelan,tingkat asam lambung kondisi ganjal kerongkongan telan,F3,3,3
176,9,Laringitis (peradangan pada laring atau pita suara yang menyebabkan tenggorokan sakit dan suara menjadi parau),laringitis radang laring pita suara tenggorok sakit suara parau,F3,4,4
176,10,"Batuk kering tanpa henti, terutama di malam hari",batuk kering henti utama malam,F3,4,4
176,11,Sakit dada,sakit dada,F3,4,4
176,12,Mengi (suara napas berbunyi seperti peluit),mengi suara napas bunyi peluit,F3,4,4
176,13,Kesulitan dan nyeri saat menelan,sulit nyeri telan,F3,4,4
176,14,Gigi menjadi rusak,gigi rusak,F3,4,4
176,15,Kembung dan bersendawa,kembung sendawa,F3,4,4
176,16,Bau napas tidak sedap,bau napas sedap,F3,4,4
176,17,Peningkatan jumlah air liur secara tiba - tiba,tingkat air liur,F3,5,5
176,18,Untuk memastikan kondisi yang anda alami memang sebaiknya anda diperiksa secara langsung oleh dokter dan biasanya juga perlu dilakukan pemeriksaan endoskopi untuk menilai kondisi lambung anda,kondisi alami periksa langsung dokter laku periksa endoskopi nilai kondisi lambung,F5,5,5
176,19,Selama mengalami keluhan semacam ini sebaiknya anda menghindari faktor resiko yang bisa menyebabkan peningkatan asam lambung dan mengatur pola makan anda setiap hari,alam keluh hindar faktor resiko tingkat asam lambung atur pola makan,F5,5,5
176,20,"Jika diperlukan anda dapat Mengonsumsi obat penurun asam lambung untuk mengurangi gejala yang anda alami, obat - obatan ini seperti golongan PPI atau proton pump inhibitor (omeprazole, lansoprasol) atau golongan lain seperti obat golongan antagonis H2 (ranitidin)",konsumsi obat turun asam lambung gejala alami obat obat golong ppi proton pump inhibitor omeprazole lansoprasol golong obat golong antagonis h ranitidin,F5,6,5
176,21,"Anda perlu memahami bahwa masih mungkin kondisi yang anda alami disebabkan oleh kondisi lain, jadi memang perlu diperiksa oleh dokter",paham kondisi alami kondisi periksa dokter,F5,7,5
176,22,"Jika terjadi peradangan pada tenggorokan anda, maka bisa saja anda mengalami gejala menyerupai flu seperti badan pegal atau sakit kepala",radang tenggorok alam gejala rupa flu badan pegal sakit kepala,F5,7,6
176,23,Namun secara langsung kondisi penyakit asam lambung ini jarang menyebabkan terjadi badan pegal dan sakit kepala,langsung kondisi sakit asam lambung jarang badan pegal sakit kepala,F5,7,6
176,24,"Jika sakit kepala yang anda alami ini terus berlanjut, bisa saja kondisi ini disebabkan karena penyakit lain, misalnya pada kondisi anemia atau penyebab nyeri kepala lainnya",sakit kepala alami kondisi sakit kondisi anemia nyeri kepala,F5,7,6
176,25,"Gangguan jantung juga bisa menimbulkan keluhan seperti yang anda rasakan yaitu nyeri pada dada, rasa tidak nyaman pada ulu hati dan nyeri menjalar pada bahu atau punggung",ganggu jantung timbul keluh nyeri dada nyaman ulu hati nyeri jalar bahu punggung,F5,7,7
176,26,Intinya perlu pemeriksaan lebih lanjut pada kondisi anda,inti periksa kondisi,F5,7,7
176,27,Semoga jawaban ini membantu anda,moga bantu,F1,7,7
176,28,dr Aldy Valentino,dr aldy valentino,F1,8,8
177,0,Halo Sdr Jesika,halo sdr jesika,F1,0,0
177,1,Menstruasi adalah proses yang terjadi setiap bulan dengan rentang waktu 21 - 35 hari,menstruasi proses rentang,F3,0,0
177,2,Apabila masih dalam rentang tersebut maka dikatakan normal,rentang normal,F3,0,0
177,3,"Akan tetapi, apabila kurang dari rentang tersebut dapat menandakan adanya gangguan siklus menstruasi",rentang tanda ganggu siklus menstruasi,F3,0,0
177,4,Perdarahan yang terjadi di luar siklus menstruasi dalam dunia medis disebut sebagai metrorrhagia,darah siklus menstruasi dunia medis metrorrhagia,F3,0,0
177,5,Kondisi ini kerap dialami oleh beberapa wanita dan memunculkan kekhawatiran tersendiri,kondisi kerap alami wanita muncul khawatir,F3,1,1
177,6,Masa menstruasi yang dialami tiap wanita memiliki variasinya tersendiri,menstruasi alami wanita milik variasi,F3,1,1
177,7,"Hal ini disebabkan oleh kelelahan atau aktivitas fisik berlebih, penurunan berat badan secara drastis, stres, gangguan pola makan, efek samping obat, dan penyakit seperti polip, endometriosis, kista ovarium dan sebagainya",lelah aktivitas fisik turun berat badan drastis stres ganggu pola makan efek samping obat sakit polip endometriosis kista ovarium,F3,1,1
177,8,"Akan tetapi, karena Anda telah berhubungan seksual, Anda juga perlu mempertimbangkan adanya perdarahan setelah berhubungan seksual atau perdarahan implantasi",hubung seksual timbang darah hubung seksual darah implantasi,F4,2,2
177,9,Perdarahan implantasi umumnya terjadi pada masa 6 - 12 hari setelah pembuahan,darah implantasi buah,F3,3,3
177,10,Penyebab terjadinya pendarahan implantasi berhubungan dengan melekatnya sel telur di dinding rahim,darah implantasi hubung lekat sel telur dinding rahim,F3,3,3
177,11,"Setelah dibuahi oleh sel sperma, sel telur yang mulai berubah menjadi embrio bergerak ke rahim",buah sel sperma sel telur ubah embrio gerak rahim,F3,3,3
177,12,"Selanjutnya, embrio menempel pada dinding rahim dan siap berkembang menjadi janin",embrio tempel dinding rahim kembang janin,F3,3,3
177,13,"Pada saat menempel di dinding rahim itulah, kemungkinan terjadinya pendarahan",tempel dinding rahim darah,F3,3,3
177,14,"Jangan khawatir, perdarahan implantasi tidak mengganggu embrio dan perkembangannya",khawatir darah implantasi ganggu embrio kembang,F3,3,3
177,15,Bercak darah pada pendarahan implantasi berwarna pink atau cokelat dan tampak samar - samar,bercak darah darah implantasi warna pink cokelat samar samar,F3,4,4
177,16,"Sementara, darah pada menstruasi berwarna lebih terang dan bercaknya tampak jelas",darah menstruasi warna terang bercak,F3,4,4
177,17,Anda dapat berkonsultasi ke dokter spesialis kandungan untuk mengevaluasi penyebab perdarahan yang Anda alami,konsultasi dokter spesialis kandung evaluasi darah alami,F3,5,5
177,18,Dokter akan melakukan pemeriksaan fisik dan pemeriksaan penunjang seperti USG apabila diperlukan,dokter laku periksa fisik periksa tunjang usg,F5,5,5
177,19,"Semoga bermanfaat, terima kasih",moga manfaat terima kasih,F1,5,5
178,0,"Alo, terima kasih sudah bertanya di Alodokter",alo terima kasih alodokter,F1,0,0
178,1,Keguguran merupakan kondisi berhentinya kehamilan saat kehamilan berusia kurang dari 20 minggu,gugur rupa kondisi henti hamil hamil usia minggu,F3,0,0
178,2,"Keguguran dapat ditandai dengan keluarnya darah dan juga gumpalan jaringan dari vagina disertai dengan keluhan tertentu seperti sakit perut, kram perut, dan nyeri punggung bagian bawah",gugur tanda darah gumpal jaring vagina keluh sakit perut kram perut nyeri punggung,F3,1,1
178,3,Keguguran dapat terjadi secara tidak lengkap di mana tidak semua jaringan keluar dari rahim (masih ada sisa jaringan tertinggal dalam rahim),gugur lengkap jaring rahim sisa jaring tinggal rahim,F3,1,1
178,4,Kondisi ini dikenal sebagai keguguran inkomplit,kondisi kenal gugur inkomplit,F3,1,1
178,5,"Pada kondisi keguguran ini, sisa jaringan dapat dikeluarkan melalui pemberian obat tertentu atau dengan kuretase",kondisi gugur sisa jaring obat kuretase,F3,2,1
178,6,Jika pengeluaran sisa jaringan dilakukan dengan pemberian obat tertentu biasanya tanda - tanda pengeluaran jaringan akan timbul dalam 1 hingga 4 jam setelah Mengonsumsi obat,sisa jaring laku obat tanda tanda jaring timbul jam konsumsi obat,F4,2,2
178,7,"Namun kondisi ini dapat berbeda pada setiap orang, yang jelas jika setelah menggunakan obat sesuai dengan anjuran yang dokter berikan, sisa jaringan belum juga keluar, maka segeralah konsultasikan kembali kepada dokter spesialis kandungan anda",kondisi beda orang obat sesuai anjur dokter ikan sisa jaring konsultasi dokter spesialis kandung,F5,2,2
178,8,Dokter akan melakukan pemeriksaan untuk mengetahui kondisi yang terjadi dan menentukan tindakan selanjutnya yang akan dilakukan misalnya dengan mengulang pemberian obat atau kuretase,dokter laku periksa kondisi tindak laku ulang obat kuretase,F5,2,2
178,9,"Sekian, semoga bermanfaat",sekian moga manfaat,F1,2,2
179,0,Halo Adisaputra,halo adisaputra,F1,0,0
179,1,TBC usus disebabkan oleh infeksi bakteri Mycobacterium Tuberculosis yang menyerang usus,tbc usus infeksi bakteri mycobacterium tuberculosis serang usus,F3,0,0
179,2,Gejala yang ditimbulkan jika sesorang terinfeksi oleh bakteri ini diantaranya : Perut kembung,gejala timbul sorang infeksi bakteri perut kembung,F3,0,0
179,3,Teraba benjolan pada perut,raba benjol perut,F3,1,1
179,4,Perut terasa keras dan tidak nyaman,perut keras nyaman,F3,1,1
179,5,Susah buang air besar,susah buang air,F3,1,1
179,6,Demam,demam,F3,1,2
179,7,Penurunan berat badan,turun berat badan,F3,1,2
179,8,Tidak ada nafsu makan,nafsu makan,F3,1,2
179,9,"Jika saat ini Anda sedang dalam pengobatan, gejala yang ada masih berkaitan dengan penyakit yang Anda derita",obat gejala kait sakit derita,F3,2,2
179,10,Namun mengingat Anda juga memiliki hernia (apakah hernia inguinalis (lipat paha)?,milik hernia hernia inguinalis lipat paha,F2,2,2
179,11,") Jika ya, maka Anda perlu memerhatikan adanya gejala lain yang memeperparah kondisi Anda",ya perhati gejala memeperparah kondisi,F4,2,2
179,12,Salah satu komplikasi berat yang dapat terjadi pada hernia adalah terjepitnya usus pada daerah tersebut yang menyebabkan nekrosis atau usus yang terperangkap menjadi busuk akibat tidak mendapat perdarahan yang cukup,salah komplikasi berat hernia jepit usus daerah nekrosis usus perangkap busuk akibat darah,F3,3,3
179,13,Hal ini dapat mengarah pada gangguan yang lebih buruk pada area perut yang disebut sebagai peritonitis atau perut menjadi tegang / keras,arah ganggu buruk area perut peritonitis perut tegang keras,F3,3,3
179,14,Baca peritonitis,baca peritonitis,F3,3,3
179,15,TBC usus jika tidak ditangani dengan benar akan mengalami kondisi ini,tbc usus tangan alam kondisi,F3,3,3
179,16,"Jika keluhan yang Anda rasakan bertambah parah, sebaiknya temui dokter untuk melakukan pemeriksaan lanjutan, agar Anda segera mendapatkan penanganan yang sesuai",keluh parah temu dokter laku periksa tangan sesuai,F5,4,4
179,17,"Semoga bermanfaat, dr Tantya Marlien",moga manfaat dr tantya marlien,F1,4,4
180,0,Dear Amani,dear aman,F1,0,0
180,1,Keluhan yang Anda alami dapat disebabkan oleh penyakit asam lambung,keluh alami sakit asam lambung,F4,0,0
180,2,Penyakit asam lambung adalah kondisi naiknya asam lambung dari lambung ke kerongkongan bahkan ke dalam mulut akibat melemahnya lingkaran otot yang membatasi lambung dengan kerongkongan,sakit asam lambung kondisi asam lambung lambung kerongkongan mulut akibat lemah lingkar otot batas lambung kerongkongan,F3,0,0
180,3,"Penyakit ini menimbulkan gejala berupa: sensasi seperti terbakar di dada, sakit dada, kesulitan menelan, rasa seperti ada yang mengganjal di kerongkongan, rasa pahit atau asam di lidah, batuk, laringitis, produksi air liur mendadak, dan lain sebagainya",sakit timbul gejala rupa sensasi bakar dada sakit dada sulit telan ganjal kerongkongan pahit asam lidah batuk laringitis produksi air liur dadak,F3,0,0
180,4,"Pengobatan penyakit asam lambung umumnya menggunakan obat - obatan untuk menetralkan asam lambung, mengurangi produksi asam lambung, atau obat yang mempercepat pengosongan lambung",obat sakit asam lambung obat obat netral asam lambung produksi asam lambung obat cepat kosong lambung,F3,0,0
180,5,Prosedur operasi dapat dokter tempuh apabila obat - obatan tidak memberikan respon yang baik,prosedur operasi dokter tempuh obat obat respon,F3,1,1
180,6,Sebaiknya Anda berkonsultasi dengan dokter spesialis penyakit dalam,konsultasi dokter spesialis sakit,F5,1,1
180,7,Dokter akan menganalisis gejala yang Anda alami dan melakukan pemeriksaan fisik yang diperlukan,dokter analisis gejala alami laku periksa fisik,F5,1,1
180,8,Penunjang seperti tes darah dan endoskopi dapat dokter anjurkan,tunjang tes darah endoskopi dokter anjur,F5,1,1
180,9,Penanganan yang sesuai akan dokter berikan,tangan sesuai dokter ikan,F5,1,1
180,10,"Anjuran yang dapat Anda lakukan: jangan segera berbaring setelah makan, kurangi makanan yang pedas dan berminyak, tidur dengan bantal yang agak tinggi, makan dalam porsi kecil namun lebih sering, hindari minum minuman keras dan merokok, hindari mengenakan pakaian yang terlalu ketat, kendalikan berat badan ke arah normal",anjur laku baring makan makan pedas minyak tidur bantal makan porsi hindar minum minum keras rokok hindar kena pakai ketat kendali berat badan arah normal,F5,2,2
180,11,Artikel yang bisa Anda baca: Penyakit asam lambung,artikel baca sakit asam lambung,F5,3,3
180,12,"Semoga bermanfaat dan salam, dr Rony Wijaya",moga manfaat salam dr rony wijaya,F1,3,3
181,0,Halo Harisah,halo harisah,F1,0,0
181,1,terima kasih atas pertanyaan Anda,terima kasih,F1,0,0
181,2,"Perlu Anda ketahui sebelumnya bahwa KB spiral atau sering disebut sebagai Intrauterine device ( IUD ), merupakan alat kontrasepsi berbahan dasar plastik yang berbentuk seperti huruf T",kb spiral intrauterine device iud rupa alat kontrasepsi bahan dasar plastik bentuk huruf t,F3,1,1
181,3,Alat ini akan dimasukkan ke dalam rahim Anda,alat masuk rahim,F3,1,1
181,4,pada alat KB ini juga terdapat tali yang akan menggantung dari leher rahim hingga ke dalam vagina,alat kb tali gantung leher rahim vagina,F3,1,1
181,5,"Sebelum memasukkan alat ini, dokter biasanya akan memberikan bius lokal atau pereda rasa sakit untuk diminum",masuk alat dokter bius lokal reda sakit minum,F3,1,1
181,6,Pemasangan KB spiral biasanya hanya berlangsung paling lama 20 menit,pasang kb spiral langsung menit,F3,2,2
181,7,"Jenis KB spiral sendiri ada 2, yaitu : KB spiral berlapis tembaga === mencegah pembuahan pada sel telur, yaitu dengan melepaskan unsur tembaga secara perlahan – lahan",jenis kb spiral kb spiral lapis tembaga cegah buah sel telur lepas unsur tembaga perlahan lahan,F3,2,2
181,8,KB Spiral mengandung hormon === mencegah penebalan dinding rahim sehingga sel telur yang telah dibuahi menjadi tidak tumbuh,kb spiral kandung hormon cegah tebal dinding rahim sel telur buah tumbuh,F3,2,2
181,9,"Jika Anda ingin memilih alat KB yang bertahan lama dan efektif, maka KB spiral adalah pilihan yang tepat",pilih alat kb tahan efektif kb spiral pilih,F5,2,2
181,10,Segeralah mendiskusikan hal ini dengan Dokter Spesialis Kebidanan dan Kandungan agar segala sesuatunya terang dan jelas,diskusi dokter spesialis bidan kandung terang,F5,3,3
181,11,"Untuk lebih jelasnya, klik artikel di bawah ini : KB SPIRAL",klik artikel kb spiral,F5,3,3
181,12,"Demikian penjelasan yang dapat kami sampaikan, semoga bermanfaat",moga manfaat,F1,3,3
181,13,"Salam, dr Jati",salam dr jati,F1,3,3
182,0,Halo,halo,F1,0,0
182,1,Panjang siklus menstruasi bervariasi pada tiap wanita,siklus menstruasi variasi wanita,F3,0,0
182,2,"Normalnya berada pada interval 21 - 35 hari, dengan rata - rata panjang siklus 28 hari",normal interval siklus,F3,0,0
182,3,Sehingga darah yang mengalir dari vagina setiap 21 - 35 hari adalah normal,darah alir vagina normal,F3,0,0
182,4,Kita bisa menghitung panjang siklus menstruasi sendiri dengan menghitung jarak antara tanggal mulainya menstruasi yang lalu dan mulainya menstruasi berikutnya,hitung siklus menstruasi hitung jarak tanggal menstruasi menstruasi,F3,0,0
182,5,"Misalnya hari pertama anda dapat menstruasi bulan lalu tanggal 1 Januari, menstruasi berikutnya pertama kali datang pada tanggal 28 januari, berarti siklus anda 28 hari ( berarti siklus normal )",menstruasi tanggal januari menstruasi kali tanggal januari arti siklus arti siklus normal,F3,0,0
182,6,"Jika terjadi perdarahan dari vagina yang kurang atau melebihi interval tersebut, maka perdarahan yang terjadi bukanlah perdarahan yang normal",darah vagina interval darah darah normal,F3,0,0
182,7,"Telatnya datang haid dapat disebabkan oleh beberapa kondisi, yaitu : Perubahan / adaptasi hormonal pada periode awal mendapat menstruasi, misalnya pada usia remaja atau ketika memasuki periode menopause",telat haid kondisi ubah adaptasi hormonal periode menstruasi usia remaja masuk periode menopause,F3,1,1
182,8,Ini merupakan kondisi yang normal,rupa kondisi normal,F3,1,1
182,9,Penurunan berat badan yang berlebihan atau berat badan yang berlebihan / terlalu rendah,turun berat badan berat badan rendah,F3,2,2
182,10,"Penggunaan kontrasepsi, seperti pil atau suntik KB, implan",kontrasepsi pil suntik kb implan,F3,3,3
182,11,"Jika sudah tidak menggunakan kontrasepsi, biasanya butuh waktu hingga 6 bulan hingga siklus menstruasi kembali normal",kontrasepsi butuh siklus menstruasi normal,F3,3,3
182,12,Terlalu tingginya kadar hormon prolaktin dalam tubuh,kadar hormon prolaktin tubuh,F3,3,3
182,13,"Ini dapat ditandai dengan keluarnya cairan, seperti susu dari puting payudara, baik saat Anda hamil, menyusui, atau tidak keduanya",tanda cair susu puting payudara hamil susu,F3,3,3
182,14,Stres,stres,F3,3,3
182,15,"Kondisi medis tertentu, seperti adanya infeksi, peradangan, atau tumor di saluran reproduksi, diabetes / kencing manis, atau gangguan pada kelenjar tiroid",kondisi medis infeksi radang tumor salur reproduksi diabetes kencing manis ganggu kelenjar tiroid,F3,3,3
182,16,"Telat datang haid tidak baik jika dibiarkan terlalu lama, apalagi jika melebihi 3 bulan",telat haid biar,F3,3,3
182,17,"Oleh karena itu, sangat banyak faktor penyebab gangguan menstruasi, anda dianjurkan untuk mengunjungi dokter sehingga bisa diterapi dengan tepat",faktor ganggu menstruasi anjur kunjung dokter terapi,F5,3,3
182,18,"Pemeriksaan yang mungkin akan dilakukan terhadap anda diantaranya tes kehamilan, pemeriksaan darah, USG, papsmear, atau pemeriksaan hormon",periksa laku hadap tes hamil periksa darah usg papsmear periksa hormon,F5,3,3
182,19,terima kasih,terima kasih,F1,4,4
183,0,"Hai Egy Agung, Terima kasih telah bertanya ke Alodokter",hai egy agung terima kasih alodokter,F1,0,0
183,1,"Sebelumnya, perlu diperjelas, apakah darah keluar hanya saat buang air kecil?",darah buang air,F2,1,1
183,2,"Apakah pernah keluar juga saat Anda tidak sedang buang air kecil, misalnya setelah berhubungan seksual atau membekas di pakaian dalam?",buang air hubung seksual bekas pakai,F2,1,1
183,3,Apakah disertai nyeri perut?,nyeri perut,F2,1,1
183,4,"Darah yang keluar saat BAK (hematuria) bisa disebabkan oleh kelainan pada saluran kemih, mulai dari yang ringan hingga berat",darah bak hematuria salur kemih ringan berat,F4,1,1
183,5,Berikut beberapa kemungkinan penyebabnya: Infeksi saluran kemih,infeksi salur kemih,F3,2,2
183,6,Pyelonefritis (infeksi ginjal),pyelonefritis infeksi ginjal,F3,2,2
183,7,Batu ginjal,batu ginjal,F3,2,2
183,8,Batu kandung kemih,batu kandung kemih,F3,2,2
183,9,Glomerulonefritis,glomerulonefritis,F3,2,2
183,10,"Kanker ginjal, kanker kandung kemih",kanker ginjal kanker kandung kemih,F3,2,2
183,11,"Namun, pada beberapa kondisi, hematuria bisa juga terjadi karena gangguan aistem organ lainnya (termasuk yang berkaitan dengan kehamilan), misalnya karena: Plasenta previa (ari - ari terletak di bawah mendekati atau bahkan menutupi jalan lahir)",kondisi hematuria ganggu aistem organ masuk kait hamil plasenta previa ari ari letak tutup jalan lahir,F3,3,3
183,12,Solusio plasenta (ari - ari robek),solusio plasenta ari ari robek,F3,3,3
183,13,Cidera panggul,cidera panggul,F3,3,3
183,14,"Efek samping obat, misalnya aspirin, heparin",efek samping obat aspirin heparin,F3,4,4
183,15,"Olahraga yang terlalu berat, dan sebagainya",olahraga berat,F3,4,4
183,16,"Karenanya itu, sebaiknya Anda periksakan langsung keluhan Anda ke dokter spesialis kandungan Anda ya",periksa langsung keluh dokter spesialis kandung ya,F5,4,4
183,17,"Umumnya, dokter akan melakukan pemeriksaan laboratorium, urin, dan USG untuk menentukan penanganan yang tepat",dokter laku periksa laboratorium urin usg tangan,F5,4,4
183,18,"Sementara itu: Tetap tenang, jangan panik",tenang panik,F5,5,5
183,19,Perbanyak minum 8 - 12 gelas perhari,minum gelas,F5,5,5
183,20,"Jaga kebersihan ogan intim, yakni dengan membilasnya menggunakan air bersih dari arah depan ke belakang",jaga bersih ogan intim bilas air bersih arah,F5,5,5
183,21,Batasi hubungan seksual berlebihan saat hamil,batas hubung seksual hamil,F5,5,5
183,22,Semoga membantu ya,moga bantu ya,F1,6,6
183,23,dr Nadia Nurotul Fuadah,dr nadia nurotul fuadah,F1,6,6
184,0,"Hai caca, terima kasih telah bertanya ke Alodokter",hai caca terima kasih alodokter,F1,0,0
184,1,Darah menstruasi dihasilkan dari luruhan dinding rahim (endometrium) akibat tidak terjadinya pembuahan sel telur oleh sel sperma,darah menstruasi hasil luruh dinding rahim endometrium akibat buah sel telur sel sperma,F3,1,1
184,2,"Normalnya, tiap siklus menstruasi, wanita akan mengeluarkan darah sebanyak 30 hingga 40 ml",normal siklus menstruasi wanita darah ml,F3,2,2
184,3,"Jika perdarahan yang Anda alami lebih dari 60 ml persiklusnya, maka Anda sudah dikategorikan mengalami perdarahan menstruasi berlebih ( menorrhagia )",darah alami ml siklus kategori alam darah menstruasi menorrhagia,F3,2,2
184,4,"Perdarahan yang masif, termasuk juga saat menstruasi, bisa menyebabkan seseorang mengalami anemia (hemoglobin darah rendah)",darah masif masuk menstruasi orang alam anemia hemoglobin darah rendah,F3,2,2
184,5,"Gejalanya bisa bervariasi tergantung dari keparahannya, misalnya: Pusing, kliyengan, limbung seperti ingin pingsan",gejala variasi gantung parah pusing kliyengan limbung pingsan,F3,3,3
184,6,Nyeri kepala,nyeri kepala,F3,3,3
184,7,Pandangan berkunang - kunang,pandang berkunang nang,F3,3,3
184,8,Mual Lemas,mual lemas,F3,3,3
184,9,Mudah lelah,mudah lelah,F3,4,4
184,10,Pucat,pucat,F3,4,4
184,11,Sesak napas,sesak napas,F3,4,4
184,12,Mudah mengantuk,mudah antuk,F3,4,4
184,13,Sulit konsentrasi,sulit konsentrasi,F3,4,4
184,14,"Penurunan kesadaran (pingsan), dan sebagainya",turun sadar pingsan,F3,5,5
184,15,Pusing yang Anda alami mungkin saja disebabkan oleh efek anemia akibat perdarahan menstruasi yang berlebihan,pusing alami efek anemia akibat darah menstruasi,F4,6,6
184,16,"Namun, jika disertai demam, maka mungkin juga keluhan ini terjadi karena infeksi virus atau bakteri, misalnya: ISPA (infeksi saluran pernafasan akut)",demam keluh infeksi virus bakteri ispa infeksi salur nafas akut,F3,6,6
184,17,Infeksi saluran kemih,infeksi salur kemih,F3,6,6
184,18,Infeksi saluran cerna,infeksi salur cerna,F3,6,6
184,19,Demam dengue,demam dengue,F3,6,6
184,20,"Demam tifoid, dan sebagainya",demam tifoid,F3,6,6
184,21,Sakit perut saat menstruasi bisa diakibatkan oleh kontraksi otot rahim berlebihan,sakit perut menstruasi akibat kontraksi otot rahim,F3,6,6
184,22,Atau bisa juga sakit ini muncul karena dampak dari salah satu penyebab di atas,sakit muncul dampak salah,F3,7,7
184,23,"Jika keluhan sudah terjadi 3 hari atau lebih, cobalah memeriksakan diri secara langsung ke dokter",keluh coba periksa langsung dokter,F5,8,8
184,24,"Dengan begitu, dokter dapat melakuka pemeriksaan lebih lanjut, misalnya dengan tes lab",dokter melakuka periksa tes lab,F5,8,8
184,25,Sebagai langkah awal: Kompres perut yang sakit dengan air hangat,langkah kompres perut sakit air hangat,F5,9,9
184,26,"Perbanyak istirahat, batasi aktifitas yang melelahkan",istirahat batas aktifitas lelah,F5,9,9
184,27,Perbanyak minum dan makan makanan bergizi,minum makan makan gizi,F5,9,9
184,28,Tidur yang cukup 6 - 8 jam sehari,tidur jam,F5,9,9
184,29,Jangan stres berlebihan,stres,F5,10,10
184,30,"Jika suhu tubuh Anda naik di atas 36,5 derajat celcius, Anda bisa konsumsi obat pereda demam, misalnya paracetamol",suhu tubuh derajat celcius konsumsi obat reda demam paracetamol,F5,10,10
184,31,Semoga membantu ya,moga bantu ya,F1,11,11
184,32,dr Nadia Nurotul Fuadah,dr nadia nurotul fuadah,F1,11,11
185,0,"Halo Sari liana, terima kasih atas pertanyaannya untuk Alodokter",halo sari liana terima kasih alodokter,F1,0,0
185,1,Kehamilan dapat terjadi ketika sperma dari seorang laki - laki membuahi sel telur seorang wanita,hamil sperma orang laki laki buah sel telur orang wanita,F3,1,1
185,2,Berikut ini adalah beberapa faktor yang mempengaruhi terjadinya pertemuan sel telur dengan sperma : Sel telur akan dilepaskan dari kandung telur (ovarium) dalam proses yang disebut dengan ovulasi ketika wanita mengalami masa subur,faktor pengaruh temu sel telur sperma sel telur lepas kandung telur ovarium proses ovulasi wanita alam subur,F3,2,2
185,3,"Sel telur ini hanya akan bertahan untuk dapat dibuahi selama 12 - 24 jam, setelahnya sel telur akan berubah bentuknya dan tidak dapat dibuahi lagi",sel telur tahan buah jam sel telur ubah bentuk buah,F3,2,2
185,4,Hal ini menyebabkan kemungkinan terjadinya kehamilan hanya berada dalam rentang waktu ini,hamil rentang,F3,3,3
185,5,Berikut ini cara menghitung masa subur,hitung subur,F3,3,3
185,6,Sperma dapat hidup dan bertahan dalam tubuh wanita selama 3 hingga 4 hari,sperma hidup tahan tubuh wanita,F3,3,3
185,7,"Bila hubungan seksual dilakukan 3 hingga 4 hari sebelum terjadinya ovulasi dan ovulasi terjadi saat sperma masih hidup di dalam rahim seorang wanita, pembuahan dan kehamilan juga dapat terjadi",hubung seksual laku ovulasi ovulasi sperma hidup rahim orang wanita buah hamil,F3,3,3
185,8,"Normalnya, pembuahan sel telur oleh sperma terjadi di dalam organ yang disebut sebagai tuba falopi, yaitu organ yang menghubungkan rahim dengan kandung telur (ovarium)",normal buah sel telur sperma organ tuba falopi organ hubung rahim kandung telur ovarium,F3,4,4
185,9,"Bila sperma dikeluarkan di luar tubuh wanita, sperma tidak akan mencapai organ ini dan pembuahan dan kehamilan tidak akan terjadi",sperma tubuh wanita sperma capai organ buah hamil,F3,4,4
185,10,Kehamilan dapat dideteksi dengan beberapa cara,hamil deteksi,F3,5,5
185,11,Cara yang paling sering dilakukan dan cukup efektif untuk mendeteksi kehamilan adalah dengan menggunakan testpack atau alat tes kehamilan yang dapat dibeli dengan bebas di mana saja,laku efektif deteksi hamil testpack alat tes hamil beli bebas,F3,5,5
185,12,Namun ada juga beberapa gejala yang dirasakan wanita yang dapat menjadi pertanda kehamilan,gejala wanita tanda hamil,F3,6,6
185,13,Berikut ini adalah beberapa gejala dan tanda kehamilan : Flek dan kram perut yang bisa jadi merupakan tanda implantasi janin ke rahim,gejala tanda hamil flek kram perut rupa tanda implantasi janin rahim,F3,6,6
185,14,Perubahan pada payudara yang biasanya menjadi lebih besar dan kadang nyeri,ubah payudara kadang nyeri,F3,7,7
185,15,Mual dan muntah,mual muntah,F3,7,7
185,16,Sering kencing,kencing,F3,7,7
185,17,Konstipasi atau sulit buang air besar,konstipasi sulit buang air,F3,7,7
185,18,Nyeri kepala dan nyeri punggung,nyeri kepala nyeri punggung,F3,7,7
185,19,Pusing dan pingsan,pusing pingsan,F3,7,7
185,20,Gangguan mood atau perasaan yang jadi sering berubah - ubah,ganggu mood ubah ubah,F3,7,7
185,21,Kelelahan,lelah,F3,7,7
185,22,Terlambat menstruasi,lambat menstruasi,F3,7,7
185,23,"Seorang wanita dapat mengalami seluruh gejala tersebut, namun bisa juga tidak mengalami gejala tersebut sama sekali",orang wanita alam gejala alam gejala,F3,8,8
185,24,"Untuk memastikan terjadinya kehamilan atau tidak, sebaiknya dilakukan pemeriksaan dengan testpack",hamil laku periksa testpack,F5,9,9
185,25,Dalam menggunakan testpack ada beberapa hal yang perlu anda perhatikan: Testpack dapat mendeteksi kehamilan setelah kadar hormon kehamilan dalam kencing cukup tinggi,testpack perhati testpack deteksi hamil kadar hormon hamil kencing,F3,9,9
185,26,Biasanya hormon kehamilan ini dapat terdeteksi pada kencing setelah 9 - 12 hari setelah pembuahan,hormon hamil deteksi kencing buah,F3,9,9
185,27,Namun sebagian besar testpack dapat mendeteksi kehamilan sejak hari pertama terlambat haid,testpack deteksi hamil lambat haid,F3,9,9
185,28,"Hasil positif hampir selalu benar, sementara hasil negatif biasanya tidak terlalu akurat",hasil positif hasil negatif akurat,F3,10,10
185,29,"Sehingga jika anda memperoleh hasil negatif, cobalah untuk melakukan testpack ulang 3 - 7 hari kemudian",hasil negatif coba laku testpack ulang,F3,10,10
185,30,"Perilaku seksual yang tidak sehat tidak hanya membawa dampak kehamilan yang tidak diinginkan melainkan risiko tertular penyakit menular seksual seperti sifilis, HPV, hepatitis, bahkan HIV",perilaku seksual sehat bawa dampak hamil risiko tular sakit tular seksual sifilis hpv hepatitis hiv,F3,11,11
185,31,"Perilaku seksual yang tidak sehat juga dapat membawa dampak psikososial yang tidak baik, baik bagi pihak laki - laki maupun pihak wanita",perilaku seksual sehat bawa dampak psikososial laki laki wanita,F3,11,11
185,32,"Untuk memastikan tidak terjadi kehamilan atau hal lain yang tidak diinginkan akibat perilaku seksual yang tidak sehat, anda dapat membaca artikel berikut",hamil akibat perilaku seksual sehat baca artikel,F5,11,11
185,33,Untuk mencegah kehamilan yang tidak diinginkan selain menghindari hubungan seksual adalah dengan menggunakan alat kontrasepsi,cegah hamil hindar hubung seksual alat kontrasepsi,F5,11,11
185,34,Saat ini tersedia berbagai pilihan alat kontrasepsi yang dapat anda pilih menyesuaikan dengan kebutuhan dan kondisi anda,sedia pilih alat kontrasepsi pilih suai butuh kondisi,F5,12,12
185,35,Berikut ini adalah cara memilih alat kontrasepsi,pilih alat kontrasepsi,F5,12,12
185,36,"Sekian yang dapat saya informasikan, semoga menjawab dr Irna Cecilia",sekian informasi moga dr irna cecilia,F1,13,13
186,0,Hai Darren,hai darren,F1,0,0
186,1,"Dari gejala yang Anda keluhkan, masalah mual dan muntah biasa dikaitkan dengan masalah penyakit lambung",gejala keluh mual muntah kait sakit lambung,F4,1,1
186,2,"Akan tetapi Anda sudah dua kali memeriksakan diri ke dokter spesialis penyakit dalam, dan dinyatakan normal",kali periksa dokter spesialis sakit nyata normal,F3,1,1
186,3,Saat ini Anda dapat mempertimbangkan masalah lain seperti psikosomatis,timbang psikosomatis,F3,1,1
186,4,Hal ini terjadi ketika Anda memiliki pikiran (stres) dan mempengaruhi kondisi pada fisik Anda,milik pikir stres pengaruh kondisi fisik,F3,2,2
186,5,Faktor pikiran yang dapat mempengaruhi Anda adalah stres dan rasa cemas,faktor pikir pengaruh stres cemas,F3,2,2
186,6,Berikut beberapa gejala yang dapat terjadi : Denyut jantung cepat,gejala denyut jantung cepat,F3,3,3
186,7,Jantung berdebar,jantung debar,F3,3,3
186,8,Mual atau ingin muntah,mual muntah,F3,3,3
186,9,Gemetaran,gemetar,F3,3,3
186,10,Berkeringat,keringat,F3,3,3
186,11,Dan lain - lain,,F3,4,4
186,12,"Untuk memastikan masalah pada diri Anda, sebaiknya berkonsultasi lebih lanjut dengan dokter spesialis kejiwaan",konsultasi dokter spesialis jiwa,F5,4,4
186,13,Dokter dapat melakukan pemeriksaan lanjutan kepada Anda jika memang diperlukan,dokter laku periksa,F5,4,4
186,14,Mengenai penanganan pada masalah psikosomatis dapat dilakukan beberapa hal : Obat antidepresan atau obat penenang,kena tangan psikosomatis laku obat antidepresan obat tenang,F5,5,5
186,15,Latihan relaksasi,latih relaksasi,F5,6,6
186,16,Teknik distraksi,teknik distraksi,F5,6,6
186,17,Akupuntur,akupuntur,F5,6,6
186,18,Hipnosis Transcutaneous electrical nerve stimulation,hipnosis transcutaneous electrical nerve stimulation,F5,6,6
186,19,Fisioterapi,fisioterapi,F5,6,6
186,20,Meditasi,meditasi,F5,6,6
186,21,Menjelaskan kepada pasien mengenai masalah pada pikirannya,pasien kena pikir,F5,6,6
186,22,"Semoga bermanfaat, dr Yosephine",moga manfaat dr yosephine,F1,6,6
187,0,"Selamat pagi, terima kasih telah bertanya di Alodokter",selamat pagi terima kasih alodokter,F1,0,0
187,1,"Kondisi yang Anda alami bisa terjadi karena beberapa kemungkinan, yang utamanya sebenarnya adalah cedera otot",kondisi alami utama cedera otot,F4,1,1
187,2,Cedera otot ini bisa terjadi ketika Anda melakukan suatu gerakan atau berada pada posisi tertentu yang sedemikian rupa hingga menyakiti otot Anda,cedera otot laku gerak posisi rupa sakit otot,F3,1,1
187,3,"Kondisi ini tidak berbahaya dan umumnya dapat membaik dengan sendirinya seiring berjalannya waktu, kurang lebih sekitar seminggu",kondisi bahaya iring jalan minggu,F3,1,1
187,4,"Kemungkinan lain yang juga bisa terjadi adalah adanya cedera pada saraf, saraf terjepit, dan gangguan pencernaan",cedera saraf saraf jepit ganggu cerna,F3,1,1
187,5,"Untuk bisa memastikan hal ini, saran kami sebaiknya Anda periksakan diri Anda pada dokter umum terlebih dahulu untuk dilakukan penggalian riwayat dan pemeriksaan fisik yang diperlukan pada kondisi Anda",saran periksa dokter laku gali riwayat periksa fisik kondisi,F5,2,2
187,6,Penanganan yang akan Anda terima nanti tergantung dari hasil pemeriksaan ini,tangan terima gantung hasil periksa,F5,2,2
187,7,"Sementara itu, tidak perlu cemas berlebihan, cukup kompres atau tempelkan koyo hangat pada area yang nyeri, boleh mengonsumsi obat pereda nyeri yang dijual bebas dengan membaca aturan pakai yang tertera, dan segera periksakan ke dokter",cemas kompres tempel koyo hangat area nyeri konsumsi obat reda nyeri jual bebas baca atur pakai tera periksa dokter,F5,2,2
187,8,"Sekian, semoga menjawab pertanyaan Anda",sekian moga,F1,2,2
188,0,Halo,halo,F1,0,0
188,1,"Tes darah perlu dilakukan secara rutin oleh ibu hamil, hal ini bertujuan untuk mengetahui apakah janin dalam kandungan memiliki kelainan serta apakah ibu hamil mengalami infeksi atau penyakit tertentu",tes darah laku rutin hamil tuju janin kandung milik hamil alam infeksi sakit,F3,0,0
188,2,"Terdapat beberapa tes darah yang diperlukan, seperti: Tes darah lengkap, diperlukan untuk mengetahui apakah hemoglobin dalam sel darah merah Ibu normal atau terlalu sedikit",tes darah tes darah lengkap hemoglobin sel darah merah normal,F3,1,1
188,3,"Tes golongan darah, antibodi, dan faktor resus",tes golong darah antibodi faktor resus,F3,1,1
188,4,Tes imunitas terhadap rubella atau campak jerman,tes imunitas hadap rubella campak jerman,F3,2,1
188,5,"Tes HIV, karena infeksi HIV pada Ibu hamil bisa menembus ke janin selama kehamilan, saat melahirkan, atau selama menyusui",tes hiv infeksi hiv hamil tembus janin hamil lahir susu,F3,2,2
188,6,"Bila ternyata Ibu positif HIV, penanganan medis akan dilakukan untuk mengurangi risiko penularan HIV kepada bayi",nyata positif hiv tangan medis laku risiko tular hiv bayi,F3,2,2
188,7,Tes sifilis,tes sifilis,F3,2,3
188,8,Tes hepatitis B dan C,tes hepatitis b c,F3,2,3
188,9,Tes tekanan darah,tes tekan darah,F3,2,3
188,10,"Karena itu, Anda dianjurkan untuk melakukan pemeriksaan yang rutin saat kehamilan untuk selalu memastikan kesehatan Anda dan janin Anda",anjur laku periksa rutin hamil sehat janin,F5,2,3
188,11,"Dalam pemeriksaan dokter akan melakukan pemeriksaan fisik, wawancara medis, melihat rekam medis, dan bila perlu akan dilakukan pemeriksaan medis penunjang, seperti USG, tes darah, tes urin",periksa dokter laku periksa fisik wawancara medis lihat rekam medis laku periksa medis tunjang usg tes darah tes urin,F5,3,3
188,12,"Sementara itu, ada beberapa tips yang bisa Anda lakukan, seperti: Jaga pola makan, hindari makanan kurang matang / mentah, konsumsi makanan sehat dan bergizi",tips laku jaga pola makan hindar makan matang mentah konsumsi makan sehat gizi,F5,4,4
188,13,"Hindari minuman berkafein (teh / kopi), beralkohol Istirahat yang cukup",hindar minum berkafein teh kopi alkohol istirahat,F5,4,4
188,14,Hindari stres berlebih,hindar stres,F5,4,4
188,15,Jangan menahan keinginan untuk BAK,tahan bak,F5,5,5
188,16,Hindari merokok dan paparan asap rokok,hindar rokok papar asap rokok,F5,5,5
188,17,"Semoga membantu, dr Theresia",moga bantu dr theresia,F1,6,6
189,0,"Salam Alodokter, terima kasih sudah bertanya di Alodokter",salam alodokter terima kasih alodokter,F1,0,0
189,1,"Adanya riwayat terlambat haid yang Anda alami (dengan siklus 35 hari) dimana di hari ke 12 Anda melakukan hubungan intim dengan kondom, maka keluhan terlambat haid ini tidak disebabkan oleh penggunaan kondom yang digunakan saat hubungan, namun terlambat haid ini dapat berkaitan dengan pengaruh hormonal kewanitaan yang mungkin tidak seimbang sehingga memicu keluhan terlambat haid",riwayat lambat haid alami siklus laku hubung intim kondom keluh lambat haid kondom hubung lambat haid kait pengaruh hormonal wanita imbang picu keluh lambat haid,F4,1,1
189,2,"Pada saat gangguan keseimbangan hormonal kewanitaan muncul, maka terkadang penebalan dinding rahim tidak berjalan optimal dan peluruhan dinding rahim saat siklus haid juga tidak berjalan seperti biasanya, sehingga keluhan terlambat haid dapat terjadi",ganggu imbang hormonal wanita muncul terkadang tebal dinding rahim jalan optimal luruh dinding rahim siklus haid jalan keluh lambat haid,F3,2,2
189,3,"Namun, pada umumnya, seorang wanita tidak haid dalam satu waktu merupakan suatu kondisi yang wajar, dimana dalam setahun, rata - rata wanita dapat menjalani masa haid berkisar 9 - 13 kali pertahun",orang wanita haid rupa kondisi wajar wanita jalan haid kisar kali,F3,3,3
189,4,"Oleh karena itu, selama keluhan terlambat haid tidak berulang, maka sebaiknya Anda tetap menunggu siklus haid berikutnya untuk evaluasi, apakah siklus haid berikutnya muncul atau tidak",keluh lambat haid ulang tunggu siklus haid evaluasi siklus haid muncul,F5,4,4
189,5,"Bila tetap tidak muncul pada siklus haid berikutnya, maka perlu dilakukan evaluasi lebih jauh",muncul siklus haid laku evaluasi,F5,4,4
189,6,"Sedangkan keluhan nyeri payudara yang Anda alami, kemungkinan merupakan repson dari sistem hormonal di masa menjelang haid atau selama haid",keluh nyeri payudara alami rupa repson sistem hormonal jelang haid haid,F4,5,5
189,7,Biasanya keluhan ini akan mereda setelah beberapa hari berlangsung dan jaringan payudara kembali lebih longgar dibandingkan masa menjelang haid atau selama masa haid,keluh reda langsung jaring payudara longgar banding jelang haid haid,F3,5,5
189,8,"Bila dalam satu siklus haid berikutnya Anda tidak menemui haid, maka perlu dipertimbangkan kemungkinan kehamilan, sehingga bila di siklus haid berikutnya saat Anda terlambat haid, Anda dapat melakukan pemeriksaan mandiri tes kehamilan yang dapat dilakukan di pagi hari saat bangun tidur",siklus haid temu haid timbang hamil siklus haid lambat haid laku periksa mandiri tes hamil laku pagi bangun tidur,F5,6,6
189,9,"Bilapun saat hari ke 12 siklus haid, Anda masih belum masuk masa subur dan Anda berhubungan dengan menggunakan kondom, maka kemungkinan kehamilan tetap perlu dipertimbangkan, sampai ada bukti bahwa terlambat haid dalam dua siklus haid bukan merupakan kehamilan",siklus haid masuk subur hubung kondom hamil timbang bukti lambat haid siklus haid rupa hamil,F3,6,6
189,10,"Dengan demikian, bila memang satu siklus haid berikutnya ternyata Anda belum haid dan hasil tes ternyata positif, maka keluhan nyeri payudara yang Anda rasakan dapat menjadi salah satu tanda kehamilan",siklus haid nyata haid hasil tes nyata positif keluh nyeri payudara salah tanda hamil,F3,7,7
189,11,Beberapa gejala dan tanda kehamilan yang dapat terjadi selain terlambat haid dan nyeri payudara adalah: Payudara tampak membesar,gejala tanda hamil lambat haid nyeri payudara payudara,F3,7,7
189,12,Sering kencing,kencing,F3,7,7
189,13,Sakit pinggang,sakit pinggang,F3,7,7
189,14,Hasil tes kehamilan positif,hasil tes hamil positif,F3,7,7
189,15,Dipastikan dengan hasil pemeriksaan dokter kandungan menyatakan adanya kantung janin dan janin yang sedang tumbuh dalam rahim,hasil periksa dokter kandung nyata kantung janin janin tumbuh rahim,F3,7,7
189,16,"Bila semua tanda atau gejala kehamilan tidak ditemui,maka langkah terbaik adalah melakukan evaluasi dalam satu siklus haid berikutnya",tanda gejala hamil ditemuimaka langkah laku evaluasi siklus haid,F3,7,7
189,17,"Selain karena gangguan keseimbangan hormonal kewanitaan dan kemungkinan kehamilan, beberapa kondisi lain juga dapat memicu keluhan terlambat haid, seperti: Penggunaan KB hormonal",ganggu imbang hormonal wanita hamil kondisi picu keluh lambat haid kb hormonal,F3,7,7
189,18,Stres atau kecemasan berlebih,stres cemas,F3,7,7
189,19,Kista ovarium,kista ovarium,F3,7,7
189,20,Gangguan stimulasi otak terhadap regulasi hormonal kewanitaan,ganggu stimulasi otak hadap regulasi hormonal wanita,F3,7,7
189,21,Gangguan tiroid,ganggu tiroid,F3,7,7
189,22,Kencing manis,kencing manis,F3,7,7
189,23,"Bila satu siklus haid berikutnya Anda tidak juga haid, maka sebaiknya Anda mempertimbangkan untuk melakukan konsultasi dan pemeriksaan langsung ke dokter kandungan Anda",siklus haid haid timbang laku konsultasi periksa langsung dokter kandung,F5,7,8
189,24,"Dokter akan melakukan wawancara berkaitan dengan keluhan ini, dan selanjutnya merencanakan pemeriksaan untuk memastikan penyebab keluhan ini",dokter laku wawancara kait keluh rencana periksa keluh,F5,8,8
189,25,Hasil pemeriksaan akan memastikan penyebabnya dan menentukan langkah penanganan yang akan diberikan,hasil periksa langkah tangan,F5,9,9
189,26,"Selama masa evaluasi, beberapa hal perlu Anda usahakan, seperti: Tidur yang cukup",evaluasi usaha tidur,F5,10,10
189,27,Idealkan berat badan,ideal berat badan,F5,10,10
189,28,Hindari stres,hindar stres,F5,10,10
189,29,Cukupi kebutuhan gizi sehat Anda,butuh gizi sehat,F5,10,10
189,30,Demikian informasi yang bisa kami sampaikan,informasi,F1,10,10
189,31,terima kasih,terima kasih,F1,11,11
190,0,Halo Resti,halo resti,F1,0,0
190,1,terima kasih atas pertanyaan Anda,terima kasih,F1,0,0
190,2,"Sekedar informasi untuk Anda, kebanyakan wanita memang memiliki rahim yang menekuk ke arah depan dimana dalam bahasa medis disebut sebagai antefleksi",dar informasi wanita milik rahim tekuk arah bahasa medis antefleksi,F3,1,1
190,3,"Namun, sekitar 30% wanita terlahir dengan posisi rahim yang terbalik, yakni menekuk arah belakang, atau yang dalam masa medis disebut dengan rahim Retrofleksi",wanita lahir posisi rahim tekuk arah medis rahim retrofleksi,F3,1,1
190,4,"Kondisi ini hanyalah merupakan variasi anatomis yang tidak mempengaruhi kesuburan seseorang, dan hal ini tidak dapat di obati",kondisi rupa variasi anatomis pengaruh subur orang obat,F4,1,1
190,5,"Selama seorang wanita mampu menghasilkan sel telur yang berkualitas disetiap siklus menstruasinya, maka kemungkinan untuk hamil akan tetap ada",orang wanita hasil sel telur kualitas siklus menstruasi hamil,F4,1,1
190,6,Klik artikel di bawah ini yang sesuai dengan pertanyaan Anda : RAHIM RETROFLEKSI,klik artikel sesuai rahim retrofleksi,F5,1,1
190,7,"Demikian penjelasan yang dapat kami sampaikan, semoga bermanfaat",moga manfaat,F1,1,1
190,8,"Salam, dr Jati",salam dr jati,F1,1,1
191,0,Halo!,halo,F1,0,0
191,1,Terima kasih telah menggunakan layanan konsultasi Alodokter,terima kasih layan konsultasi alodokter,F1,0,0
191,2,Kami mengerti kekhawatiran yang anda rasakan,erti khawatir,F1,0,0
191,3,"Nyeri buang air kecil pada pria dapat disebabkan oleh berbagai penyebab, diantaranya : Pembesaran prostat (benign hyperplasia prostat / BPH)",nyeri buang air pria prostat benign hyperplasia prostat bph,F3,1,1
191,4,Kanker prostat,kanker prostat,F3,1,1
191,5,Batu saluran kemih,batu salur kemih,F3,1,1
191,6,Infeksi saluran kemih,infeksi salur kemih,F3,1,1
191,7,Gangguan pada ginjal,ganggu ginjal,F3,1,1
191,8,Prostatitis,prostatitis,F3,1,1
191,9,"Untuk mengetahui lebih pasti terkait penyebabnya, diperlukan pemeriksaan lebih lanjut dengan wawancara medis terkait gejala, pemeriksaan fisik dan penunjang seperti tes darah, tes urin, tes darah, USG, rontgen, biopsi hingga CT scan",kait periksa wawancara medis kait gejala periksa fisik tunjang tes darah tes urin tes darah usg rontgen biopsi ct scan,F3,2,2
191,10,"Bila memang dari hasil pemeriksaan mengarahkan pada pembesaran prostat, maka beberapa gejala yang sering ditemui antara lain: Urin sulit dikeluarkan terutama saat di awal",hasil periksa arah prostat gejala temu urin sulit utama,F3,3,3
191,11,Pancaran urin lemah dan tersendat sendat,pancar urin lemah sendat sendat,F3,3,3
191,12,Tidak bisa tuntas melakukan BAK,tuntas laku bak,F3,4,3
191,13,Perlu mengejan agar urin dapat keluar,ejan urin,F3,4,3
191,14,Sering BAK dimalam Hari,bak malam,F3,4,3
191,15,Inkontinensia urin / sulit menahan BAK,inkontinensia urin sulit tahan bak,F3,4,3
191,16,Pembesaran prostat diterapi berdasarkan derajat keparahannya,prostat terapi dasar derajat parah,F3,5,4
191,17,"Bila masih ringan, umumnya pasien cukup mendapatkan obat - obatan dan perubahan gaya hidup",ringan pasien obat obat ubah gaya hidup,F3,5,4
191,18,Namun bila derajat keparahan sedang - berat maka penanganan dengan pembedahan lebih direkomendasikan,derajat parah berat tangan bedah rekomendasi,F3,5,4
191,19,Terapi obat obatan bisa didapatkan berdasarkan anjuran dari dokter,terapi obat obat dasar anjur dokter,F3,5,4
191,20,Obat obatan tersebut umumnya tidak menghilangkan gejala namun dapat membantu mengurangi ukuran prostat yang membesar,obat obat hilang gejala bantu ukur prostat,F3,5,4
191,21,"Terkait dengan keluhan nyeri ulu hati dan nyeri di perut bagian bawah, Hal tersebut dapat berhubungan dengan gejala sulit BAK yang dialami oleh ayah anda",kait keluh nyeri ulu hati nyeri perut hubung gejala sulit bak alami ayah,F3,6,5
191,22,"Batu saluran kemih, infeksi saluran kemih, infeksi pada prostat juga dapat menimbulkan keluhan nyeri di area tersebut",batu salur kemih infeksi salur kemih infeksi prostat timbul keluh nyeri area,F3,6,5
191,23,"Namun beberapa penyakit yang dapat menimbulkan nyeri ulu hati juga dapat disebabkan oleh gangguan pada lambung seperti gastritis / maag, GERD / penyakit asam lambung, dispepsia, tukak lambung",sakit timbul nyeri ulu hati ganggu lambung gastritis maag gerd sakit asam lambung dispepsia tukak lambung,F3,7,6
191,24,"Kondisi tersebut dapat dipengaruhi akibat konsumsi makanan yang kurang baik, konsumsi obat pereda nyeri, stres, rokok",kondisi pengaruh akibat konsumsi makan konsumsi obat reda nyeri stres rokok,F3,8,7
191,25,"Untuk mengetahui lebih pasti terkait keluhan pada ayah anda, kami sarankan untuk melakukan pemeriksaan lebih lanjut ke dokter terdekat agar dilakukan evaluasi secara menyeluruh",kait keluh ayah saran laku periksa dokter laku evaluasi,F5,8,8
191,26,"Jangan khawatir, lakukanlah perubahan gaya hidup lebih sehat, tidak menunda untuk BAK, konsumsi makanan yang sehat dan bergizi, perbanyaklah konsumsi cairan, tidak Mengonsumsi obat pilek yang mengandung dekongestan maupun antihistamine yang dapat memperberat gejala",khawatir laku ubah gaya hidup sehat tunda bak konsumsi makan sehat gizi konsumsi cair konsumsi obat pilek kandung dekongestan antihistamine berat gejala,F5,8,9
191,27,"Demikian informasi yang dapat kami sampaikan, semoga membantu",informasi moga bantu,F1,9,9
192,0,"Halo Endah, terima kasih telah bertanya ke Alodokter",halo endah terima kasih alodokter,F1,0,0
192,1,"Batuk yang lama sembuhnya hingga menyebabkan kesulitan berbicara kemungkinan penyebabnya ada banyak, contohnya: Alergi (hipersensitifitas berlebihan saluran napas terhadap substansi yang dianggap berbahaya padahal sesungguhnya tidak)",batuk sembuh sulit bicara contoh alergi hipersensitifitas salur napas hadap substansi anggap bahaya sungguh,F3,1,1
192,2,"Tuberkulosis paru (infeksi paru oleh Mycobacterium tuberculosis, flek)",tuberkulosis paru infeksi paru mycobacterium tuberculosis flek,F3,1,1
192,3,"Bronkhitis kronis (radang pada saluran napas yang menuju paru, sering berkaitan dengan kebiasaan merokok)",bronkhitis kronis radang salur napas tuju paru kait rokok,F3,1,1
192,4,Asma (penyempitan jalan napas bagian bawah dan peningkatan produksi lendirnya karena radang),asma sempit jalan napas tingkat produksi lendir radang,F3,1,1
192,5,"Lain - lain, contohnya gagal jantung kongestif, pneumonia, ISPA (infeksi saluran pernafasan akut), lainnya, refluks asam lambung ke tenggorokan, kanker paru, efek samping obat, dan sebagainya",contoh gagal jantung kongestif pneumonia ispa infeksi salur nafas akut refluks asam lambung tenggorok kanker paru efek samping obat,F3,1,1
192,6,Batuk yang lama seperti ini sebaiknya tidak Anda anggap remeh,batuk anggap remeh,F4,1,1
192,7,"Terlebih, jika terjadinya disertai demam, sesak napas, nyeri dada, berat badan yang turun drastis, dahak berdarah, bengkak kelenjar getah bening di leher atau ketiak, dan sebagainya",demam sesak napas nyeri dada berat badan turun drastis dahak darah bengkak kelenjar getah bening leher ketiak,F5,1,1
192,8,Periksakan langsung diri Anda ke dokter atau dokter spesialis penyakit dalam agar kondisi Anda bisa dievaluasi lebih lanjut penyebabnya,periksa langsung dokter dokter spesialis sakit kondisi evaluasi,F5,2,2
192,9,"Pemeriksaan lanjutan, seperti rontgen, tes dahak, laboratorium, atau tes penunjang lain bisa juga dokter rekomendasikan apabila perlu",periksa rontgen tes dahak laboratorium tes tunjang dokter rekomendasi,F5,2,2
192,10,"Untuk saat ini, yang sebaiknya Anda lakukan: Kenali hal - hal yang kerap memperburuk batuk Anda, lalu hindari hal tersebut",laku kenal kerap buruk batuk hindar,F5,3,3
192,11,"Jangan berlebihan makan atau minum yang dingin, berpemanis buatan, berampas, dan berminyak",makan minum dingin berpemanis ampas minyak,F5,3,3
192,12,Perbanyak minum air hangat,minum air hangat,F5,3,3
192,13,Makan juga variasi buah kaya vitamin C,makan variasi buah kaya vitamin c,F5,3,3
192,14,Jangan merokok,rokok,F5,3,3
192,15,Jangan gunakan AC atau kipas angin terlalu dingin,ac kipas angin dingin,F5,3,3
192,16,"Saat udara sedang kering, gunakan air humidifier",udara kering air humidifier,F5,3,3
192,17,Jaga kebersihan lingkungan tempat Anda tinggal,jaga bersih lingkung tinggal,F5,4,4
192,18,Jaga daya tahan tubuh dengan rutin berolahraga dan jalani pola hidup sehat,jaga daya tahan tubuh rutin olahraga jalan pola hidup sehat,F5,4,4
192,19,"Jangan sembarangan minum obat, termasuk obat batuk, tanpa saran dokter",sembarang minum obat masuk obat batuk saran dokter,F5,5,5
192,20,Semoga membantu ya,moga bantu ya,F1,5,5
193,0,Hai,hai,F1,0,0
193,1,Clopidogrel merupakan salah satu obat yang dipakai untuk mencegah terjadinya penggumpalan darah,clopidogrel rupa salah obat pakai cegah gumpal darah,F3,0,0
193,2,"Meskipun sering disebut \pengencer darah\, mekanisme kerja obat sebetulnya tidak betul - betul mengencerkan darah, tetapi mencegah terjadinya perkumpulan keping darah (trombosit) yang berperan dalam penghentian perdarahan",encer darah mekanisme kerja obat encer darah cegah kumpul keping darah trombosit peran henti darah,F3,0,0
193,3,"Obat ini bekerja pada masing - masing trombosit / keping darah dan begitu terikat pada trombosit, obat ini tidak bisa lepas lagi",obat kerja trombosit keping darah ikat trombosit obat lepas,F3,0,0
193,4,Usia trombosit dalam pembuluh darah adalah sekitar 1 minggu,usia trombosit buluh darah minggu,F3,0,0
193,5,"Karena itu, menjelang suatu operasi besar, obat clopidogrel / aspirin (juga memiliki mekanisme kerja serupa) akan dianjurkan dihentikan 5 - 7 hari sebelum operasi",jelang operasi obat clopidogrel aspirin milik mekanisme kerja rupa anjur henti operasi,F3,0,0
193,6,"Dengan demikian, trombosit yang sudah terikat\ dengan clopidogrel / aspirin dapat diharapkan sudah hilang dari pembuluh darah dan penggumpalan darah yang penting dalam pencegahan perdarahan luka operasi diharapkan sudah bisa berlangsung",trombosit ikat clopidogrel aspirin harap hilang buluh darah gumpal darah cegah darah luka operasi harap langsung,F3,0,0
193,7,Perdarahan pada gigi / gusi bisa jadi merupakan efek samping dari obat clopidogrel; perdarahan demikian bersifat minor,darah gigi gusi rupa efek samping obat clopidogrel darah sifat minor,F6,0,0
193,8,Dan obat sebaiknya jangan dihentikan atas inisiatif sendiri melainkan perlu dikonfirmasi terlebih dahulu ke Dokter Spesialis yang meresepkan obat,obat henti inisiatif konfirmasi dokter spesialis resep obat,F4,1,1
193,9,"Karena penghentian obat perlu mempertimbangkan juga risiko terjadinya penggumpalan darah di pembuluh darah jantung yang tentu lebih berbahaya daripada perdarahan di gusi (namun ketidaknyamanan pasien juga sepatutnya diperhatikan, karena itu sebaiknya dosis obat / jenis obat disesuaikan kembali ke Dokter Spesialis yang meresepkan)",henti obat timbang risiko gumpal darah buluh darah jantung bahaya darah gusi ketidaknyamanan pasien patut perhati dosis obat jenis obat sesuai dokter spesialis resep,F3,1,1
193,10,"Sementara waktu, menjaga kebersihan rongga mulut diketahui dapat mengurangi insidensi perdarahan gusi / gigi meskipun tidak selalu bisa menghentikan / mencegahnya",jaga bersih rongga mulut insidensi darah gusi gigi henti cegah,F5,2,2
193,11,"Perdarahan gusi juga belum tentu murni disebabkan oleh clopidogrel, misalnya ternyata adalah akibat dari infeksi gusi / gigi berlubang - - dalam hal ini, diperlukan pemeriksaan oleh Dokter Gigi untuk memastikannya",darah gusi murni clopidogrel nyata akibat infeksi gusi gigi lubang periksa dokter gigi,F5,2,2
193,12,"Sekian, semoga bermanfaat",sekian moga manfaat,F1,2,2
193,13,dr Radius Kusuma,dr radius kusuma,F1,3,3
194,0,"Halo Bunda Rizkisusan, Terima kasih telah bertanya di Alodokter :')",halo bunda rizkisusan terima kasih alodokter,F1,0,0
194,1,"Berdasarkan panduan WHO dan IDAI (Ikatan Dokter Anak Indonesia), pemberian MPASI (Makanan Pendamping ASI) diberikan pada saat anak berusia 6 bulan",dasar pandu who ida ikat dokter anak indonesia mpasi makan damping asi anak usia,F3,1,1
194,2,Hal ini disebabkan karena anak usia 6 bulan dinilai sudah memiliki saluran pencernaan yang lebih kuat untuk dapat menerima makanan,anak usia nilai milik salur cerna kuat terima makan,F3,1,1
194,3,"Namun kendati demikian terdapat beberapa kondisi yang memperboleh seorang anak mendapat MPASI dibawah usia 6 bulan yaitu jika anak dinilai tidak memiliki berat badan yang ideal, atau anak sulit mengalami peningkatan berat badan",kendati kondisi orang anak mpasi usia anak nilai milik berat badan ideal anak sulit alam tingkat berat badan,F3,1,1
194,4,Pemberian awal MPASI dapat dimulai dengan pemberian menu tunggal selama 1 - 2 minggu,mpasi menu tunggal minggu,F4,2,2
194,5,"Dalam satu hari anak sudah dapat mulai diajarkan untuk makan 2 - 3 kali sehari dengan menu yang berbeda - beda, dengan komposisi makanan yang mengandung karbohidrat - protein - sayuran serta buah - buahan sebagai makanan selingan antara 2 waktu makan berat",anak ajar makan kali menu beda beda komposisi makan kandung karbohidrat protein sayur buah buah makan seling makan berat,F4,2,2
194,6,Sebagi contoh : Hari I : pagi : Beras putih / kentang / ubi / kabocha / butternut pumpkin / beras merah / dan karbohidrat lainnya selingan I : air perasan jeruk manis / buah - buahan lain siang : Tofu / tempe / edamame / protein simple selingan II : pisang / buah - buahan lain sore : buncis / wortel / sayuran lainnya,contoh i pagi beras putih kentang ubi kabocha butternut pumpkin beras merah karbohidrat seling i air peras jeruk manis buah buah siang tofu tempe edamame protein simple seling ii pisang buah buah sore buncis wortel sayur,F3,2,2
194,7,Untuk minggu pertama usahakan berikan makanan yang mengandung protein simple,minggu usaha ikan makan kandung protein simple,F3,3,3
194,8,Kemudian diminggu kedua anda sudah dapat mulai memberikan protein kompleks seperti protein hewani Untuk minggu ke 2 atau ke 3 dan selanjutnya anda sudah dapat memberikan makanan yang mengandung lemak dengan menu bintang 2 atau bintang 3 hingga bintang 4 dan bintang 5,minggu protein kompleks protein hewani minggu makan kandung lemak menu bintang bintang bintang bintang,F3,3,3
194,9,Yang dimaksud dengan menu bintang adalah menu campuran antara makanan dengan komponen gizi yang berbeda,maksud menu bintang menu campur makan komponen gizi beda,F3,3,3
194,10,Sebagai contoh seperti : (beras putih + wortel + ayam),contoh beras putih wortel ayam,F3,3,3
194,11,Tidak ada patokan waktu yang menjadi ketetapan pasti jadwal pemberian makan anak,patok jadwal makan anak,F4,4,4
194,12,"Yang terpenting saat disuapi, anak harus dalam kondisi yang senang dan nyaman",suap anak kondisi senang nyaman,F4,4,4
194,13,"Hindari pemberian makan disaat anak mengantuk, berikan makanan disaat anak merasa segar dan nyaman",hindar makan anak antuk ikan makan anak segar nyaman,F3,4,4
194,14,"Biasakan anak makan dimeja atau dikursi makannya agar anak fokus saat makan, dan dapat menikmati waktu makannya",anak makan meja kursi makan anak fokus makan nikmat makan,F3,4,4
194,15,Hindari pemberian makan bersamaan dengan menonton tv atau sambil digendong dan berjalan - jalan main keluar rumah,hindar makan tonton tv gendong jalan jalan main rumah,F3,4,4
194,16,"Jika belum bisa duduk, anak tetap dapat didudukkan di kursi makannya mungkin dapat dibantu dengan menggunakan bantal atau alas yang lembut agar anak merasa lebih nyaman saat makan",duduk anak duduk kursi makan bantu bantal alas lembut anak nyaman makan,F4,4,4
194,17,"Pada saat pemberian makan, bayi memang sebaiknya diberikan air putih sebagai pelarut makanan agar mudah dikonsumsi",makan bayi air putih larut makan mudah konsumsi,F3,4,4
194,18,Namun sebenarnya pemberian air putih tidak disarankan tidak juga dilarang,air putih saran larang,F3,5,5
194,19,"Pada dasarnya, jangan sampai air putih tersebut menggantikan ASI karena air putih tidak memiliki nilai kalori",dasar air putih ganti asi air putih milik nilai kalori,F4,5,5
194,20,"Jadi tidak ada jumlah khusus tertentu berapa banyak anak harus minum air putih dalam sehari, yang terpenting konsumsi air tidak boleh melebihi 120cc dalam sehari",khusus anak minum air putih konsumsi air cc,F4,5,5
194,21,Semoga informasi ini bermanfaat :'),moga informasi manfaat,F4,5,5
194,22,"Jika anda merasakan ada hal yang ingin ditanyakan lebih jauh dan lebih jelas lagi mengenai pemberian MPASI anak, sebaiknya diskusikan permasalahan ini dengan dokter spesialis anak",kena mpasi anak diskusi dokter spesialis anak,F5,6,6
194,23,dr Lia N Amalina,dr lia n amalina,F1,6,6
195,0,Halo,halo,F1,0,0
195,1,Batuk berdarah merupakan sebuah kondisi yang wajib untuk diperiksakan lebih lanjut,batuk darah rupa buah kondisi wajib periksa,F5,0,0
195,2,Maka itu sebaiknya Anda tetap memeriksakan diri ke dokter walaupun Anda telah mengkonsultasikan masalah ini,periksa dokter mengkonsultasikan,F5,0,0
195,3,Batuk berdarah bisa disebabkan oleh karena kondisi seperti : Infeksi paru = TBC,batuk darah kondisi infeksi paru tbc,F3,0,0
195,4,Varises esofagus,varises esofagus,F3,0,0
195,5,Paska mimisan,paska mimisan,F3,0,0
195,6,Iritasi pada saluran nafas,iritasi salur nafas,F3,0,0
195,7,Trauma yang menyebabkan pembuluh darah di esophagus pecah,trauma buluh darah esophagus pecah,F3,0,0
195,8,kanker paru,kanker paru,F3,0,0
195,9,Adanya batuk dan kemudian disertai adanya darah pada dahak sebaiknya segera diperiksakan ke dokter,batuk darah dahak periksa dokter,F5,0,0
195,10,"Tes fisik dan medis seperti rontgen paru, CT SCAN, tes darah, dna tes, dahak, sebaiknya dilakukan untuk mengetahui penyebab adanya darah pada dahak Anda",tes fisik medis rontgen paru ct scan tes darah dna tes dahak laku darah dahak,F3,1,1
195,11,Dengan mengetahui penyebabnya maka dokter bisa menentukan pengobatan yang sesuai dengan baik dna terarah,dokter obat sesuai dna arah,F3,1,1
195,12,"Saat ini sangat disarankan untuk Anda agar memperbanyak minum air putih, hindari makanan atau minuman yang terlalu panas, gunakan masker jika bepergian, makan nutrisi seimbang dan segera lakukan pemeriksaan ke dokter",saran minum air putih hindar makan minum panas masker pergi makan nutrisi imbang laku periksa dokter,F5,2,2
195,13,Semoga bermanfaat,moga manfaat,F1,2,2
195,14,dr Yusi,dr yusi,F1,3,3
196,0,Hai Ibu Rose Hany,hai rose hany,F1,0,0
196,1,Terimaksih untuk pertanyaan yang diberikan,terimaksih,F1,1,1
196,2,Kontrasepsi ada berbagai macamnya,kontrasepsi,F3,1,1
196,3,"Dapat berupa kontrasepsi alami, hormonal, ataupun metode mantap",rupa kontrasepsi alami hormonal metode mantap,F3,1,1
196,4,"Kontrasepsi alami seperti yang anda gunakan memiliki keuntungan yaitu mudah dan tidak membutuhkan alat serta tidak mengganggu ketika berhubungan, tetapi memiliki kelemahan yaitu perlu perhitungan masa subur yang tepat dan cermat",kontrasepsi alami milik untung mudah butuh alat ganggu hubung milik lemah hitung subur cermat,F3,1,1
196,5,Untuk itu perlu pemilihan alat kontrasepsi yang tepat bila masih ingin menunda atau memberi jarak untuk anak berikutnya,pilih alat kontrasepsi tunda jarak anak,F3,1,1
196,6,Untuk mengetahi masa subur yang tepat perlu diketahui bahwa siklus haid yang normal adalah 21 - 35 hari,mengetahi subur siklus haid normal,F3,2,2
196,7,"Ovulasi merupakan saat dimana sel telur dilepaskan dan siap dibuahi, kira - kira 12 - 14 hari sebelum hari pertama haid",ovulasi rupa sel telur lepas buah haid,F3,2,2
196,8,"Masa subur ada disekitar waktu ovulasi, kurang lebih 5 hari sebelum ovulasi",subur ovulasi ovulasi,F3,2,2
196,9,Sehingga wanita mengalami masa subur antara hari ke 10 hingga hari ke 17 setelah hari pertama haid sebelumnya,wanita alam subur haid,F3,2,2
196,10,"Namun, jika siklus haid berubah - ubah maka masa subur ini pun dapat maju ataupun mundur",siklus haid ubah ubah subur maju mundur,F3,3,3
196,11,Baca : menghitung masa subur Jika anda siklusnya 30 - 32 hari maka dapat dihitung : - waktu terpendek: 30 - 18= 12 - waktu terpanjang : 32 - 11=21 Sehingga waktu subur anda antara hari ke 12 hingga hari ke 21 setelah HPHT,baca hitung subur siklus hitung pendek subur hpht,F3,3,3
196,12,"Bisa juga dalam tes kehamilan pertama sudah terjadi kehamilan, tetapi karena kadar Hormon Chrorionic Gonadotropin (HCG) masih sangat rendah maka hasilnya masih negatif",tes hamil hamil kadar hormon chrorionic gonadotropin hcg rendah hasil negatif,F3,4,4
196,13,"Untuk mengetahui lebih pasti tentang keadaan anda maka periksakan diri anda ke dokter, dan kontrol kehamilan anda secara rutin ke dokter kandungan",periksa dokter kontrol hamil rutin dokter kandung,F5,4,4
196,14,Semoga bermanfaat dr Iriyanti,moga manfaat dr iriyanti,F1,4,4
197,0,"Salam, Terima kasih sudah bertanya di Alodokter",salam terima kasih alodokter,F1,0,0
197,1,"Pada usia 9 bulan, tumbuh kembang antara bayi yang satu dengan lain tidaklah selalu sama",usia tumbuh kembang bayi,F3,1,1
197,2,"Namun, secara umum, bayi berusia 9 bulan mempunyai kemampuan yang jauh berkembang, baik kemampuan motorik, sosial, atau kemampuan berbicara",bayi usia kembang motorik sosial bicara,F3,1,1
197,3,"Beberapa hal yang dapat diketahui berkaitan dengan tumbuh kembang bayi berusia 9 bulan (dihitung dari persalinan dari usia kehamilan normal) adalah: 1 berat bayi dapat berkisar 6,6 - 10,4kg",kait tumbuh kembang bayi usia hitung salin usia hamil normal berat bayi kisar kg,F3,1,1
197,4,2 belajar berdiri dengan berpegangan,ajar pegang,F3,1,2
197,5,3 menunjuk benda dengan jari,benda jari,F3,2,2
197,6,4 merangkak dengan baik,rangkak,F3,2,3
197,7,5 beralih posisi dengan cepat,alih posisi cepat,F3,2,3
197,8,6 menunjuk sumber suara,sumber suara,F3,2,3
197,9,7 pengucapan kata - kata sederhana,sederhana,F3,2,4
197,10,"8 sosialisasi dengan lingkungan sekitar memberikan respon yang baik, walaupun memerlukan kedekatan dengan orang tua",sosialisasi lingkung respon orang tua,F3,3,4
197,11,9 Daya ingat yang berkembang baik,daya kembang,F3,3,4
197,12,"Dengan demikian, memberikan stimulasi yang positif dan tidak memberikan tuntutan yang lebih terhadap bayi merupakan kondisi yang perlu diperhatikan oleh orang tua, sehingga mengurangi kecemasan dan kekhawatiran berlebih bagi orang tua sendiri",stimulasi positif tuntut hadap bayi rupa kondisi perhati orang tua cemas khawatir orang tua,F3,3,4
197,13,"Ikuti perkembangannya, dan hindari membandingkan secara berlebih kondisi bayi yang satu dengan yang lain merupakan langkah bijak terhadap perbedaan tumbuh kembang bayi yang masih dalam batas wajar",kembang hindar banding kondisi bayi rupa langkah bijak hadap beda tumbuh kembang bayi batas wajar,F3,4,5
197,14,"Berkaitan dengan pertanyaan Anda, merangkak merupakan suatu fase dalam tumbuh kembang bayi yang memberikan informasi bahwa kondisi otot kaki, pantat, dan tulang belakang bayi Anda sudah lebih kuat untuk fase selanjutnya",kait rangkak rupa fase tumbuh kembang bayi informasi kondisi otot kaki pantat tulang bayi kuat fase,F4,5,5
197,15,"Namun, tidak berarti setiap bayi harus melalui fase merangkak untuk dikatakan normal",arti bayi fase rangkak normal,F3,5,5
197,16,"Pada beberapa kondisi yang wajarpun, ditemui bahwa bayi sering melalui fase merangkaknya dengan aktifitas merayap untuk mengeksplorasi lingkungannya",kondisi wajar temu bayi fase rangkak aktifitas rayap eksplorasi lingkung,F3,5,5
197,17,"Secara umum, bayi ini dapat melakukan posisi seperti merangkak, namun untuk bergerak, bayi ini melakukannya dengan merayap ke depan atau ke belakang",bayi laku posisi rangkak gerak bayi laku rayap,F3,5,5
197,18,"Aktivitas merayappun secara umum merupakan bentuk penguatan otot kaki, pantat, dan tulang belakang, sehingga akan mendukung kemampuan fase selanjutnya yaitu berdiri",aktivitas rayap rupa bentuk kuat otot kaki pantat tulang dukung fase,F3,5,5
197,19,"Oleh karena itu, merupakan hal yang wajar pada saat bayi tidak merangkak, namun merayap dan kemudian berdiri",rupa wajar bayi rangkak rayap,F3,5,5
197,20,"Sehingga Anda tetap memberikan stimulasi untuk bayi Anda dengan positif, baik dengan sumber suara yang berada di sisi atas bayi atau jarak tertentu dari bayi atau dengan mainan yang menarik penglihatannya",stimulasi bayi positif sumber suara sisi bayi jarak bayi main tarik lihat,F3,6,6
197,21,"Namun, bila setelah usia 9 bulan, bayi Anda belum bisa duduk, atau setelah lebih dari 1 tahun bayi Anda belum belajar berjalan baik secara langsung atau dengan berpegangan, maka sebaiknya Anda berkonsultasi langsung dengan dokter ahli tumbuh kembang anak",usia bayi duduk bayi ajar jalan langsung pegang konsultasi langsung dokter ahli tumbuh kembang anak,F5,7,7
197,22,Dokter akan melakukan evaluasi dan pemeriksaan langsung pada bayi Anda untuk mengetahui ada tidaknya kelainan tumbuh kembang pada bayi Anda,dokter laku evaluasi periksa langsung bayi tumbuh kembang bayi,F5,7,7
197,23,Demikian informasi yang bisa kami sampaikan,informasi,F1,7,7
198,0,Selamat malam,selamat malam,F1,0,0
198,1,Usia 2 bulan adalah normal BAB berwarna kuning,usia normal bab warna kuning,F4,1,1
198,2,Kemungkinan yang dapat terjadi pada anak Anda adalah : Kolik,anak kolik,F3,1,1
198,3,Diare akibat infeksi,diare akibat infeksi,F3,2,2
198,4,"Pada kolik adalah keadaan dimana terdapat terlalu banyak udara di dalam saluran pencernaan bayi, hal ini dapat diakibatkan karena bayi belum dapat mengeluarkan udara melalui cara sendawa dengan baik",kolik udara salur cerna bayi akibat bayi udara sendawa,F3,2,2
198,5,Selain itu penggunaan dot dapat meningkatkan kejadian kolik,dot tingkat kolik,F3,3,3
198,6,"Waspadai beberapa gejala yang dapat terjadi, jika hal tersebut terjadi, sebaiknya langsung berkonsultasi dengan dokter segera : Muntah berwarna hijau",waspada gejala langsung konsultasi dokter muntah warna hijau,F3,3,3
198,7,Ubun - ubun cekung,ubun ubun cekung,F3,3,3
198,8,Diare berlendir disertai darah,diare lendir darah,F3,3,3
198,9,Tidak dapat meminum susu,minum susu,F3,4,3
198,10,Demam tinggi,demam,F3,4,3
198,11,Saran Saya agar Anda dapat berkonsultasi terlebih dahulu dengan dokter anak sehingga dapat dipastikan apa yang terjadi pada anak Anda,saran konsultasi dokter anak anak,F5,4,4
198,12,Lakukan pijatan relaksasi agar perut anak Anda terasa lebih enak,laku pijat relaksasi perut anak enak,F5,4,4
198,13,Gunakan produk minyak penghangat seperti minyak telon,produk minyak hangat minyak ton,F5,5,5
198,14,Sendawakan anak Anda setelah meminum susu,sendawa anak minum susu,F5,5,5
198,15,"Sekian informasi dari saya, semoga bermanfaat dr Anthony",sekian informasi moga manfaat dr anthony,F1,6,6
199,0,Halo!,halo,F1,0,0
199,1,Terima kasih atas pertanyaannya di Alodokter,terima kasih alodokter,F1,0,0
199,2,Tuberkulosis merupakan penyakit akibat infeksi Mycobacterium tuberculosis,tuberkulosis rupa sakit akibat infeksi mycobacterium tuberculosis,F3,1,1
199,3,"Penyakit tuberukulosis umumnya masuk ke tubuh manusia melalui saluran pernafasan dan menyerang paru - paru, meskipun infeksi tuberkulosis dapat terjadi di berbagai organ dalam tubuh manusia seperti saluran pencernaan, kelenjar getah bening, sumsum tulang belakang ataupun otak",sakit tuberukulosis masuk tubuh manusia salur nafas serang paru paru infeksi tuberkulosis organ tubuh manusia salur cerna kelenjar getah bening sumsum tulang otak,F3,1,1
199,4,"Pada infeksi tuberkulosis paru - paru dapat menyebabkan gejala klasik berupa batuk yang menetap dalam jangka waktu lama, disertai dengan penurunan berat badan, berkeringat pada malam hari, dapat disertai dengan batuk berdahak atau batuk berdarah",infeksi tuberkulosis paru paru gejala klasik rupa batuk jangka turun berat badan keringat malam batuk dahak batuk darah,F3,1,1
199,5,"Dalam penegakkan diagnosis tuberkulosis perlu dilakukan anamnesis terkait keluhan yang Anda alami, dilakukan pemeriksaan fisik terhadap kondisi Anda, serta pemeriksaan penunjang seperti pemeriksaan darah, pemeriksaan dahak dan pemeriksaan pencitraan berupa rontgen bagian dada",tegak diagnosis tuberkulosis laku anamnesis kait keluh alami laku periksa fisik hadap kondisi periksa tunjang periksa darah periksa dahak periksa citra rupa rontgen dada,F4,1,1
199,6,"Setelah diagnosis tegak, akan diberikan pengobatan dengan beberapa jenis obat yang bertujuan untuk mengatasi infeksi bakteri",diagnosis tegak obat jenis obat tuju infeksi bakteri,F4,2,2
199,7,Beberapa reaksi terhadap pengobatan dapat terjadi seperti reaksi alergi terhadap beberapa pengobatan tuberkulosis,reaksi hadap obat reaksi alergi hadap obat tuberkulosis,F4,2,2
199,8,Disarankan untuk melakukan konsultasi pada dokter paru terkait pengobatan tuberkulosis kelenjar untuk dilakukan pemeriksaan dan penatalaksanaan lebih lanjut,saran laku konsultasi dokter paru kait obat tuberkulosis kelenjar laku periksa penatalaksanaan,F5,2,2
199,9,Dapat dipertimbangkan mengganti jenis pengobatan tuberkulosis yang diberikan jika terjadi reaksi alergi terhadap jenis pengobatan tertentu,timbang ganti jenis obat tuberkulosis reaksi alergi hadap jenis obat,F5,2,2
199,10,Perlu juga dilakukan follow up secara berkala untuk melihat respon pengobatan,laku follow up lihat respon obat,F5,3,3
199,11,"Bila keluhan memberat atau jumlah benjolan bertambah, segera lakukan konsultasi pada dokter kembali",keluh berat benjol laku konsultasi dokter,F5,3,3
199,12,"Hindari menghentikan atau mengganti regimen pengobatan sendiri tanpa instruksi dokter, mengonsumsi obat secara teratur, melakukan follow up secara rutin sesuai dengan jadwal, menjaga pola makan dan aktivitas yang baik dan teratur, istirahat yang cukup",hindar henti ganti regimen obat instruksi dokter konsumsi obat atur laku follow up rutin sesuai jadwal jaga pola makan aktivitas atur istirahat,F5,3,3
199,13,"Semoga informasi ini dapat membantu Anda, Salam",moga informasi bantu salam,F1,3,3
200,0,"Halo Tiara, terima kasih ya atas pertanyaanya di Alodokter",halo tiara terima kasih ya pertanyaanya alodokter,F1,0,0
200,1,Keluhan yang anda alami tersebut dapat disebabkan oleh beberapa kondisi seperti : Kekakuan otot pasca berhubungan,keluh alami kondisi kaku otot pasca hubung,F4,1,1
200,2,Orgasme,orgasme,F4,2,2
200,3,"Gangguan saluran cerna (misalnya konstipasi , irritable bowel syndrome )",ganggu salur cerna konstipasi irritable bowel syndrome,F4,2,2
200,4,Infeksi saluran kemih,infeksi salur kemih,F4,2,2
200,5,Penetrasi penis yang terlalu dalam,penetrasi penis,F4,2,2
200,6,Ovulasi,ovulasi,F4,2,2
200,7,Kista ovarium,kista ovarium,F4,2,2
200,8,Endometriosis,endometriosis,F4,2,2
200,9,Penyakit menular seksual,sakit tular seksual,F4,3,3
200,10,Trauma secara emosi,trauma emosi,F4,3,3
200,11,"Dikarenakan cukup banyak penyebab yang dapat menimbulkan keluhan tersebut, diantaranya merupakan kondisi yang wajar terjadi dan beberapa merupakan kondisi yang tidak wajar, maka apabila keluhan tersebut tetap ada setelah beberapa hari, atau semakin lama semakin berat dan tidak ada perbaikan dengan istirahat serta obat - obatan pereda nyeri seperti misalnya paracetamol atau ibuprofen, atau disertai dengan timbulnya keluhan lain seperti demam, perdarahan tidak normal dari vagina, atau keputihan segera periksakan kondisi anda kepada dokter untuk dilakukan evaluasi lebih lanjut",timbul keluh rupa kondisi wajar rupa kondisi wajar keluh berat istirahat obat obat reda nyeri paracetamol ibuprofen timbul keluh demam darah normal vagina putih periksa kondisi dokter laku evaluasi,F3,4,4
200,12,"Untuk saat ini, istirahatlah dan bila dirasa perlu, dapat dibantu dengan mengonsumsi obat pereda nyeri sesuai dosis pada kemasan",istirahat bantu konsumsi obat reda nyeri sesuai dosis kemas,F5,4,4
200,13,Hindari melakukan hubungan seksual dengan posisi - posisi yang 'sulit' untuk mencegah terjadinya kekakuan setelah hubungan,hindar laku hubung seksual posisi posisi sulit cegah kaku hubung,F5,5,5
200,14,"Konsumsilah makanan yang bergizi dalam jumlah yang cukup, serta hindari stres",konsumsi makan gizi hindar stres,F5,6,6
200,15,Semoga membantu,moga bantu,F1,6,6
201,0,"Hai Wawan, terima kasih telah bertanya ke Alodokter",hai wawan terima kasih alodokter,F1,0,0
201,1,"Daya tahan tubuh bayi yang relatif masih lemah memang memudahkannya tertular infeksi dari anak atau orang dewasa lain yang berada di dekatnya, tidak terkecuali infeksi saluran pernafasan yang ditandai dengan batuk dan tenggorokan berdahak",daya tahan tubuh bayi relatif lemah mudah tular infeksi anak orang dewasa kecuali infeksi salur nafas tanda batuk tenggorok dahak,F3,1,1
201,2,Kebanyakan infeksi saluran pernafasan disebabkan oleh virus,infeksi salur nafas virus,F3,2,2
201,3,"Meski begitu, tidak jarang juga infeksi ini muncul akibat bakteri atau mikroorganisme lainnya",jarang infeksi muncul akibat bakteri mikroorganisme,F3,2,2
201,4,"Saat terjadi infeksi, sel - sel goblet pada dinding saluran pernafasan akan memproduksi lendir lebih banyak, sehingga membuat tenggorokan berdahak, muncul suara napas tambahan (contohnya grok - grok seperti mengorok), batuk - batuk , pilek, hingga muntah",infeksi sel sel goblet dinding salur nafas produksi lendir tenggorok dahak muncul suara napas contoh grok grok orok batuk batuk pilek muntah,F3,2,2
201,5,Hal ini sering membuat bayi merasa tidak nyaman sehingga menjadi lebih rewel dan sulit tidur,bayi nyaman rewel sulit tidur,F3,3,3
201,6,"Bisa juga, keluhan yang muncul akibat infeksi akan membuat bayi demam",keluh muncul akibat infeksi bayi demam,F3,3,4
201,7,"Namun, tidak hanya infeksi, bisa juga batuk dan penumpukan lendir di tenggorokan bayi Anda terjadi akibat alergi",infeksi batuk tumpuk lendir tenggorok bayi akibat alergi,F3,3,4
201,8,Alergi ini tidaklah menular,alergi tular,F3,3,4
201,9,"Namun memang, seseorang yang memiliki anggota keluarga penderita alergi akan lebih berisiko juga mengalami alergi",orang milik anggota keluarga derita alergi risiko alam alergi,F3,4,5
201,10,"Alergen yang mencetuskan gejala alergi ini juga bisa terdapat pada lingkungan yang sama, sehingga menyebabkan beberapa penderita mengalami keluhan serupa di waktu yang berdekatan atau bersamaan",alergen cetus gejala alergi lingkung derita alam keluh rupa,F3,5,5
201,11,"Bisa juga, bayi Anda mengalami batuk dikarenakan iritasi saluran pernafasannya (contohnya karena asap atau polusi), aspirasi (tersedak), refluks asam lambung, atau beragam penyakit lainnya",bayi alam batuk iritasi salur nafas contoh asap polusi aspirasi sedak refluks asam lambung agam sakit,F4,5,5
201,12,Coba Anda periksakan langsung bayi Anda ke dokter atau dokter spesialis anak,coba periksa langsung bayi dokter dokter spesialis anak,F5,6,6
201,13,"Melalui pemeriksaan secara langsung, dokter umumnya bisa memberikan tatalaksana yang tepat supaya keluhannya berkurang",periksa langsung dokter tatalaksana keluh,F5,6,6
201,14,"Jika batuk sudah muncul lebih dari 1 minggu, atau menyebabkan bayi mengalami demam, sesak napas, muntah, dan keluhan berat lainnya, bisa juga dokter menganjurkan bayi Anda menjalani tes darah, rontgen, dan tes penunjang lainnya",batuk muncul minggu bayi alam demam sesak napas muntah keluh berat dokter anjur bayi jalan tes darah rontgen tes tunjang,F5,7,7
201,15,"Saat ini, yang sebaiknya Anda lakukan ialah: Bila ada anak atau orang lain di sekitar bayi yang sedang mengalami infeksi saluran pernafasan, jauhkan dahulu agar tidak berkontak dekat dengan baik",laku anak orang bayi alam infeksi salur nafas kontak,F5,7,7
201,16,"Susui bayi HANYA ASI, tidak perlu tambahan makan atau minum apapun sebelum berusia 6 bulan",susu bayi asi makan minum usia,F5,8,8
201,17,Hindari pemberian ASI melalui dot agar bayi tidak tersedak,hindar asi dot bayi sedak,F5,8,8
201,18,"Ciptakan lingkungan sekitar bayi yang nyaman, terjaga kelembaban udaranya, tidak terlalu dingin",cipta lingkung bayi nyaman jaga kelembaban udara dingin,F5,8,8
201,19,Jemur bayi Anda di bawah sinar matahari pagi agar lendir di saluran napasnya mencair,jemur bayi sinar matahari pagi lendir salur napas cair,F5,8,8
201,20,Tidak sembarangan memberikan obat pada bayi,sembarang obat bayi,F5,8,8
201,21,Semoga membantu ya,moga bantu ya,F1,9,9
202,0,"Hai rstykcts, terima kasih telah bertanya ke Alodokter",hai rstykcts terima kasih alodokter,F1,0,0
202,1,Kehamilan kembar bisa terjadi secara identik (dimana 1 buah sel telur yang telah dibuahi oleh sel sperma membelah dan berkembang menjadi 2 janin) atau tidak identik (dimana 2 buah sel telur masing - masing dibuahi oleh sel sperma yang berbeda),hamil kembar identik buah sel telur buah sel sperma belah kembang janin identik buah sel telur buah sel sperma beda,F3,1,1
202,2,"Kondisi ini tentu menjadi karunia tersendiri namun bersamaan itu, memerlukan perawatan ekstra mulai dari sejak persalinan",kondisi karunia rawat ekstra salin,F3,2,2
202,3,Salah satu yang kerap dikhawatirkan ibu dengan janin kembar adalah kemungkinan persalinan dilakukan secara sesar,salah kerap khawatir janin kembar salin laku sesar,F3,2,2
202,4,Sesungguhnya bukan merupakan suatu kontraindikasi mutlak bagi seorang ibu dengan kehamilan kembar untuk bisa melahirkan secara normal,sungguh rupa kontraindikasi mutlak orang hamil kembar lahir normal,F3,2,2
202,5,Sebuah literatur justru menyatakan bahwa persalinan secara normal pada ibu hamil kembar yang dilakukan setelah usia kehamilan mencapai 32 minggu atau lebih memiliki peluang komplikasi yang jauh lebih sedikit dibandingkan dengan persalinan secara sesar,buah literatur nyata salin normal hamil kembar laku usia hamil capai minggu milik peluang komplikasi banding salin sesar,F3,2,2
202,6,"Akan tetapi, hal ini berlaku apabila posisi bagian terendah janin pertama dari si kembar adalah kepala, bukan yang lain",laku posisi rendah janin si kembar kepala,F3,2,2
202,7,Plasenta (ari - ari) yang terletak di bawah menempel dengan jalan lahir disebut dengan plasenta previa,plasenta ari ari letak tempel jalan lahir plasenta previa,F3,2,3
202,8,Kondisi ini sesungguhnya masih bisa berubah selama belum muncul tanda persalinan,kondisi sungguh ubah muncul tanda salin,F3,2,3
202,9,"Namun, mengingat usia kehamilan Anda yang sudah memasuki trimester 3, agaknya kemungkinan perubahan posisi plasenta ini tidaklah terlalu signifikan",usia hamil masuk trimester ubah posisi plasenta signifikan,F4,2,3
202,10,Letak plasenta yang menempel atau menutupi jalan lahir bisa menghalangi bagian terendah janin untuk bisa masuk ke pintu atas panggul,letak plasenta tempel tutup jalan lahir halang rendah janin masuk pintu panggul,F4,2,3
202,11,"Selain itu, plasenta yang letaknya di bawah pun berisiko lebih tinggi menyebabkan ibu mengalami perdarahan masif pasca salin",plasenta letak risiko alam darah masif pasca salin,F4,3,3
202,12,"Oleh karenanya, pada kasus seperti Anda, kemungkinan besar dokter akan lebih mempertimbangkan untuk dilakukan persalinan secara sesar, tentunya demi keselamatan Anda maupun janin dalam kandungan Anda",dokter timbang laku salin sesar selamat janin kandung,F4,3,4
202,13,"Namun kembali lagi, keputusan dilakukannya metode persalinan terbaik, apakah melalui persalinan per vagina (normal) atau sesar perlu dikonsultasikan langsung dengan dokter, yakni dengan mempertimbangkan juga berbagai aspek lain, seperti riwayat persalinan sebelumnya, proporsi kepala panggul, penyakit yang ibu derita, cacat janin, dan sebagainya",putus laku metode salin salin vagina normal sesar konsultasi langsung dokter timbang aspek riwayat salin proporsi kepala panggul sakit derita cacat janin,F3,3,4
202,14,"Oleh karenanya, Anda sebaiknya berdiskusi langsung dengan dokter spesialis kandungan Anda pada setiap jadwal kunjungan Anda ya",diskusi langsung dokter spesialis kandung jadwal kunjung ya,F5,4,4
202,15,"Disarankan untuk melakukan pemeriksaan kehamilan setiap 1 bulan sekali hingga usia kehamilan memasuki usia 8 bulan, 2 minggu sekali saat usia kehamilan 9 bulan, dan 1 minggu sekali saat usia kehamilan memasuki 36 minggu hingga tiba waktunya persalinan tiba",saran laku periksa hamil usia hamil masuk usia minggu usia hamil minggu usia hamil masuk minggu salin,F5,5,5
202,16,"Anda bisa mendiskusikan kesehatan janin dalam kandungan Anda, bagaimana tumbuh kembangnya, presentasinya (posisinya dalam kandungan), perkembangan letak plasentanya, dan adakah kondisi lain yang berpengaruh dalam penentuan teknik persalinan terbaik nantinya",diskusi sehat janin kandung tumbuh kembang presentasi posisi kandung kembang letak plasenta kondisi pengaruh teknik salin,F5,6,6
202,17,Dokter tentu akan menjelaskan dengan baik segala kekhawatiran Anda agar Anda pun mengerti yang terbaik bagi Anda dan janin Anda sendiri,dokter khawatir erti janin,F5,7,7
202,18,Semoga membantu ya,moga bantu ya,F1,7,7
202,19,dr Nadia Nurotul Fuadah,dr nadia nurotul fuadah,F1,7,7
203,0,Hai,hai,F1,0,0
203,1,Bronkhitis merupakan peradangan pada bronkus (saluran udara utama paru - paru),bronkhitis rupa radang bronkus salur udara utama paru paru,F3,0,0
203,2,"Bronkhitis kronis dapat diberikan pengobatan, misalnya dengan diberi obat mukolitik untuk mengencerkan dahak, obat bronkodilator yang dapat melebarkan saluran pernafasan, atau yang mengandung steroid",bronkhitis kronis obat obat mukolitik encer dahak obat bronkodilator lebar salur nafas kandung steroid,F3,0,0
203,3,Selain itu juga dapat dilakukan rehabilitasi paru untuk meredakan gejala,laku rehabilitasi paru reda gejala,F3,0,0
203,4,Hindari merokok,hindar rokok,F3,0,0
203,5,"Hindari bahan - bahan yang dapat menambah iritasi pada paru seperti aerosol pada hairspray , deodoran semprot, maupun cat",hindar bahan bahan iritasi paru aerosol hairspray deodoran semprot cat,F3,0,0
203,6,Gunakan masker saat berada di lingkungan yang berdebu atau berasap,masker lingkung debu asap,F3,0,0
203,7,"Jika sudah Mengonsumsi obat sesuai anjuran dokter, dan gejala belum membaik, bahkan sesak napas juga bertambah, sebaiknya Anda segera periksa ke dokter",konsumsi obat sesuai anjur dokter gejala sesak napas periksa dokter,F3,1,1
203,8,"Perlu dipikiran kemungkinan lain dari penyebab nyeri dada dan sesak napas yang timbul, misalnya: pneumonia tuberkulosis gangguan pada jantung",pikir nyeri dada sesak napas timbul pneumonia tuberkulosis ganggu jantung,F3,1,1
203,9,"Pemeriksaan fisik yang dilakukan oleh dokter, dengan mengetahui riwayat kesehatan dan pengobatan sebelumnya, serta tes penunjang seperti tes darah atau sinar X, dapat membantu untuk menentukan penyebab dan langkah penanganan yang tepat",periksa fisik laku dokter riwayat sehat obat tes tunjang tes darah sinar x bantu langkah tangan,F3,1,1
203,10,"Semoga bermanfaat, dr Jessica Winoto",moga manfaat dr jessica winoto,F1,1,1
204,0,Dear Poedji,dear poedji,F1,0,0
204,1,"Keluar darah usai berhubungan intim dapat disebabkan oleh : gesekan yang terlalu keras saat berhubungan intim, kurangnya cairan lubrikasi alami yang dihasilkan vagina yang kering, vaginitis atrofi vagina, luka akibat penyakit menular seksual seperti sifilis dan herpes",darah hubung intim gesek keras hubung intim cair lubrikasi alami hasil vagina kering vaginitis atrofi vagina luka akibat sakit tular seksual sifilis herpes,F4,0,0
204,2,polip serviks,polip serviks,F4,0,0
204,3,cedera rahim,cedera rahim,F4,0,0
204,4,radang serviks,radang serviks,F4,0,0
204,5,kanker serviks dan lain sebagainya,kanker serviks,F4,0,0
204,6,Konsultasikan dengan dokter kandungan di mana dokter akan menganalisis gejala dan melakukan pemeriksaan fisik yang diperlukan,konsultasi dokter kandung dokter analisis gejala laku periksa fisik,F5,1,1
204,7,Tes penunjang seperti tes darah dan USG mungkin akan dokter anjurkan dan lakukan,tes tunjang tes darah usg dokter anjur laku,F5,1,1
204,8,Terapi yang disesuaikan dengan diagnosis akan dokter berikan,terapi sesuai diagnosis dokter ikan,F5,1,1
204,9,"Anjuran yang dapat Anda lakukan: komunikasikan masalah ini dengan suami, hindari gesekan yang terlalu keras saat berhubungan intim, lakukan pemanasan atau foreplay yang cukup saat berhubungan intim, hindari berganti - ganti pasangan dalam berhubungan seksual, jika memang diperlukan dapat menggunakan cairan pelumas berbahan dasar air",anjur laku komunikasi suami hindar gesek keras hubung intim laku panas foreplay hubung intim hindar ganti ganti pasang hubung seksual cair lumas bahan dasar air,F5,2,2
204,10,Berikut artikel yang dapat Anda baca: Pendarahan usai berhubungan intim,artikel baca darah hubung intim,F5,2,2
204,11,"Semoga bermanfaat dan salam, dr Rony Wijaya",moga manfaat salam dr rony wijaya,F1,2,2
205,0,Hai Rahayu,hai rahayu,F1,0,0
205,1,"Hubungan seksual yang dilakukan secara coitus interruptus (sanggama terputus) tetap dapat menyisakan kemungkinan terjadinya kehamilan, terutama bila sperma secara tidak sengaja sudah terlanjur masuk ke dalam organ intim wanita (terlambat melakukan pemutusan sanggama)",hubung seksual laku coitus interruptus sanggama putus sisa hamil utama sperma sengaja lanjur masuk organ intim wanita lambat laku putus sanggama,F3,0,0
205,2,"Selain itu sebelum terjadinya ejakulasi, pria dapat mengeluarkan cairan pre - ejakulat yang dapat mengandung sperma kendati dalam jumlah yang sedikit",ejakulasi pria cair pre ejakulat kandung sperma kendati,F3,0,0
205,3,"Cairan pre - ejakulat ini dapat masuk ke dalam vagina pada saat sanggama (walaupun saat itu belum terjadi ejakulasi), sehingga hal menyebabkan kehamilan masih mungkin terjadi",cair pre ejakulat masuk vagina sanggama ejakulasi hamil,F3,0,0
205,4,Hubungan intim yang dilakukan 2 hari setelah menstruasi umumnya memiliki kemungkinan kecil untuk terjadinya kehamilan,hubung intim laku menstruasi milik hamil,F4,0,0
205,5,"Walaupun peluangnya kecil namun kehamilan masih mungkin terjadi, terutama pada wanita yang siklus menstruasinya pendek",peluang hamil utama wanita siklus menstruasi pendek,F4,0,0
205,6,"Bila cairan yang keluar dari vagina berbau seperti sperma, kemungkinan cairan tersebut memang cairan sperma atau cairan pre - ejakulat yang masuk ke dalam vagina",cair vagina bau sperma cair cair sperma cair pre ejakulat masuk vagina,F4,0,0
205,7,"Jika Anda dan suami merencanakan untuk menunda kehamilan, sebaiknya konsultasikan dengan dokter untuk memilih metode kontrasepsi yang aman, nyaman, dan sesuai dengan kebutuhan Anda dan suami",suami rencana tunda hamil konsultasi dokter pilih metode kontrasepsi aman nyaman sesuai butuh suami,F5,1,1
205,8,Berikut ini laman artikel dengan topik yang terkait: Memilih alat kontrasepsi,laman artikel topik kait pilih alat kontrasepsi,F5,1,1
205,9,Demikian semoga bermanfaat,moga manfaat,F1,1,1
205,10,dr Muliani Sukiman,dr muliani sukiman,F1,1,1
206,0,Dear Risma,dear risma,F1,0,0
206,1,Sakit perut sebelah kiri bisa disebabkan oleh: gastritis (maag) tukak lambung sindrom iritasi usus gastroenteritis penyakit asam lambung hepatitis,sakit perut belah kiri gastritis maag tukak lambung sindrom iritasi usus gastroenteritis sakit asam lambung hepatitis,F4,0,0
206,2,Sebaiknya Anda berkonsultasi dengan dokter spesialis penyakit dalam di mana dokter akan melakuan analisis gejala dan pemeriksaan fisik,konsultasi dokter spesialis sakit dokter laku analisis gejala periksa fisik,F5,0,0
206,3,"Tes penunjang seperti USG, tes darah bisa dokter anjurkan",tes tunjang usg tes darah dokter anjur,F5,0,0
206,4,Terapi yang tepat akan dokter berikan,terapi dokter ikan,F5,0,0
206,5,"Anjuran yang bisa Anda lakukan: hindari menekan atau memijat bagian yang sakit, kelola stres dengan bijak, konsumsi makanan bergizi seimbang dengan teratur, hindari langsung berbaring setelah makan, hindari mengosumsi makanan yang tidak higienis, kurangi mengonsumsi makanan pedas dan berminyak",anjur laku hindar tekan pijat sakit kelola stres bijak konsumsi makan gizi imbang atur hindar langsung baring makan hindar mengosumsi makan higienis konsumsi makan pedas minyak,F5,1,0
206,6,Artikel yang bisa Anda baca: Sakit perut kiri,artikel baca sakit perut kiri,F5,1,0
206,7,"Semoga bermanfaat dan salam, dr Rony Wijaya",moga manfaat salam dr rony wijaya,F1,1,0
207,0,"Halo Dinda, terima kasih sudah bertanya di alodokter com",halo dinda terima kasih alodokter com,F1,0,0
207,1,Kram perut merupakan hal yang sering dialami oleh wanita hamil terutama pada perut bagian bawah,kram perut rupa alami wanita hamil utama perut,F3,1,1
207,2,Hal ini biasanya disebabkan karena pertumbuhan janin dan rahim yang semakin besar seiring bertambahnya usia kehamilan,tumbuh janin rahim iring usia hamil,F3,1,1
207,3,"Beberapa penyebab lain adalah sebagai berikut: â€¢ Tekanan pada otot, sendi serta pembuluh darah",tekan otot sendi buluh darah,F3,1,1
207,4,â€¢ Peregangan ligamen yang terjadi untuk mendukung perkembangan rahim,regang ligamen dukung kembang rahim,F3,1,1
207,5,â€¢ Gas yang berlebihan di dalam perut,gas perut,F3,1,1
207,6,â€¢ Setelah berhubungan seksual yang biasanya disertai dengan gejala nyeri pada pinggang,hubung seksual gejala nyeri pinggang,F3,1,1
207,7,Beberapa tips yang dapat Anda lakukan untuk mengurangi keluhan diantaranya : â€¢ Kompres perut yang kram dengan air hangat,tips laku keluh kompres perut kram air hangat,F3,2,2
207,8,â€¢ Istirahat yang cukup,istirahat,F3,2,2
207,9,â€¢ Batasi aktifitas fisik yang terlalu berat,batas aktifitas fisik berat,F3,2,2
207,10,â€¢ Konsumsi makanan bergizi,konsumsi makan gizi,F3,2,2
207,11,â€¢ Cukupi kebutuhan air minum,butuh air minum,F3,2,2
207,12,â€¢ Hindari stres,hindar stres,F3,2,2
207,13,â€¢ Hindari kebiasaan menahan keinginan buang air kecil,hindar tahan buang air,F3,2,2
207,14,"Flek pada kehamilan muda biasanya terjadi akibat infeksi, perubahan hormon, ancaman keguguran, kehamilan ektopik atau hamil diluar kandungan, maka jika Anda tidak mengalami flek saat hamil muda merupakan hal yang normal",flek hamil muda akibat infeksi ubah hormon ancam gugur hamil ektopik hamil kandung alam flek hamil muda rupa normal,F3,3,3
207,15,"Jika keluhan kram perut yang Anda alami semakin berat, saya sarankan untuk melakukan konsultasi dengan dokter spesialis kandungan",keluh kram perut alami berat saran laku konsultasi dokter spesialis kandung,F5,4,4
207,16,Berikut saya sertakan artikel yang berkaitan dengan topik ini,artikel kait topik,F5,4,4
207,17,Tips Atasi Kram Perut Saat Hamil,tips kram perut hamil,F5,4,4
207,18,"Demikian jawaban dari saya, semoga bermanfaat",moga manfaat,F1,4,4
207,19,"Salam, dr Sylvia",salam dr sylvia,F1,5,5
208,0,Dear Nona,dear nona,F1,0,0
208,1,Jika hubungan seksual terakhir yang Anda lakukan adalah pada bulan Agustus dan Anda telah mengalami haid di bulan September maka Anda tidak sedang hamil,hubung seksual laku agustus alam haid september hamil,F4,0,0
208,2,Tidak mungkin terjadi haid dalam kehamilan,haid hamil,F3,0,0
208,3,"Keterlambatan menstruasi dapat disebabkan oleh : ketidakseimbangan hormonal, stres psikis, penurunan berat badan secara drastis, aktivitas fisik berlebihan, olahraga, berat obesitas, sindrom polikistik, ovarii (PCOS) penyakit kronis",lambat menstruasi ketidakseimbangan hormonal stres psikis turun berat badan drastis aktivitas fisik olahraga berat obesitas sindrom polikistik ovarii pcos sakit kronis,F3,1,1
208,4,Anda bisa berkonsultasi dengan dokter kandungan,konsultasi dokter kandung,F5,2,2
208,5,Dokter akan menelusuri riwayat gejala yang Anda alami dan melakukan pemeriksaan fisik,dokter telusur riwayat gejala alami laku periksa fisik,F5,2,2
208,6,Pemeriksaan penunjang seperti tes darah dan USG dapat dokter anjurkan,periksa tunjang tes darah usg dokter anjur,F5,2,2
208,7,Penaganan yang sesuai akan dokter berikan,tagan sesuai dokter ikan,F5,2,2
208,8,"Anjuran yang bisa Anda lakukan: hindari diet ketat, penurunan berat badan yang terlalu drastis, kelola stres psikis dengan bijak, pertahankan berat badan agar tetap normal, hindari aktivitas fisik berlebihan, dan olahraga berat",anjur laku hindar diet ketat turun berat badan drastis kelola stres psikis bijak tahan berat badan normal hindar aktivitas fisik olahraga berat,F5,3,3
208,9,Artikel yang dapat Anda baca: Penyebab terlambat menstruasi,artikel baca lambat menstruasi,F5,4,4
208,10,Tidak mungkin hamil tapi haid,hamil haid,F5,4,4
208,11,Semoga bermanfaat dr Rony Wijaya,moga manfaat dr rony wijaya,F1,5,5
209,0,Halo,halo,F1,0,0
209,1,Apakah Anda sudah mengkonsulkan hal ini dengan dokter yang merawat Anda?,mengkonsulkan dokter rawat,F2,0,0
209,2,Kapan testis membengkak?,testis bengkak,F2,1,1
209,3,Bagaimana kondisi testis Anda saat ini?,kondisi testis,F2,1,1
209,4,Testis bengkak bisa disebabkan karena beberapa kondisi berikut ini: Hidrokel : penumpukan cairan di testis,testis bengkak kondisi hidrokel tumpuk cair testis,F3,1,1
209,5,Varikokel : pembengkakan pembuluh vena testis,varikokel bengkak buluh vena testis,F3,1,1
209,6,Epididimitis : radang di epididimis / saluran sperma,epididimitis radang epididimis salur sperma,F3,1,1
209,7,Orchitis : peradangan testis,orchitis radang testis,F3,1,1
209,8,Hernia skrotalis : penonjolan / penurunan organ tubuh ke daerah buah zakar / skrotum,hernia skrotalis tonjol turun organ tubuh daerah buah zakar skrotum,F3,1,1
209,9,"Kanker testis Kondisi pada kulit: misalnya bisul, jerawat, folikulitis",kanker testis kondisi kulit bisul jerawat folikulitis,F3,1,1
209,10,"Testis bengkak sampai meletus, perlu dipastikan lagi meletus yang bagaimana, apakah bisul yang pecah atau memang ada kerusakan pada testis",testis bengkak letus letus bisul pecah rusak testis,F3,1,1
209,11,Oleh sebab itu saya sarankan agar Anda berkonsultasi dengan dokter urologi supaya bisa dipastikan kembali kondisi testis Anda ya,saran konsultasi dokter urologi kondisi testis ya,F5,1,2
209,12,"Testis adalah organ yang memproduksi sperma, sehingga bila terdapat gangguan pada testis dikhawatirkan dapat mempengaruhi kesuburan pria",testis organ produksi sperma ganggu testis khawatir pengaruh subur pria,F3,1,2
209,13,Penanganan selanjutnya akan diberikan dokter sesuai dengan hasil pemeriksaan,tangan dokter sesuai hasil periksa,F5,2,2
209,14,Pastikan melakukan protokol pencegahan covid selama periksa ya,laku protokol cegah covid periksa ya,F5,2,3
209,15,"Untuk menjaga kesehatan testis, sebaiknya gunakan celana yang nyaman dan tidak ketat, hindari berendam air panas terlalu lama atau bersepeda terlalu lama, istirahat cukup, olahraga teratur, dan hindari seks bebas ya",jaga sehat testis celana nyaman ketat hindar rendam air panas sepeda istirahat olahraga atur hindar seks bebas ya,F5,3,3
209,16,"Semoga bisa membantu Anda, Terima kasih",moga bantu terima kasih,F1,4,4
210,0,"Halo, Bu Feronica Felicia Imbing",halo bu feronica felicia imbing,F1,0,0
210,1,terima kasih atas pertanyaan yang disampaikan ke Alodokter,terima kasih alodokter,F1,0,0
210,2,Kami dapat memahami kekhwatiran yang Anda rasakan,paham kekhwatiran,F1,1,1
210,3,Perawatan metode kanguru (PMK) adalah metode perawatan untuk bayi berat lahir rendah (BBLR) atau bayi lahir premature dengan melakukan kontak kulit ( skin – to - skin contact ) secara langsung antara bayi dan ibu,rawat metode kanguru pmk metode rawat bayi berat lahir rendah bblr bayi lahir premature laku kontak kulit skin to skin contact langsung bayi,F3,1,1
210,4,"Melalui metode ini, suhu tubuh ibu akan menghangatkan bayi",metode suhu tubuh hangat bayi,F3,2,1
210,5,Ada banyak manfaat yang diperoleh dari penerapan PMK,manfaat terap pmk,F3,2,2
210,6,Manfaat paling utama adalah memudahkan pemberian ASI oleh ibu sehingga dapat meningkatkan durasi dan frekuensi pemberian ASI,manfaat utama mudah asi tingkat durasi frekuensi asi,F3,2,2
210,7,"Secara khusus, untuk bayi, PMK bermanfaat untuk menurunkan jumlah bayi baru lahir yang meninggal, mencegah hipotermia / kedinginan pada BBLR, menstabilkan bayi, menurunkan kejadian infeksi, dan mendukung tumbuh kembang bayi",khusus bayi pmk manfaat turun bayi lahir tinggal cegah hipotermia dingin bblr stabil bayi turun infeksi dukung tumbuh kembang bayi,F3,3,3
210,8,"Untuk ibu, selain memudahkan pemberian ASI, PMK juga bermanfaat untuk meningkatkan ikatan emosional ( bonding ) antara ibu dan bayi",mudah asi pmk manfaat tingkat ikat emosional bonding bayi,F3,4,4
210,9,"Jadi, PMK dapat mempengaruhi ikatan emosional ibu dan bayi secara positif",pmk pengaruh ikat emosional bayi positif,F4,4,4
210,10,Jangan ragu untuk berkonsultasi langsung dengan dokter atau dokter spesialis anak mengenai PMK,ragu konsultasi langsung dokter dokter spesialis anak kena pmk,F4,5,5
210,11,"Untuk memperkaya wawasan, Anda dapat membaca artikel tentang perawatan metode kanguru",kaya wawas baca artikel rawat metode kanguru,F5,6,6
210,12,Demikian informasi dari kami,informasi,F1,6,6
210,13,Mudah - mudahan senantiasa sehat,mudah mudah senantiasa sehat,F1,6,6
210,14,Semoga bermanfaat,moga manfaat,F1,6,6
211,0,"Halo Meissy, terima kasih telah bertanya di Alodokter",halo meissy terima kasih alodokter,F1,0,0
211,1,Kehamilan dapat terjadi oleh adanya suatu proses pembuahan yaitu pertemuan antara sel telur yang dilepaskan (masa ovulasi) dengan sel sperma yang diejakulasikan oleh pasangan pria,hamil proses buah temu sel telur lepas ovulasi sel sperma ejakulasi pasang pria,F3,1,1
211,2,"Sehingga hal ini menandakan bahwa jika Anda dan pasangan tidak melakukan hubungan intim dengan penetrasi penis ke liang vagina, maka Anda tidak akan hamil",tanda pasang laku hubung intim penetrasi penis liang vagina hamil,F4,1,1
211,3,"Keluhan yang Anda rasakan merupakan suatu keluhan yang kurang spesifik terhadap suatu penyakit tertentu, karena dapat terjadi pada berbagai kondisi gangguan kesehatan seperti : Keletihan yang sangat",keluh rupa keluh spesifik hadap sakit kondisi ganggu sehat letih,F4,2,2
211,4,Pengaruh psikologis,pengaruh psikologis,F4,2,2
211,5,Kurang istirahat,istirahat,F4,3,3
211,6,Kurang asupan cairan ataupun makanan yang sehat,asupan cair makan sehat,F4,3,3
211,7,Pengaruh hormonal,pengaruh hormonal,F4,3,3
211,8,Gangguan lambung,ganggu lambung,F4,3,3
211,9,"Anemia , dan berbagai gangguan medis lainnya",anemia ganggu medis,F4,3,3
211,10,Adapun beberapa anjuran untuk Anda untuk mengurangi keluhan yang Anda rasakan ini adalah : Perbanyak konsumsi air putih minimal 2 liter sehari,anjur keluh konsumsi air putih minimal liter,F3,3,3
211,11,Konsumsi makanan yang sehat dan bergizi,konsumsi makan sehat gizi,F3,3,3
211,12,Makan dengan porsi kecil namun sering untuk mencegah gangguan lambung,makan porsi cegah ganggu lambung,F3,3,3
211,13,Kurangi konsumsi minuman berkafein dan bersoda,konsumsi minum berkafein soda,F3,3,3
211,14,Hindari merokok dan konsumsi alkohol,hindar rokok konsumsi alkohol,F3,3,3
211,15,Istirahat yang cukup 7 - 8 jam per hari,istirahat jam,F3,3,3
211,16,Hindari pemicu stres dengan senantiasa berpikir positif,hindar picu stres senantiasa pikir positif,F3,4,4
211,17,Hindari berhubungan seksual secara bebas,hindar hubung seksual bebas,F3,4,4
211,18,"Konsumsi obat pereda nyeri, jika nyeri tidak tertahankan",konsumsi obat reda nyeri nyeri tahan,F3,4,4
211,19,"Namun jika keluhan ini semakin memberat dan tidak kunjung membaik dengan perubahan pola hidup, sebaiknya Anda melakukan pemeriksaan secara langsung ke dokter untuk mendapatkan terapi yang tepat",keluh berat kunjung ubah pola hidup laku periksa langsung dokter terapi,F5,4,4
211,20,"Salam, dr Vita Rahayu",salam dr vita rahayu,F1,5,5
212,0,Hai Gendys,hai gendys,F1,0,0
212,1,Metode kontrasepsi ada berbagai macam,metode kontrasepsi,F3,0,0
212,2,Suntik KB merupakan salah satu yang cukup digemari,suntik kb rupa salah gemar,F3,0,0
212,3,"Suntik ini ada 2 jenis, yaitu suntik KB 1 bulan dan suntik KB 3 bulan",suntik jenis suntik kb suntik kb,F3,0,0
212,4,Penggunaan suntik KB 1 bulan yang Anda lakukan tentu memiliki berbagai nilai positif dan negatif,suntik kb laku milik nilai positif negatif,F3,0,0
212,5,Kelebihan : Resiko gangguan menstruasi lebih kecil dibanding yang 3 bulan,resiko ganggu menstruasi banding,F3,1,1
212,6,Aman digunakan oleh wanita yang mengonsumsi obat antiretroviral (untuk HIV),aman wanita konsumsi obat antiretroviral hiv,F3,1,1
212,7,Tidak perlu repot mengingat pil kontrasepsi setiap hari,repot pil kontrasepsi,F3,1,1
212,8,Kekurangan : Butuh beberapa waktu untuk mengembalikan kesuburan,butuh subur,F3,1,1
212,9,Tidak memberi perlindungan pada penyakit menular seksual,lindung sakit tular seksual,F3,1,1
212,10,Berpotensi memberi berbagai efek samping termasuk gangguan menstruasi,potensi efek samping masuk ganggu menstruasi,F3,1,1
212,11,Pada siklus menstruasi yang Anda alami tentu tidak normal jika dilihat secara siklus normal,siklus menstruasi alami normal lihat siklus normal,F4,2,2
212,12,"Akan tetapi mengingat Anda menggunakan suntik KB 1 bulan, sementara hal ini masih ditolerir",suntik kb tolerir,F4,2,3
212,13,"Jika Anda merasa khawatir akan hal ini, Anda dapat berkonsultasi lebih lanjut dengan dokter spesialis kandungan",khawatir konsultasi dokter spesialis kandung,F5,3,3
212,14,Dokter dapat melakukan pemeriksaan lanjutan dengan USG kepada Anda,dokter laku periksa usg,F5,3,3
212,15,"Semoga membantu, dr Yosephine",moga bantu dr yosephine,F1,3,3
213,0,Salam,salam,F1,0,0
213,1,"Dari informasi yang Anda sampaikan, perlu kiranya diketahui penyebab Anda sulit hamil",informasi sulit hamil,F2,0,0
213,2,"Pada beberapa wanita, gangguan kesuburan dapat juga disebabkan oleh gangguan keseimbangan hormonal kewanitaan, sehingga hormon yang bertanggung jawab mengontrol haid, dan mengatur masa subur dan ovulasi juga mengalami gangguan",wanita ganggu subur ganggu imbang hormonal wanita hormon tanggung kontrol haid atur subur ovulasi alam ganggu,F3,0,0
213,3,"Dalam bentuk seperti ini, maka salah satu efek samping yang dirasakan dapat berupa kehamilan yang tak kunjung terjadi",bentuk salah efek samping rupa hamil kunjung,F3,0,0
213,4,"Sehingga dengan mengontrol kondisi hormonal kewanitaan salah satunya dengan pil KB, maka diharapkan, siklus haid, dan ovulasi Anda lebih baik",kontrol kondisi hormonal wanita salah pil kb harap siklus haid ovulasi,F3,0,0
213,5,"Namun, semua ini diperlukan pemeriksaan awal ke dokter kandungan terlebih dahulu",periksa dokter kandung,F3,1,1
213,6,"Dokter akan memastikan penyebab sulit hamil pada pasangan, baik dari pihak istri ataupun dari pihak suami",dokter sulit hamil pasang istri suami,F3,1,1
213,7,"Bila penyebab sulit hamil ini dikarena oleh gangguan keseimbangan hormonal, maka diharapkan dengan menggunakan pil KB dapat membantu siklus haid dan ovulasi sesuai yang diharapkan",sulit hamil ganggu imbang hormonal harap pil kb bantu siklus haid ovulasi sesuai harap,F3,2,2
213,8,"Namun, perlu juga dipertimbangkan beberapa resiko yang mempengaruhi kesuburan suami dan istri: 1 kegemukan atau kurus",timbang resiko pengaruh subur suami istri gemuk kurus,F3,3,3
213,9,2 merokok,rokok,F3,4,4
213,10,3 konsumsi obat dan alkohol,konsumsi obat alkohol,F3,4,4
213,11,"4 gangguan pada sistem reproduksi, seperti infeksi, tumor, ataupun gangguan ovulasi",ganggu sistem reproduksi infeksi tumor ganggu ovulasi,F3,4,4
213,12,Diskusikan dengan dokter kandungan Anda dan langkah - langkah perawatan lanjutan yang akan dilakukan,diskusi dokter kandung langkah langkah rawat laku,F5,5,5
213,13,"Demikian informasi yang bisa kami sampaikan, baca juga diskusi",informasi baca diskusi,F1,5,5
213,14,dr Ulfi,dr ulfi,F1,5,5
214,0,Halo Cindy,halo cindy,F1,0,0
214,1,Diagnosis suatu penyakit sulit dan tidak boleh ditentukan hanya berdasarkan pemeriksaan penunjang saja,diagnosis sakit sulit dasar periksa tunjang,F3,0,0
214,2,Butuh diiringi tanya jawab dan pemeriksaan fisik agar diagnosisnya tepat,butuh iring periksa fisik diagnosis,F3,0,0
214,3,"Pembesaran ureter bisa disebabkan oleh kondisi yang normal, misalnya pada saat kehamilan",ureter kondisi normal hamil,F3,0,0
214,4,"Saluran kemih dapat melebar karena efek dari progesteron dan karena tekanan pada panggul, dan bisa bertahan hingga 6 - 12 minggu setelah kelahiran",salur kemih lebar efek progesteron tekan panggul tahan minggu lahir,F3,0,0
214,5,"Selain itu, pembesaran ureter juga bisa disebabkan hal lain seperti batu saluran kemih (baik di ureter, urethra, ginjal maupun kandung kemih), kelainan bawaan, penyempitan di suatu bagian (striktur), massa / tumor pada daerah panggul, infeksi saluran kemih berulang, dan lain sebagainya",ureter batu salur kemih ureter urethra ginjal kandung kemih bawa sempit striktur massa tumor daerah panggul infeksi salur kemih ulang,F3,0,0
214,6,Tidak semua dari penyebab pembesaran ureter berbahaya,ureter bahaya,F4,0,0
214,7,tetapi sebaiknya tetap diperiksa untuk menghindari hal - hal yang tidak diinginkan,periksa hindar,F5,1,1
214,8,Sebaiknya Anda memeriksakan diri pada dokter spesialis urologi untuk mendapatkan tindak lanjut,periksa dokter spesialis urologi tindak,F5,1,1
214,9,Dokter urologi akan menentukan penanganan yang sesuai dengan keadaan Anda,dokter urologi tangan sesuai,F5,1,1
214,10,"Salam, dr Mega",salam dr mega,F1,1,1
215,0,Halo,halo,F1,0,0
215,1,"Untuk melihat kemungkinan kehamilan, diperlukan pengetahuan mengenai masa subur",lihat hamil kena subur,F3,0,0
215,2,Masa subur dapat diperkirakan bila seorang wanita mengalami siklus menstruasi yang rata - rata teratur,subur orang wanita alam siklus menstruasi atur,F3,1,0
215,3,"Pencatatan siklus menstruasi secara rinci selama 8 bulan, dapat membantu kita memperkirakan kapan masa subur",catat siklus menstruasi rinci bantu subur,F3,1,0
215,4,"Secara singkat , masa subur terjadi sekitar 12 sampai 16 hari sebelum masa haid berikutnya",singkat subur haid,F3,1,0
215,5,Kehamilan terjadi apabila sel telur sudah dilepaskan dari indung telur dan bertemu dengan sel sperma (pembuahan),hamil sel telur lepas indung telur temu sel sperma buah,F3,1,1
215,6,"Sehingga bila Anda berada dalam masa subur dan melakukan hubungan seksual, maka mungkin terjadi kehamilan",subur laku hubung seksual hamil,F3,1,2
215,7,Rentang siklus menstruasi yang normal adalah 28 - 35 hari setiap bulannya dihitung dari hari pertama haid yang terakhir Anda alami,rentang siklus menstruasi normal hitung haid alami,F3,1,2
215,8,"Tidak setiap waktu, siklus menstruasi selalu sama setiap bulan",siklus menstruasi,F3,1,2
215,9,"Salah satu penyebab terlambat haid, yang paling sering pada wanita yang menikah dan melakukan hubungan seksual secara rutin adalah kehamilan",salah lambat haid wanita nikah laku hubung seksual rutin hamil,F3,2,2
215,10,Mengetahui kehamilan dapat dilakukan secara mandiri setelah 1 minggu terlambat haid dengan testpack,hamil laku mandiri minggu lambat haid testpack,F3,2,2
215,11,"Misal bila perkiraan masa haid Anda di bulan Juli adalah tanggal 4 Juli, maka sebaiknya testpack dilakukan sekitar tanggal 11 sampai 18 Juli bila Anda belum mengalami haid pada rentang tanggal tersebut",haid juli tanggal juli testpack laku tanggal juli alam haid rentang tanggal,F3,3,3
215,12,Selengkapnya mengenai Testpack dapat Anda baca dalam artikel Alodokter dengan klik di sini,lengkap kena testpack baca artikel alodokter klik,F5,4,4
215,13,"Adapun tanda - tanda kehamilan adalah terlambat haid lebih dari satu minggu, mual dan atau muntah terutama di pagi hari, sakit kepala, badan terasa pegal lemas, nyeri disertai pembesaran payudara, kram di perut dan munculnya bercak darah sedikit yang berhenti dengan sendirinya",tanda tanda hamil lambat haid minggu mual muntah utama pagi sakit kepala badan pegal lemas nyeri payudara kram perut muncul bercak darah henti,F3,5,5
215,14,Namun gejala - gejala tersebut kadang bisa saja diakibatkan hal lain yang tidak berhubungan dengan kehamilan,gejala gejala kadang akibat hubung hamil,F3,5,5
215,15,"Untuk memastikan apakah Anda hamil atau mengalami penyakit yang mengganggu menstruasi, sebaiknya berkonsultasi langsung dengan Dokter Spesialis Kebidanan dan Kandungan",hamil alam sakit ganggu menstruasi konsultasi langsung dokter spesialis bidan kandung,F5,6,6
215,16,"Berikan informasi detail mengenai kapan terakhir Anda haid dan bagaimana siklus menstruasi Anda serta keluhan fisik yang mungkin Anda rasakan, hal tersebut akan sangat membantu Dokter untuk mengetahui kondisi kesehatan Anda dan peluang kehamilan",ikan informasi detail kena haid siklus menstruasi keluh fisik bantu dokter kondisi sehat peluang hamil,F5,6,6
215,17,"Dokter akan melakukan pemeriksaan medis menyeluruh dan cermat dan bila diperlukan pemeriksaan penunjang seperti USG untuk memastikan kehamilan, pemeriksaan darah untuk kehamilan dan kondisi medis secara umum",dokter laku periksa medis cermat periksa tunjang usg hamil periksa darah hamil kondisi medis,F5,6,6
215,18,"Jalankan Pola Hidup Sehat secara konsisten, terutama bila ingin mempersiapkan kehamilan, sebagai berikut : Beristirahat dengan cukup di malam hari , minimal 7 jam sehari",jalan pola hidup sehat konsisten utama hamil istirahat malam minimal jam,F5,7,7
215,19,Makan makanan yang sehat bergizi seimbang,makan makan sehat gizi imbang,F5,7,7
215,20,"Boleh Mengonsumsi suplemen asam folat untuk mempersiapkan kehamilan, boleh suplemen yang dijual bebas",konsumsi suplemen asam folat hamil suplemen jual bebas,F5,8,8
215,21,Konsumsi air minum yang cukup,konsumsi air minum,F5,8,8
215,22,"Berolahraga secara teratur 5x dalam seminggu, 1 x sesi olahraga 30 sampai 60 menit",olahraga atur x minggu x sesi olahraga menit,F5,9,9
215,23,Mengelola stres dengan bijaksana,kelola stres bijaksana,F5,10,10
215,24,Menjaga kebersihan daerah kewanitaan dengan membasuhnya menggunakan air mengalir dan sabun yang lembut,jaga bersih daerah wanita basuh air alir sabun lembut,F5,10,10
215,25,"Hindari terlalu sering menggunakan sabun untuk membersihkan vagina karena akan menimbulkan iritasi pada vagina, cukup 1x dalam sehari",hindar sabun bersih vagina timbul iritasi vagina x,F5,10,10
215,26,Selalu jaga area selangkangan tetap kering,jaga area selangkang kering,F5,10,10
215,27,Menggunakan pakaian dalam yang menyerap keringat dan lembut,pakai serap keringat lembut,F5,10,10
215,28,Gantilah pakaian dalam secara teratur untuk menjaga agar daerah selangkangan tetap kering,ganti pakai atur jaga daerah selangkang kering,F5,10,10
215,29,Hal ini untuk menghindarikan diri dari infeksi organ reproduksi dan menjaga kesehatan kehamilan,hindar infeksi organ reproduksi jaga sehat hamil,F5,11,11
215,30,"Demikian informasi yang dapat Kami bagikan, semoga membantu Anda",informasi moga bantu,F1,11,11
215,31,"Salam sehat, dr Caecilia Haryu Aryapti",salam sehat dr caecilia haryu aryapti,F1,11,11
216,0,"Selamat pagi, terima kasih atas pertanyaannya",selamat pagi terima kasih,F1,0,0
216,1,"Tinja bayi dapat bervariasi dalam hal frekuensi, warna, dan konsistensi bergantung pada proses alami di saluran cerna bayi dan apa yang dimakan",tinja bayi variasi frekuensi warna konsistensi gantung proses alami salur cerna bayi makan,F3,1,1
216,2,Frekuensi BAB juga dapat bervariasi antara 6 - 8 kali per hari,frekuensi bab variasi kali,F3,1,1
216,3,Konsistensi tinja dapat padat hingga lunak dan sedikit cair,konsistensi tinja padat lunak cair,F3,1,1
216,4,Warna tinja bervariasi dari kuning cerah hingga cokelat gelap,warna tinja variasi kuning cerah cokelat gelap,F3,1,1
216,5,Bayi yang mendapatkan ASI eksklusif akan menghasilkan tinja yang lebih cair dengan warna yang lebih cerah,bayi asi eksklusif hasil tinja cair warna cerah,F3,1,1
216,6,"Sedangkan jika bayi yang mendapatkan susu formula, umumnya tinja berwarna kuning kehijauan, sedikit lebih padat, namun tidak sepadat selai kacang",bayi susu formula tinja warna kuning hijau padat padat selai kacang,F3,1,1
216,7,Saat bayi sudah mulai mendapat makanan padat maka warna tinjanya akan lebih bervariasi,bayi makan padat warna tinja variasi,F3,1,1
216,8,"Waspadai jika bayi mengalami perubahan karakteristik feses sebaiknya konsultasikan dengan dokter, seperti berikut : 1 Berwarna kehitaman 2 Disertai darah segar 3 Frekuensi menjadi lebih sering dan lebih cair dari biasanya 4 Frekuensi menjadi lebih jarang dari biasanya dan cenderung keras",waspada bayi alam ubah karakteristik feses konsultasi dokter warna hitam darah segar frekuensi cair frekuensi jarang cenderung keras,F5,1,1
216,9,"Sekian, semoga dapat membantu Wassalam",sekian moga bantu wassalam,F1,1,1
217,0,Dear Firdagstn,dear firdagstn,F1,0,0
217,1,Keluhan yang Anda alami dapat disebabkan oleh penyakit asam lambung,keluh alami sakit asam lambung,F4,0,0
217,2,Penyakit asam lambung merupakan kondisi di mana asam lambung naik dari lambung ke kerongkongan hingga masuk ke dalam mulut,sakit asam lambung rupa kondisi asam lambung lambung kerongkongan masuk mulut,F3,0,0
217,3,"Gejala yang ditimbulkannya berupa: perut kembung yang kerap menimbulkan sendawa berlebihan, mual sensasi seperti terbakar di dada, kesulitan menelan, rasa pahit atau asam di dalam mulut, nyeri dada, batuk laringitis, bau napas yang tidak sedap, gigi menjadi rusak dan lain sebagainya",gejala timbul rupa perut kembung kerap timbul sendawa mual sensasi bakar dada sulit telan pahit asam mulut nyeri dada batuk laringitis bau napas sedap gigi rusak,F3,0,0
217,4,"Pengobatan penyakit asam lambung dapat berupa obat - obatan golongan antasida, penghambat reseptor H2, penghambat pompa proton, prokinetik",obat sakit asam lambung rupa obat obat golong antasida hambat reseptor h hambat pompa proton prokinetik,F3,1,1
217,5,"Untuk kasus yang berat, operasi dapat ditempuh",berat operasi tempuh,F3,2,1
217,6,"Anjuran yang bisa Anda lakukan: hindari langsung berbaring setelah makan, batasi mengonsumsi makanan pedas dan berminyak, konsumsi makanan dalam porsi kecil namun lebih sering, kelola stres dengan bijak, hindari merokok dan minum minuman keras, batasi mengonsumsi minuman berkafein dan bersoda, tidur dengan menggunakan bantal yang agak tinggi",anjur laku hindar langsung baring makan batas konsumsi makan pedas minyak konsumsi makan porsi kelola stres bijak hindar rokok minum minum keras batas konsumsi minum berkafein soda tidur bantal,F5,2,2
217,7,Artikel yang bisa Anda baca; Penyakit asam lambung,artikel baca sakit asam lambung,F5,3,3
217,8,Perut kembung,perut kembung,F5,3,3
217,9,Semoga bermanfaat dan salam,moga manfaat salam,F1,3,3
217,10,dr Rony Wijaya,dr rony wijaya,F1,4,4
218,0,Hai Syifawzia,hai syifawzia,F1,0,0
218,1,terima kasih atas pertanyaan anda,terima kasih,F1,0,0
218,2,Kehamilan dapat terjadi jika sel sperma dengan sel telur matang yang berada di tuba yang disebut pembuahan dan terjadi implantasi / penempelan janin kedalam rahim,hamil sel sperma sel telur matang tuba buah implantasi tempel janin rahim,F3,1,1
218,3,Kehamilan sangat mungkin terjadi bila wanita berada dalam masa subur,hamil wanita subur,F3,1,1
218,4,"Masa subur ditandai dengan ovulasi, yaitu pelepasan sel telur matang yang siap dibuahi dari indung telur",subur tanda ovulasi lepas sel telur matang buah indung telur,F3,1,1
218,5,Ovulasi terjadi 14 hari sebelum menstruasi berikutnya,ovulasi menstruasi,F3,2,2
218,6,"Untuk mngetahui masa subur wanita, harus diketahui terlebih dahulu apakah menstruasi teratur setiap 28 hari atau tidak",mngetahui subur wanita menstruasi atur,F3,2,2
218,7,Jika tidak maka perlu dilakukan pencatatan menstruasi selama 6 - 8 bulan baru dapat dilakukan perhitungan masa subur,laku catat menstruasi laku hitung subur,F3,2,2
218,8,Anda dapat membaca artikel mengenai Menghitung Masa Subur,baca artikel kena hitung subur,F5,2,2
218,9,"Pada kasus anda dimana hubungan seksual dilakukan sehari sebelum menstruasi, kemungkinan hamil masih mungkin terjadi meski sangat kecil",hubung seksual laku menstruasi hamil,F4,2,2
218,10,Karena pada saat ini endometrium atau lapisan dinding rahim yang dipersiapkan untuk terjadinya kehamilan mengalami peluruhan,endometrium lapis dinding rahim hamil alam luruh,F4,3,3
218,11,Sebagai tambahan informasi anda dapat membaca Proses Pembuahan,informasi baca proses buah,F5,3,3
218,12,Semoga bermanfaat,moga manfaat,F1,3,3
218,13,"Salam, dr Dian",salam dr dian,F1,4,4
219,0,Halo Mawar,halo mawar,F1,0,0
219,1,Sakit maag pada kehamilan dapat membuat mual dan muntah yang dialami menjadi berlebihan,sakit maag hamil mual muntah alami,F3,0,0
219,2,Apalagi pada kehamilan trimester awal,hamil trimester,F3,0,0
219,3,"Selain itu dengan pembesaran rahim, organ di dalam rongga perut pun ikut terdesak termasuk lambung sehingga asam lambung pun dapat terdorong, mengalir kembali ke kerongkongan (atau yang disebut penyakit gastroesophageal reflux )",rahim organ rongga perut desak masuk lambung asam lambung dorong alir kerongkongan sakit gastroesophageal reflux,F3,1,1
219,4,Dengan adanya mual dan muntah serta diperberat dengan penyakit asam lambung membuat asupan nutris pada ibu hamil menjadi sedikit sehingga dapat membuat penurunan berat badan,mual muntah berat sakit asam lambung asupan nutris hamil turun berat badan,F3,2,2
219,5,Normalnya pada ibu hamil maka akan terjadi peningkatan berat badan,normal hamil tingkat berat badan,F3,2,2
219,6,"Jika Anda mengalami penurunan berat badan selama masa kehamilan, sebaiknya Anda melakukan kontrol kehamilan dengan dokter kandungan agar bisa dilakukan pemeriksaan misalnya dengan USG untuk mengetahui kondisi kehamilan dan janin Anda",alam turun berat badan hamil laku kontrol hamil dokter kandung laku periksa usg kondisi hamil janin,F5,2,2
219,7,Jika dari hasil pemeriksaan didapatkan kondisi kehamilan dan janin baik maka Anda tidak perlu khawatir,hasil periksa kondisi hamil janin khawatir,F4,2,2
219,8,Berat badan yang turun di awal kehamilan pada dasarnya bukanlah sesuatu yang perlu dikhawatirkan apalagi jika Ibu sempat mengalami mual dan muntah yang cukup parah,berat badan turun hamil dasar khawatir alam mual muntah parah,F3,2,2
219,9,"Namun, penurunan berat badan yang berlebihan bisa jadi tanda lebih serius misalnya masalah kelenjar tiroid",turun berat badan tanda serius kelenjar tiroid,F3,2,2
219,10,Penurunan berat badan pada ibu dengan berat badan normal juga perlu diwaspadai,turun berat badan berat badan normal waspada,F3,2,2
219,11,"Jika terjadi, Ibu berisiko memiliki ukuran janin yang di bawah normal",risiko milik ukur janin normal,F3,2,2
219,12,"Sementara pada Ibu yang mengalami kelebihan berat badan, penurunan ini masih dianggap normal karena baik untuk mencegah komplikasi kehamilan lainnya seperti preeklamsia",alam berat badan turun anggap normal cegah komplikasi hamil preeklamsia,F3,2,2
219,13,"Makanan yang bagus untuk ibu hamil adalah seperti asupan protein, kalsium dan asam folat menjadi daftar nutrisi penting selama kehamilan",makan bagus hamil asupan protein kalsium asam folat daftar nutrisi hamil,F3,3,3
219,14,"Pilih makanan dengan buah - buahan segar, sayuran serta protein tanpa lemak seperti ayam dan ikan",pilih makan buah buah segar sayur protein lemak ayam ikan,F3,3,3
219,15,Hindari makanan tinggi lemak dari makanan cepat saji atau makanan olahan yang tidak mengandung nutrisi yang cukup,hindar makan lemak makan cepat saji makan olah kandung nutrisi,F3,3,3
219,16,Lemak juga dibutuhkan bagi Ibu yang mengalami berat badan turun saat hamil,lemak butuh alam berat badan turun hamil,F3,4,4
219,17,"Namun, usahakan agar Ibu memilih kandungan lemak yang lebih sehat",usaha pilih kandung lemak sehat,F3,4,4
219,18,"Lemak sehat bisa ditemukan pada kacang - kacangan, alpukat dan beberapa jenis ikan seperti ikan salmon atau tuna",lemak sehat temu kacang kacang alpukat jenis ikan ikan salmon tuna,F3,5,5
219,19,Semoga Bermanfaat dr Eni Yulvia S,moga manfaat dr eni yulvia s,F1,5,5
220,0,Dear thabitasela,dear thabitasela,F1,0,0
220,1,"Terkadang memang terjadi perubahan pada warna tinja bayi, dan sebagian besar merupakan kondisi yang normal sehingga Anda tidak perlu khawatir",terkadang ubah warna tinja bayi rupa kondisi normal khawatir,F3,0,0
220,2,"Bila bayi Anda mendapatkan ASI eksklusif, biasanya tinja memang berwarna kekuningan dan terkadang disertai bentuk biji - bijian",bayi asi eksklusif tinja warna kuning terkadang bentuk biji biji,F3,0,0
220,3,"Bila terdapat warna kehitaman, sering kali penyebabnya adalah bayi tidak sengaja menelan sedikit darah ibu dari payudara yang lecet",warna hitam kali bayi sengaja telan darah payudara lecet,F4,0,0
220,4,"Sebelum menyusui, pastikan bahwa Anda mengoleskan ASI terlebih dahulu pada puting untuk melembapkan dan menyiapkan puting untuk mengurangi terjadinya lecet",susu oles asi puting lembap puting lecet,F3,0,0
220,5,"Pada penggunaan susu formula, terutama apabila sering berganti produk, bayi bisa mengalami alergi pada produk yang dikonsumsi",susu formula utama ganti produk bayi alam alergi produk konsumsi,F3,0,0
220,6,Namun ada beberapa hal yang perlu Anda waspadai jika BAB bayi menjadi Cair atau mencret (dicurgai adanya infeksi),waspada bab bayi cair mencret dicurgai infeksi,F3,0,0
220,7,"Tercampur darah (dicurigai adanya masalah pencernaan mulai karena infeksi, hingga trauma)",campur darah curiga cerna infeksi trauma,F3,0,0
220,8,Berwarna sangat hitam pekat (dicurigai adanya pendarahan saluran pencernaan),warna hitam pekat curiga darah salur cerna,F3,1,1
220,9,Berwarna putih / pucat atau seperti ada lapisan putih (dicurgai adanya gangguan penyerapan lemak),warna putih pucat lapis putih dicurgai ganggu serap lemak,F3,1,1
220,10,"Bila bayi tampak gelisah dan terdapat gejala diatas, segera periksakan ke dokter, terutama spesialis anak untuk pemeriksaan lanjut dan penanganan yang tepat",bayi gelisah gejala periksa dokter utama spesialis anak periksa tangan,F5,2,2
220,11,"Jika memungkinkan, berikan ASI eksklusif, setidaknya hingga usia 6 bulan, banyak sekali mafaat dan kandungan ASI yang tentunya tdiak dapat digantikan produk apapun",ikan asi eksklusif usia mafaat kandung asi tdiak ganti produk,F5,3,2
220,12,"Bila terpaksa harus menggunakan susu formula, pastikan penyiapan susu benar - benar bersih dan bebas dari kontaminasi kuman, perhatikan proses penyeduhan air susu, hingga kebersihan botol susu",paksa susu formula susu bersih bebas kontaminasi kuman perhati proses seduh air susu bersih botol susu,F5,3,3
220,13,"Sekian, semoga bermanfaat dr Siti Rahmayanti",sekian moga manfaat dr siti rahmayanti,F1,4,4
221,0,"Hai, Pertama - tama, saya ingin mengucapkan Terima kasih telah memberikan pertanyaan di Alodokter com",hai tama terima kasih alodokter com,F1,0,0
221,1,Saya dr Radhianie Djan akan mencoba membantu menjawab pertanyaan anda,dr radhianie djan coba bantu,F1,0,0
221,2,Nyeri pada dada harus ditanggapi serius,nyeri dada tanggap serius,F4,1,1
221,3,Karena gejala ini merupakan salah satu gejala yang sering dialami jika mengalami serangan jantung,gejala rupa salah gejala alami alam serang jantung,F4,1,1
221,4,"Namun banyak nyeri dada yang tidak diakibatkan oleh penyakit jantung yaitu, 1 Cedera pada otot rongga dada atau / dan tulang rusuk",nyeri dada akibat sakit jantung cedera otot rongga dada tulang rusuk,F3,2,2
221,5,2 ostochondritis atau inflamasi pada tulang rawan yang menyambungkan tulang dada dengan tulang rusuk,ostochondritis inflamasi tulang rawan sambung tulang dada tulang rusuk,F3,2,2
221,6,3 Penyakit asam lambung dan nyeri ulu hati (GERD),sakit asam lambung nyeri ulu hati gerd,F3,2,2
221,7,4 Batu empedu atau gangguan pada kandung empedu,batu empedu ganggu kandung empedu,F3,2,2
221,8,5 Gangguan menelan,ganggu telan,F3,2,2
221,9,6 Mastitis atau peradangan pada jaringan payudara,mastitis radang jaring payudara,F3,2,2
221,10,7 Infeksi herpes zoster,infeksi herpes zoster,F3,2,2
221,11,"8 Serangan panik atau kecemasan â€“ detak jantung penderitanya menjadi sangat cepat, sesak napas dan dilanda rasa ketakutan atau kecemasan yang hebat",serang panik cemas detak jantung derita cepat sesak napas landa takut cemas hebat,F3,3,3
221,12,"9 Pneumotoraks atau adanya udara di antara kedua lapisan yang membungkus paru - paru, sehingga paru - paru mengempis dan penderitanya sangat sulit bernapas",pneumotoraks udara lapis bungkus paru paru paru paru kempis derita sulit napas,F3,4,4
221,13,10 Emboli paru atau terbentuknya gumpalan darah di pembuluh darah paru - paru,emboli paru bentuk gumpal darah buluh darah paru paru,F3,4,4
221,14,"Terdapat beberapa gejala khas pada nyeri dada yang disebabkan oleh serangan jantung yaitu, 1 Nyeri dada disebabkan oleh kegiatan fisik, relatif ringan, berlangsung kurang dari 20 menit dan reda setelah mengonsumsi obat untuk angin",gejala khas nyeri dada serang jantung nyeri dada giat fisik relatif ringan langsung menit reda konsumsi obat angin,F3,5,5
221,15,"2 Rasa nyeri akibat serangan jantung bisa muncul saat tidur atau istirahat, tanpa perlu dipicu oleh aktivitas berat",nyeri akibat serang jantung muncul tidur istirahat picu aktivitas berat,F3,5,5
221,16,"3 Nyeri dada juga bisa disertai oleh berkeringat dingin, rasa mual / muntah, dan rasa sakit yang menyebar ke lengan kiri atau rahang",nyeri dada keringat dingin mual muntah sakit sebar lengan kiri rahang,F3,5,5
221,17,4 Dada terasa tertekan atau sangat sakit,dada tekan sakit,F3,5,5
221,18,5 Sulit bernapas,sulit napas,F3,5,5
221,19,6 Rasa nyeri berlangsung lama,nyeri langsung,F3,5,5
221,20,7 Pusing atau merasa lemas,pusing lemas,F3,5,5
221,21,"Oleh Karena itu agar dapat menentukan pengobatan yang tepat terhadap kondisi nyeri dada yang anda alami maka perlu dilakukan pemeriksaan oleh dokter untuk mengetahui penyebab, lalu dilakukan tatalaksana terhadap penyebabnya",obat hadap kondisi nyeri dada alami laku periksa dokter laku tatalaksana hadap,F5,6,6
221,22,Oleh karena itu kami menyarankan sebaiknya anda bertemu dengan tenaga medis terutama dokter spesialis jantung,saran temu tenaga medis utama dokter spesialis jantung,F5,6,6
221,23,"Dokter akan melakukan wawancara medis, pemeriksaan fisik dan pemeriksaan lanjutan seperti pemeriksaan darah, EKG (rekam jantung) agar dapat mengetahui lebih jelas penyebab dari nyeri dada yang anda alami",dokter laku wawancara medis periksa fisik periksa periksa darah ekg rekam jantung nyeri dada alami,F5,6,6
221,24,Untuk penjelasan lebih lanjut anda dapat membaca artikel mengenai: Nyeri dada,baca artikel kena nyeri dada,F5,6,6
221,25,"Sekian informasi yang dapat kami sampaikan, semoga informasi ini dapat bermanfaat untuk mengatasi keluhan anda",sekian informasi moga informasi manfaat keluh,F1,7,7
221,26,"Salam, dr Radhianie Djan, BmedSc",salam dr radhianie djan bmedsc,F1,7,7
222,0,"Halo, Terima kasih atas pertanyaannya untuk Alodokter",halo terima kasih alodokter,F1,0,0
222,1,"Pertama - tama, saya hendak mengkonfirmasi terlebih dahulu, apakah yang anda maksudkan dengan telah datang bulan hampir selama 3 bulan adalah anda mengalami perdarahan terus menerus selama 3 bulan, atau anda salah mengetik telat atau anda tidak mengalami datang bulan selama 3 bulan?",tama mengkonfirmasi maksud alam darah salah tik telat alam,F2,0,0
222,2,"Bila anda mengalami menstruasi / perdarahan terus menerus selama 3 bulan, maka anda harus segera memeriksakan diri anda ke dokter kandungan, terutama bila perdarahan yang anda alami cukup banyak dan anda saat ini mengalami gejala - gejala kekurangan darah seperti pusing, pucat, keringat dingin, jantung berdebar, dan lain - lain",alam menstruasi darah periksa dokter kandung utama darah alami alam gejala gejala darah pusing pucat keringat dingin jantung debar,F5,1,0
222,3,"Bila anda mengalami keterlambatan datang bulan (anda tidak menstruasi sudah 3 bulan), maka sebaiknya anda melakukan pemeriksaan kehamilan terlebih dahulu dengan menggunakan testpack",alam lambat menstruasi laku periksa hamil testpack,F5,1,1
222,4,Lakukan pemeriksaan dengan menggunakan kencing pertama di pagi hari agar hasilnya lebih akurat dan pastikan anda membaca dan mengikuti dengan baik petunjuk pemakaian pada kemasan alat,laku periksa kencing pagi hasil akurat baca pakai kemas alat,F5,1,1
222,5,"Bila hasilnya positif, maka keterlambatan menstruasi anda disebabkan oleh kehamilan",hasil positif lambat menstruasi hamil,F3,1,1
222,6,"Bila hasilnya negatif, maka perlu dipikirkan kemungkinan penyebab lainnya, misalnya saja: gangguan hormonal karena tubuh yang terlalu gemuk atau terlalu kurus, peningkatan ataupun penurunan berat badan berlebihan, stres berlebihan, olahraga berlebihan",hasil negatif pikir ganggu hormonal tubuh gemuk kurus tingkat turun berat badan stres olahraga,F3,1,1
222,7,"Penggunaan obat - obatan tertentu ataupun kontrasepsi hormonal gangguan hormonal karena penyakit tertentu seperti PCOS, diabetes, gangguan hormon tiroid tumor / kanker tertentu yang mengganggu kondisi hormonal",obat obat kontrasepsi hormonal ganggu hormonal sakit pcos diabetes ganggu hormon tiroid tumor kanker ganggu kondisi hormonal,F3,2,2
222,8,Anda harus melakukan pemeriksaan ke dokter kandungan dan sebaiknya pemeriksaan tidak ditunda - tunda bila memang sudah 3 bulan anda tidak mengalami menstruasi,laku periksa dokter kandung periksa tunda tunda alam menstruasi,F5,3,3
222,9,Dokter kandungan akan melakukan pemeriksaan lebih lanjut untuk mencari penyebab pasti gangguan menstruasi anda,dokter kandung laku periksa cari ganggu menstruasi,F5,3,3
222,10,"Sekian informasi dari saya, semoga cukup menjawab",sekian informasi moga,F1,3,3
223,0,Hai Hutabarat,hai hutabarat,F1,0,0
223,1,Membawa bayi menggunakan pesawat banyak menimbulkan pertanyaan pada sebagian besar orang,bawa bayi pesawat timbul orang,F3,0,0
223,2,Berikut beberapa hal yang perlu diperhatikan sebelum membawa bayi menggunakan pesawat : Usia 2 hari sebenarnya bayi sudah bisa bepergian selama tidak mengidap penyakit tertentu,perhati bawa bayi pesawat usia bayi pergi idap sakit,F3,0,0
223,3,Akan tetapi sebenarnya usia yang dianjurkan adalah diatas 3 bulan,usia anjur,F3,0,0
223,4,"Jika memang mendesak, banyak maskapai penerbangan yang memberi aturan usia minimal adalah 2 minggu",desak maskapai terbang atur usia minimal minggu,F5,0,0
223,5,Sehingga bayi usia 2 bulan boleh menggunakan pesawat terbang,bayi usia pesawat terbang,F5,0,0
223,6,Pilih juga jam terbang yang pas dengan jam tidur bayi,pilih jam terbang pas jam tidur bayi,F5,1,1
223,7,Gunakan juga tempat tidur khusus bayi dalam penerbangan,tidur khusus bayi terbang,F5,1,1
223,8,Umumnya ibu dengan bayi diperkenankan untuk duduk di bagian depan agar memiliki ruang yang lebih luas,bayi kenan duduk milik ruang luas,F5,1,1
223,9,Jangan pergi jika bayi mengalami gangguan pernapasan atau saluran napas dan telinga,pergi bayi alam ganggu napas salur napas telinga,F5,1,1
223,10,Bawa perlengkapan bayi Anda selama di pesawat,bawa lengkap bayi pesawat,F5,1,1
223,11,Simak juga diskusi berikut ini,simak diskusi,F1,2,2
223,12,Semoga bermanfaat,moga manfaat,F1,2,2
223,13,dr Yosephine,dr yosephine,F1,2,2
224,0,Hai Devianii,hai devianii,F1,0,0
224,1,"Batuk merupakan kompensasi tubuh untuk mengeluarkan benda asing dari tenggorokan baik itu dahak, asap, dan lain - lain",batuk rupa kompensasi tubuh benda asing tenggorok dahak asap,F3,0,0
224,2,Batuk pada umumnya akan sembuh dengan sendirinya dalam waktu tiga minggu dan hingga saat ini keefektifan obat batuk belum dapat dibuktikan,batuk sembuh minggu efektif obat batuk bukti,F3,1,1
224,3,"Batuk bisa dibagi menjadi 3 yaitu batuk akut yang terjadi sampai 3 minggu, batuk subakut terjadi 3 - 8 minggu dan batuk kronis terjadi lebih dari 8 minggu",batuk batuk akut minggu batuk subakut minggu batuk kronis minggu,F3,1,1
224,4,"Beberapa penyebab batuk: Batuk akut biasanya disebabkan oleh: Infeksi saluran pernafasan atas seperti flu, pilek, laringitis, sinusitis, batuk rejan",batuk batuk akut infeksi salur nafas flu pilek laringitis sinusitis batuk rejan,F3,1,1
224,5,"Infeksi saluran pernafasan bawah seperti penumonia, bronkhitis",infeksi salur nafas penumonia bronkhitis,F3,1,1
224,6,"Rhinitis alergi yang disebabkan oleh unsur - unsur yang bisa membuat seseorang alergi seperti debu, asap rokok, bahan minyak Asma",rhinitis alergi unsur unsur orang alergi debu asap rokok bahan minyak asma,F3,2,2
224,7,Batuk kronis disebabkan oleh: Efek samping dari obat - obatan seperti obat hipertensi,batuk kronis efek samping obat obat obat hipertensi,F3,2,2
224,8,Perilaku merokok,perilaku rokok,F3,2,2
224,9,Penyakit asam lambung,sakit asam lambung,F3,3,3
224,10,Asma,asma,F3,3,3
224,11,"Selain penyebab diatas, batuk juga bisa merupakan gejala dari beberapa penyakit serius seperti tuberkulosis , kanker paru - paru, gagal jantung, penyumbatan paru - paru (emboli paru)",batuk rupa gejala sakit serius tuberkulosis kanker paru paru gagal jantung sumbat paru paru emboli paru,F3,3,3
224,12,Sebaiknya anda memeriksakan diri ke dokter agar dapat dilakukan pemeriksaan terhadap tenggorokan anda sehingga dapat diberikan pengobatan yang sesuai,periksa dokter laku periksa hadap tenggorok obat sesuai,F5,4,4
224,13,"Namun, melihat gejala yang anda alami bisa saja anda mengalami batuk akibat alergi",lihat gejala alami alam batuk akibat alergi,F5,4,4
224,14,"Untuk lebih memperjelas keluhan anda, mengunjungi dokter adalah salah satu solusinya",keluh kunjung dokter salah solusi,F5,4,4
224,15,Anda dapat melakukan tips - tips di bawah ini; Hindari makanan atau minuman yang bisa membuat batuk anda kambuh seperti gorengan atau minuman soda,laku tips tips hindar makan minum batuk kambuh goreng minum soda,F5,5,5
224,16,Konsumsi air mineral minimal 2 liter dalam 1 hari,konsumsi air mineral minimal liter,F5,5,5
224,17,Hindari merokok gunakan masker saat anda berada pada lingkungan banyak asap dan debu,hindar rokok masker lingkung asap debu,F5,5,5
224,18,Anda dapat membaca artiikel di bawah ini; Batuk - batuk Batuk tidak sembuh,baca artiikel batuk batuk batuk sembuh,F5,5,5
224,19,Semoga membantu,moga bantu,F1,5,5
224,20,dr Yosephine U L simanungkalit,dr yosephine u l simanungkalit,F1,5,5
225,0,"Hai Vie, Terima kasih atas pertanyaannya",hai vie terima kasih,F1,0,0
225,1,Memasuki trimester ketiga kehamilan umumnya Ibu hamil mulai memikirkan ke arah proses persalinan,masuk trimester hamil hamil pikir arah proses salin,F3,1,1
225,2,"Terdapat beberapa hal yang perlu diperhatikan dalam proses persalinan, salah satunya adalah apakah Ibu dapat melahirkan secara normal atau tidak",perhati proses salin salah lahir normal,F3,1,1
225,3,"Sebenarnya yang lebih menjadi sorotan adalah pertambahan berat badan janin, bukan pertambahan berat badan Ibu, karena terkadang berat badan Ibu yang bertambah drastis tidak selalu menggambarkan bahwa berat janin juga bertambah",sorot berat badan janin berat badan terkadang berat badan drastis gambar berat janin,F4,2,2
225,4,Bagaimanakah taksiran berat janin Anda?,taksir berat janin,F2,2,2
225,5,"Apabila taksiran berat janin sudah sesuai dengan usia kehamilan 8 bulan, taksiran ukuran kepala janin serta ukuran jalan lahir Ibu sesuai, kemungkinan besar Ibu dapat melahirkan secara normal",taksir berat janin sesuai usia hamil taksir ukur kepala janin ukur jalan lahir sesuai lahir normal,F4,3,3
225,6,"Sebaiknya Ibu konsultasi dengan Dokter Kandungan mengenai tumbuh kembang janin yang ada pada kandungan Ibu, apakah diperlukan pengaturan makanan saat trimester ketiga ini",konsultasi dokter kandung kena tumbuh kembang janin kandung atur makan trimester,F5,3,3
225,7,Terkadang jika taksiran berat janin sudah melebihi usia kehamilan Dokter akan menyarankan pengaturan makan,terkadang taksir berat janin usia hamil dokter saran atur makan,F5,3,3
225,8,Berikut beberapa tips yang dapat dilakukan pada usia kehamilan 8 bulan: Mulai memilih rumah sakit tempat melahirkan,tips laku usia hamil pilih rumah sakit lahir,F5,3,3
225,9,Mulai menjalani masa latihan pengenalan metode menyusui,jalan latih kenal metode susu,F5,3,3
225,10,"Mempersiapkan satu tas perlengkapan untuk melahirkan, yang berisi keperluan ibu dan keperluan bayi baru lahir",tas lengkap lahir isi bayi lahir,F5,3,3
225,11,Siapkan nomor telepon darurat,nomor telepon darurat,F5,3,3
225,12,Artikel berikut dapat menambah wawasan,artikel wawas,F5,3,3
225,13,Makanan sehat untuk Ibu hamil,makan sehat hamil,F5,3,3
225,14,Demikian semoga membantu ya,moga bantu ya,F1,3,3
225,15,dr Annes,dr annes,F1,3,3
226,0,Hai Dhaniex,hai dhaniex,F1,0,0
226,1,Alat kontrasepsi hormonal merupakan salah satu jenis kontrasepsi yang banyak digunakan karena termasuk salah satu metode KB yang sangat efektif,alat kontrasepsi hormonal rupa salah jenis kontrasepsi masuk salah metode kb efektif,F3,0,0
226,2,KB hormonal menyebabkan tubuh wanita tidak terjadi fase ovulasi sehingga walaupun melakukan hubungan seksual tidak akan terjadi pembuahan,kb hormonal tubuh wanita fase ovulasi laku hubung seksual buah,F3,1,1
226,3,"Setelah menggunakan KB hormonal, pada umumnya siklus menstruasi akan kembali ke siklus menstruasi awal sebelum digunakannya KB",kb hormonal siklus menstruasi siklus menstruasi kb,F3,1,1
226,4,"Namun, pada sebagian orang memiliki beberapa kelainan pada menstruasinya, seperti; Menorrhagia yaitu menstruasi yang volumenya sangat banyak",orang milik menstruasi menorrhagia menstruasi volume,F3,1,1
226,5,Mettrorhagia yaitu menstruasi yang frekuensinya sangat sering,mettrorhagia menstruasi frekuensi,F3,1,1
226,6,Amenorrhea yaitu menstruasi yang berhenti,amenorrhea menstruasi henti,F3,1,1
226,7,Dysmenorrhea yaitu nyeri perut yang hebat saat menstruasi,dysmenorrhea nyeri perut hebat menstruasi,F3,1,1
226,8,olygomenorrhea yaitu menstruasi dengan volume yang sangat banyak dan frekuensi yang sering,olygomenorrhea menstruasi volume frekuensi,F3,1,1
226,9,"Setelah melepaskan KB hormonal, pada beberapa wanita memang membutuhkan waktu beberapa bulan untuk mengembalikan siklus menstruasi hingga kembali seperti biasa",lepas kb hormonal wanita butuh siklus menstruasi,F3,1,1
226,10,"Namun, jika hal tersebut sangat mengganggu anda dan terdapat gejala lain seperti lemas, pucat sebaiknya anda segera mengunjungi dokter agar dapat dilakukan pemeriksaan seperti pemeriksaa fisik dan USG sehingga dapat diberikan pengobatan yang sesuai",ganggu gejala lemas pucat kunjung dokter laku periksa pemeriksaa fisik usg obat sesuai,F5,2,2
226,11,Anda dapat membaca artikel di bawah ini: Memilih KB Mewaspadai menstruasi yang tidak normal,baca artikel pilih kb waspada menstruasi normal,F5,2,2
226,12,Semoga membantu,moga bantu,F1,2,2
226,13,dr Yosephine U L Simanungkalit,dr yosephine u l simanungkalit,F1,3,3
227,0,terima kasih atas pertanyaannya,terima kasih,F1,0,0
227,1,"Nyeri perut bagian bawah dapat diakibatkan oleh berbagai kondisi, seperti masalah pada saluran kencing, saluran reproduksi, atau usus",nyeri perut akibat kondisi salur kencing salur reproduksi usus,F4,0,0
227,2,Beberapa penyakit yang menyebabkan nyeri perut bawah adalah : 1 Infeksi saluran kemih : biasanya ditandai juga dengan adanya gangguan pada buang air kecil,sakit nyeri perut infeksi salur kemih tanda ganggu buang air,F3,0,0
227,3,2 Penyakit radang panggul,sakit radang panggul,F3,0,0
227,4,3 Servisitis (radang pada muliut rahim),servisitis radang muliut rahim,F3,0,0
227,5,4 Collitis (radang pada usus besar),collitis radang usus,F3,0,0
227,6,Anda sebaiknya memeriksakan diri Anda ke dokter untuk mengetahui penyebab nyeri yang Anda alami,periksa dokter nyeri alami,F5,0,0
227,7,Dokter akan melakukan pemeriksaan lebih lanjut meliputi pemeriksaan fisik dan pemeriksaan penunjang seperti pemeriksaan darah dan pemeriksaan kencing,dokter laku periksa liput periksa fisik periksa tunjang periksa darah periksa kencing,F5,0,0
227,8,"Perubahan pada siklus menstruasi dapat diakibatkan oleh beberapa hal seperti stres berlebih, adanya penurunan berat badan yang signifikan, tanda kehamilan, penggunaan kontrasepsi, sindrom ovari polikistik, dan infeksi pada serviks",ubah siklus menstruasi akibat stres turun berat badan signifikan tanda hamil kontrasepsi sindrom ovari polikistik infeksi serviks,F5,0,0
227,9,Kunjungi dokter kandung untuk memeriksakan diri Anda Beberapa anjuran untuk Anda : 1 jaga kebersihan daerah vagina dan muara saluran kencing,kunjung dokter kandung periksa anjur jaga bersih daerah vagina muara salur kencing,F5,1,1
227,10,2 sering mengganti pakaian dalam jika terlalu berkeringat,ganti pakai keringat,F5,1,1
227,11,"3 Konsumsi air putih minimal 2,5 L per hari",konsumsi air putih minimal l,F5,1,1
227,12,Semoga membantu,moga bantu,F1,1,1
227,13,"Salam, dr Angga",salam dr angga,F1,2,2
228,0,Halo Ridha,halo ridha,F1,0,0
228,1,Apakah baru pertama kali dirasakan dan apakah sebelum hamil juga pernah mengalami keluhan serupa?,kali hamil alam keluh rupa,F2,0,0
228,2,"Tenggokan dan dada terasa panas, sesak dan susah bernapas saat hamil kemungkinan disebabkan karena naiknya asam lambung",tenggok dada panas sesak susah napas hamil asam lambung,F4,1,1
228,3,"Naiknya asam lambung juga seringkali disertai dengan keluhan lain seperti perut kembung, mulut pahit atau asam, napas berbau, sering sendawa, dan mual muntah",asam lambung seringkali keluh perut kembung mulut pahit asam napas bau sendawa mual muntah,F3,1,1
228,4,Naiknya asam lambung saat hamil cukup sering dialami oleh ibu hamil seiring pertumbuhan janin yang semakin besar,asam lambung hamil alami hamil iring tumbuh janin,F3,1,1
228,5,"Kondisi ini dipengaruhi oleh beberapa faktor diantaranya adalah: Perubahan hormonal: hormon progesteron meningkat dengan tujuan melemaskan otot rahim agar bisa membesar seiring pertumbuhan janin, namun hormon ini juga ikut melemaskan otot katup penutup antara kerongkongan dengan lambung sehingga asam lambung yang seharusnya tetap dilambung bisa naik kembali ke kerongkongan dan menimbulkan sensasi panas di dada hingga tenggorokan",kondisi pengaruh faktor ubah hormonal hormon progesteron tingkat tuju lemas otot rahim iring tumbuh janin hormon lemas otot katup tutup kerongkongan lambung asam lambung lambung kerongkongan timbul sensasi panas dada tenggorok,F3,1,1
228,6,Pertumbuhan ukuran rahim dan janin menekan lambung,tumbuh ukur rahim janin tekan lambung,F3,1,1
228,7,"Selain karena naiknya asam lambung, keluhan tenggorokan panas, sesak, dan susah napas juga perlu diwaspadai sebagai gejala dari infeksi pada paru, infeksi pada saluran napas, paparan asap dan polusi, serta asma dan alergi",asam lambung keluh tenggorok panas sesak susah napas waspada gejala infeksi paru infeksi salur napas papar asap polusi asma alergi,F3,2,2
228,8,Apakah saat bernapas ada suara tambahan seperti mengi atau grok – grok?,napas suara mengi grok grok,F2,2,2
228,9,Apakah ada batuk dan demam?,batuk demam,F2,2,2
228,10,Untuk sementara waktu Anda dapat melakukan beberapa tips berikut ini dulu ya: Tidur miring ke kiri atau dengan bantal yang lebih tinggi sehingga kepala dan dada lebih tinggi dari perut,laku tips ya tidur miring kiri bantal kepala dada perut,F3,3,3
228,11,Lebih banyak minum air putih,minum air putih,F3,4,4
228,12,"Hindari makanan yang merangsang naiknya asam lambung seperti pedas, berminyak, terlalu asam, berlemak, bergas tinggi, kafein, dan soda",hindar makan rangsang asam lambung pedas minyak asam lemak bergas kafein soda,F3,4,4
228,13,Konsumsi makanan dalam porsi lebih kecil tetapi lebih sering,konsumsi makan porsi,F3,4,4
228,14,Duduk tegak setelah makan,duduk tegak makan,F3,4,4
228,15,"Hindari berbaring setelah makan, usahakan memberi jeda setidaknya 3 jam bila ingin berbaring",hindar baring makan usaha jeda jam baring,F3,4,4
228,16,Konsumsi yoghurt atau susu hangat,konsumsi yoghurt susu hangat,F3,4,4
228,17,Gunakan pelembap udara,lembap udara,F3,4,4
228,18,Istirahat cukup,istirahat,F3,5,5
228,19,Hindari stres,hindar stres,F3,5,5
228,20,Lakukan relaksasi,laku relaksasi,F3,5,5
228,21,"Apabila dengan tips di atas keluhan panas masih dirasakan hingga mengganggu waktu tidur, mengganggu asupan makanan, atau sampai mengalami penurunan berat badan, Anda dapat berkonsultasi lebih lanjut dengan dokter kandungan melalui fitur chat dengan dokter spesialis di aplikasi alodokter agar bisa mendapatkan pengobatan yang lebih maksimal dan aman bagi ibu hamil ya",tips keluh panas ganggu tidur ganggu asupan makan alam turun berat badan konsultasi dokter kandung fitur chat dokter spesialis aplikasi alodokter obat maksimal aman hamil ya,F5,5,5
228,22,"Semoga bisa membantu Anda, Terima kasih",moga bantu terima kasih,F1,5,5
229,0,Hai,hai,F1,0,0
229,1,Wasir atau hemoroid merupakan suatu keadaan dimana terjadi pelebaran pada dinding pembuluh darah vena daerah anus,wasir hemoroid rupa lebar dinding buluh darah vena daerah anus,F3,0,0
229,2,Wasir dapat terdiri dari wasir dalam ataupun wasir luar,wasir wasir wasir,F3,1,1
229,3,Wasir dalam ( hemoroid interna) dapat terdiri dari stadium 1 - 4,wasir hemoroid interna stadium,F3,1,1
229,4,Wasir pada stadium 3 dapat menyebabkan munculnya benjolan yang keluar dari anus dan dapat dimasukan lagi dengan tangan,wasir stadium muncul benjol anus masuk tangan,F3,1,1
229,5,"Jika anda sudah mengalami wasir derajat 3, maka biasanya hal tersebut akan menyebabkan BAB darah warna merah segar, serta benjolan yang sudah cukup besar",alam wasir derajat bab darah warna merah segar benjol,F4,2,2
229,6,Pada derajat 3 biasaya diperlukan tindakan pembedahan,derajat biasaya tindak bedah,F4,3,3
229,7,Kalnex adalah suatu obat yang mengandung asam traneksamat,kalnex obat kandung asam traneksamat,F4,3,3
229,8,Obat tersebut dapat membantu menghentikan perdarahan dengan mekanisme tertentu,obat bantu henti darah mekanisme,F4,3,3
229,9,"Mengonsumsi obat kalnex dapat saja dikonsumsi pada saat haid, asalkan dengan dosis yang tepat sesuai dengan petunjuk dokter",konsumsi obat kalnex konsumsi haid dosis sesuai dokter,F4,3,3
229,10,"Oleh karena itu, disarankan agar anda memeriksakan diri langsung ke dokter spesialis bedah, sehingga dokter dapat memeriksa keadaan anda secara langsung dan memberikan obat serta dosis yang tepat sesuai dengan keadaan anda",saran periksa langsung dokter spesialis bedah dokter periksa langsung obat dosis sesuai,F5,3,3
229,11,berikut artikel yang dapat anda baca mengenai hemoroid,artikel baca kena hemoroid,F5,4,4
229,12,Semoga bermanfaat,moga manfaat,F1,4,4
229,13,terima kasih,terima kasih,F1,4,4
230,0,"Halo Nesti, Terima kasih atas pertanyaannya untuk Alodokter",halo nesti terima kasih alodokter,F1,0,0
230,1,"Sebelumnya saya hendak mengkonfirmasi terlebih dahulu, apakah pusar anak anda benar - benar mengeluarkan nanah dari lubang pusar atau pada pusar anak terlihat adanya benjolan kemerahan yang terlihat basah dan bernanah?",mengkonfirmasi pusar anak nanah lubang pusar pusar anak lihat benjol merah lihat basah nanah,F2,1,1
230,2,Pusar bayi normalnya akan mengering dan lepas dengan sendirinya dalam 1 - 2 minggu setelah dilahirkan,pusar bayi normal kering lepas minggu lahir,F4,2,2
230,3,"Bila hingga usia 5 bulan ini pusar bayi anda masih mengeluarkan nanah, kondisi tersebut adalah kondisi yang tidak normal",usia pusar bayi nanah kondisi kondisi normal,F4,2,2
230,4,Pusar yang tidak juga mengering dan mengeluarkan nanah kemungkinan disebabkan oleh infeksi pada area pusar,pusar kering nanah infeksi area pusar,F3,2,2
230,5,Kemungkinan lainnya adalah terjadinya granuloma umbilikal yaitu bila terdapat benjolan kemerahan dari dalam lubang pusar,granuloma umbilikal benjol merah lubang pusar,F3,2,2
230,6,Ada baiknya anda segera membawa bayi anda ke dokter anak agar dapat dilakukan pemeriksaan secara langsung pada pusar bayi anda,bawa bayi dokter anak laku periksa langsung pusar bayi,F5,3,3
230,7,"Bila dicurigai terdapat infeksi, maka dokter akan melakukan swab pada nanah untuk dilakukan kultur dan pemberian antibiotik",curiga infeksi dokter laku swab nanah laku kultur antibiotik,F5,3,3
230,8,"Bila terdapat granuloma umbilikal, maka dokter anda dapat melakukan tindakan tertentu untuk mengeringkan granuloma tersebut",granuloma umbilikal dokter laku tindak kering granuloma,F5,3,3
230,9,Tindakan yang dapat dilakukan antara lain pengolesan silver nitrat ataupun pengikatan pangkal granuloma,tindak laku oles silver nitrat ikat pangkal granuloma,F5,3,3
230,10,Sementara itu beberapa hal yang dapat anda lakukan saat ini antara lain: Hindari menyentuh - nyentuh pusar bayi,laku hindar sentuh nyentuh pusar bayi,F5,3,3
230,11,"Bila anda hendak melakukan perawatan atau pembersihan pusar, pastikan anda sudah mencuci tangan anda dengan sabun hingga benar - benar bersih",laku rawat bersih pusar cuci tangan sabun bersih,F5,4,4
230,12,Bersihkan area pusar dengan menggunakan kassa yang dibasahi dengan air (jangan gunakan kapas),bersih area pusar kassa basah air kapas,F5,4,4
230,13,Anda juga dapat membersihkan dengan cotton bud,bersih cotton bud,F5,4,4
230,14,"Keringkan dengan diangin - anginkan saja, jangan ditutup dengan popok atau pakaian bila belum kering setelah dibersihkan",kering angin angin tutup popok pakai kering bersih,F5,4,4
230,15,"Gulung popok agar tidak menggesek area pusar Untuk sementara, jangan biarkan area pusar bayi terendam air",gulung popok gesek area pusar biar area pusar bayi rendam air,F5,4,4
230,16,"Mandikan bayi dengan hati - hati agar pusar tidak basah / terendam air, atau lakukan pengelapan saja pada badan bayi",mandi bayi hati hati pusar basah rendam air laku kelap badan bayi,F5,4,4
230,17,"Sekian informasi dari saya, semoga cukup menjawab",sekian informasi moga,F1,4,4
231,0,Halo,halo,F1,0,0
231,1,terima kasih atas pertanyaannya,terima kasih,F1,0,0
231,2,Untuk menentukan jenis dan penyebab munculnya benjolan pada daerah kemaluan wanita diperlukan pemeriksaan langsung oleh dokter,jenis muncul benjol daerah malu wanita periksa langsung dokter,F4,0,0
231,3,"Benjolan tersebut dapat disebabkan oleh berbagai kondisi, yaitu : Kista Bartholini yang diakibatkan adanya penyumbatan di kelanjar bartholini ( kelenjar yang berfungsi untuk mengeluarkan cairan pelumas untuk melumasi dinding vagina saat wanita berhubungan intim, terletak pada sisi kiri dan kanan vagina )",benjol kondisi kista bartholini akibat sumbat kelanjar bartholini kelenjar fungsi cair lumas lumas dinding vagina wanita hubung intim letak sisi kiri kanan vagina,F3,1,1
231,4,Penyumbatan ini terjadi akibat adanya infeksi ataupun peradangan dalam jangka panjang,sumbat akibat infeksi radang jangka,F3,2,2
231,5,"Umumnya kondisi ini tidak disertai gejala apapun seperti gatal, nyeri ataupun keputihan",kondisi gejala gatal nyeri putih,F3,2,2
231,6,Namun jika disertai nyeri kemungkinan disertai dengan infeksi bakteri,nyeri infeksi bakteri,F3,2,2
231,7,"Radang saluran akar rambut / Folikulitis Infeksi virus, misalnya Herpes genital Kutil kelamin, yakni infeksi menular seksual",radang salur akar rambut folikulitis infeksi virus herpes genital kutil kelamin infeksi tular seksual,F3,2,2
231,8,"Benjolan kutil kelamin dapat berlokasi di dinding vagina, vulva, paha bagian dalam maupun anus",benjol kutil kelamin lokasi dinding vagina vulva paha anus,F3,2,2
231,9,Gejalanya adalah bintik atau benjolan berwarna merah muda atau abu - abu disertai rasa gatal atau tidak nyaman pada vagina,gejala bintik benjol warna merah muda abu abu gatal nyaman vagina,F3,2,2
231,10,Kutil kelamin dapat juga bergerombol sehingga memberi gambaran seperti kembang kol,kutil kelamin gerombol gambar kembang kol,F3,2,2
231,11,"Molluscum contagiosum, yakni infeksi virus yang menimbulkan benjolan bintil - bintil kecil yang bila dipencet keluar putih seperti nasi",molluscum contagiosum infeksi virus timbul benjol bintil bintil pencet putih nasi,F3,2,2
231,12,"Untuk itu, Anda dianjurkan untuk berkonsultasi dengan dokter agar dapat dilakukan pemeriksaan lebih lanjut",anjur konsultasi dokter laku periksa,F5,3,3
231,13,Penanganan yang sesuai dengan diagnosis akan dokter berikan,tangan sesuai diagnosis dokter ikan,F5,3,3
231,14,"Contohnya, jika disebabkan oleh kista bartholini dan ukurannya kecil dan tidak terdapat gejala apapun, umumnya dokter tidak memberikan penanganan medis khusus",contoh kista bartholini ukur gejala dokter tangan medis khusus,F5,3,3
231,15,Cukup dengan merendam di air hangat dan kista dapat mengecil dengan sendirinya,rendam air hangat kista,F5,3,3
231,16,Namun bila cukup besar atau disertai infeksi maka mungkin dokter akan memberikan antibiotik atau tindakan operasi kecil untuk mengeluarkan isi cairan / nanah dalam benjolan,infeksi dokter antibiotik tindak operasi isi cair nanah benjol,F5,3,3
231,17,"Berikut tips sementara yang dapat Anda lakukan: jaga kebersihan organ intim bersihkan organ intim dengan cara membasuhnya dari depan ke belakang untuk menghindari kontaminasi bakteri dari anus, lakukan hubungan seksual yang aman dan sehat, kenakan celana dalam yang menyerap keringat dan tidak ketat, ganti celana dalam yang basah atau lembab, kurangi pemakaian pantyliners dan pembersih vagina beraroma, hindari memencet atau memecahkan benjolan",tips laku jaga bersih organ intim bersih organ intim basuh hindar kontaminasi bakteri anus laku hubung seksual aman sehat kena celana serap keringat ketat ganti celana basah lembab pakai pantyliners bersih vagina aroma hindar pencet pecah benjol,F5,4,4
231,18,terima kasih,terima kasih,F1,4,4
232,0,Halo,halo,F1,0,0
232,1,IUD atau Intra Uterine Device adalah salah satu alat kontrasepsi yang pemakaiannya dengan cara dimasukkan ke dalam rahim untuk mencegah terjadinya pembuahan,iud intra uterine device salah alat kontrasepsi pakai masuk rahim cegah buah,F3,0,0
232,2,"IUD terdiri dari 2 jenis yaitu IUD yang terbuat dari tembaga, bisa bertahan sekitar 10 tahun",iud jenis iud tembaga tahan,F3,0,0
232,3,"IUD yang mengandung hormon, bisa bertahan sampai 5 tahun",iud kandung hormon tahan,F3,0,0
232,4,Kontrol IUD terutama dilakukan beberapa minggu (biasanya 2 minggu) setelah pemasangan IUD,kontrol iud utama laku minggu minggu pasang iud,F4,1,1
232,5,"Kontrol bertujuan untuk memastikan IUD tetap pada tempatnya dan tidak bergeser, terutama untuk IUD yang dipasangkan pasca melahirkan",kontrol tuju iud geser utama iud pasang pasca lahir,F4,1,1
232,6,Pada setiap IUD terdapat benang plastik yang berguna untuk mengetahui apakah IUD masih terpasang pada tempatnya atau tidak,iud benang plastik iud pasang,F4,1,1
232,7,"Lakukan kontrol ke dokter apabila, terjadi: rasa nyeri atau kram di area perut",laku kontrol dokter nyeri kram area perut,F5,2,2
232,8,"Terjadi pendarahan, padahal belum harus waktunya menstruasi",darah menstruasi,F5,2,2
232,9,Terjadi keputihan yang berlebihan,putih,F5,2,2
232,10,Muncul tanda - tanda atau gejala kehamilan,muncul tanda tanda gejala hamil,F5,2,2
232,11,"Ketika hal diatas terjadi, pemeriksaan perlu dilakukan untuk melihat kondisi dari IUD",periksa laku lihat kondisi iud,F5,2,2
232,12,Untuk memahami lebih jelas mengenai IUD,paham kena iud,F5,2,2
232,13,silahkan baca artikel berikut: Sisi – positif – dan – negatif – kb - spiral,silah baca artikel sisi positif negatif kb spiral,F5,3,3
232,14,Semoga membantu,moga bantu,F1,3,3
232,15,dr Theresia,dr theresia,F1,4,4
233,0,Halo!,halo,F1,0,0
233,1,Terima kasih telah menggunakan layanan konsultasi Alodokter,terima kasih layan konsultasi alodokter,F1,0,0
233,2,Tes mantoux atau dikenal juga dengan sebutan tes uji tuberkulin merupakan pemeriksaan yang bertujuan untuk menilai apakah seseorang telah terpapar kuman tuberkulosis atau tidak,tes mantoux kenal tes uji tuberkulin rupa periksa tuju nilai orang papar kuman tuberkulosis,F3,1,1
233,3,"Pemeriksaan ini seringkali dilakukan pada bayi, balita atau anak kecil untuk membantu mendiagnosa kemungkinan adanya penyakit tuberkulosis",periksa seringkali laku bayi balita anak bantu mendiagnosa sakit tuberkulosis,F3,1,1
233,4,"Tes ini menggunakan suatu antigen tuberkulosis yang disuntikkan di bawah lapisan kulit dengan jarum suntik sebanyak 0,1 ml",tes antigen tuberkulosis suntik lapis kulit jarum suntik ml,F3,2,2
233,5,Reaksi antara antigen dan antibodi tuberkulosis dari dalam tubuh akan menimbulkan indurasi / benjolan kecil di bekas suntikan yang akan tampak setelah 48 - 72 jam pasca suntikan,reaksi antigen antibodi tuberkulosis tubuh timbul indurasi benjol bekas suntik jam pasca suntik,F3,2,2
233,6,"Hasil negatif jika ditemukan indurasi kurang dari 5mm, dan positif jika indurasi lebih dari 5 mm",hasil negatif temu indurasi mm positif indurasi mm,F3,3,3
233,7,"Selain dengan test mantoux, diagnosis tuberkulosis juga harus di tunjang dengan gejala lainnya yang ditemukan berdasarkan penggalian informasi secara verbal dan pemeriksaan fisik yang dilakukan",test mantoux diagnosis tuberkulosis tunjang gejala temu dasar gali informasi verbal periksa fisik laku,F3,4,3
233,8,Paru - paru basah merupakan istilah awam di masyarakat dari penyakit tuberkulosis ( TBC),paru paru basah rupa istilah awam masyarakat sakit tuberkulosis tbc,F3,4,4
233,9,Istilah tersebut sebenarnya juga tidak tepat menggambarkan penyakit Infeksi tuberkulosis,istilah gambar sakit infeksi tuberkulosis,F3,4,4
233,10,"Pada anak anak, ada beberapa poin penting yang digunakan sebagai dasar diagnosis dalam penentuan infeksi tuberkulosis selain dengan uji mantoux, antara lain riwayat pajanan dengan penderita TBC yang positif, berat badan yang sulit naik, sering demam dengan suhu yang tidak tinggi, batuk lebih dari 3 minggu, pembesaran kelenjar getah bening, kelainan tulang dan sendi serta hasil dari foto Rontgen dada",anak anak poin dasar diagnosis infeksi tuberkulosis uji mantoux riwayat pajan derita tbc positif berat badan sulit demam suhu batuk minggu kelenjar getah bening tulang sendi hasil foto rontgen dada,F3,4,5
233,11,"Semua poin itu memiliki skor masing masing, yang bila dijumlahkan dapat menentukan apakah seorang anak dapat mulai diberikan terapi atau tidak",poin milik skor orang anak terapi,F3,5,5
233,12,Pengobatan tuberkulosis berlangsung selama 6 bulan jika dilakukan secara rutin,obat tuberkulosis langsung laku rutin,F3,6,6
233,13,"Bila pengobatan dilakukan teratur, maka kuman TBC akan mati secara bertahap dan infeksi akan sembuh",obat laku atur kuman tbc mati tahap infeksi sembuh,F3,6,6
233,14,"Penyakit tuberkulosis dikenal sebagai penyakit yang mudah sekali menular, terutama pada seseorang yang memiliki imunitas rendah",sakit tuberkulosis kenal sakit mudah tular utama orang milik imunitas rendah,F3,6,6
233,15,"Namun, penyakit ini memiliki tingkat kesembuhan yang tinggi jika pengobatan dilakukan sesuai aturan",sakit milik tingkat sembuh obat laku sesuai atur,F3,6,6
233,16,"Oleh sebab itu, pernyataan dari orang tua anda memungkinkan bahwa anda pernah mengalami infeksi tuberkulosis saat masih kecil dan telah menuntaskan pengobatan tersebut selama 6 bulan",nyata orang tua alam infeksi tuberkulosis tuntas obat,F4,6,6
233,17,Demikian informasi yang dapat saya sampaikan,informasi,F1,6,6
233,18,Semoga membantu,moga bantu,F1,6,6
234,0,Halo Septii,halo septii,F1,0,0
234,1,terima kasih sudah bertanya di Alodokter,terima kasih alodokter,F1,0,0
234,2,Kulit di sekitar vagina dapat berbeda dengan kulit di bagian tubuh lainnya,kulit vagina beda kulit tubuh,F3,1,1
234,3,"Terkadang kondisi ini dapat menyebabkan seseorang menjadi tidak percaya diri, terutama bila berwarna lebih gelap",terkadang kondisi orang percaya utama warna gelap,F3,1,1
234,4,"Namun berbagai hal dapat menjadi penyebab kulit sekitar vagina menjadi lebih gelap misalnya usia tua, kebiasaan menggunakan pakaian dalam terlalu ketat, infeksi jamur, obesitas, kebiasaan mencukur bulu kemaluan yang tidak tepat dan beberapa penyebab lainnya",kulit vagina gelap usia tua pakai ketat infeksi jamur obesitas cukur bulu malu,F3,1,1
234,5,Pada keterangan di atas anda tidak menyebutkan secara pasti jenis krim apa yang dimaksud sehingga sulit untuk menentukan kandungan pada krim,terang jenis krim maksud sulit kandung krim,F4,2,2
234,6,Sebab berbagai jenis krim memiliki manfaat berbeda bergantung kandungan di dalamnya,jenis krim milik manfaat beda gantung kandung,F4,2,2
234,7,"Namun secara umum penggunaan krim bayi dirasa kurang cocok untuk mengatasi keluhan anda, terlebih pada daerah vagina",krim bayi cocok keluh daerah vagina,F4,2,2
234,8,"Berbagai hal dapat anda coba lakukan untuk mencegah kulit sekitar vagina menjadi lebih hitam seperti menghindari penggunaan pakaian dalam terlalu ketat, segera mengganti pakaian dalam jika basah / berkeringat, jaga kebersihan vagina, hindari menggunakan sabun pembersih vagina berlebihan, jaga berat badan ideal, serta berhati - hati ketika mencukur bulu kemaluan",coba laku cegah kulit vagina hitam hindar pakai ketat ganti pakai basah keringat jaga bersih vagina hindar sabun bersih vagina jaga berat badan ideal hati hati cukur bulu malu,F3,3,3
234,9,Jika keluhan dirasa tidak mengalami perubahan atau justru semakin memberat ada baiknya mengkonsultasikan hal tersebut kepada dokter spesialis kulit,keluh alam ubah berat mengkonsultasikan dokter spesialis kulit,F5,3,4
234,10,Dokter akan memberikan krim atau salep tertentu serta tindakan medis tertentu untuk membantu mengatasi keluhan anda,dokter krim salep tindak medis bantu keluh,F5,4,4
234,11,"Sekian, semoga membantu",sekian moga bantu,F1,4,4
235,0,Hai,hai,F1,0,0
235,1,Sekumpulan gejala yang Anda alami mungkin / tidak berhubungan antara satu sama lainnya,kumpul gejala alami hubung,F4,1,1
235,2,"Contohnya, bisa saja nyeri punggung Anda menyebabkan Anda kurang beristirahat di malam hari sehingga Anda pun menjadi sering lemas, akibatnya daya tahan tubuh pun berkurang menyebabkan gejala infeksi virus yang meliputi nyeri persendian dan nafsu makan kurang",contoh nyeri punggung istirahat malam lemas akibat daya tahan tubuh gejala infeksi virus liput nyeri sendi nafsu makan,F4,1,1
235,3,"Atau bisa saja setiap gejala tersebut masing - masing tidak berkaitan satu sama lain, seperti nyeri punggung karena batu ginjal, lemas karena kencing manis, tenggorokan berdahak karena merokok dan sebagainya",gejala kait nyeri punggung batu ginjal lemas kencing manis tenggorok dahak rokok,F4,1,1
235,4,"Nyeri punggung bisa disebabkan oleh sakit maag, nyeri otot, batu ginjal, jepitan saraf punggung dan sebagainya",nyeri punggung sakit maag nyeri otot batu ginjal jepit saraf punggung,F3,1,1
235,5,"Nyeri sendi pangkal tangan bisa disebabkan oleh posisi tangan saat bekerja (misalnya mouse atau keyboard), carpal tunnel syndrome, gejala pra - infeksi virus, dan sebagainya",nyeri sendi pangkal tangan posisi tangan kerja mouse keyboard carpal tunnel syndrome gejala pra infeksi virus,F3,1,1
235,6,"Sedangkan nafsu makan berkurang, lemas dan dahak tenggorokan bisa disebabkan oleh bronkhitis, infeksi TBC , kanker paru, dan sebagainya",nafsu makan lemas dahak tenggorok bronkhitis infeksi tbc kanker paru,F4,1,1
235,7,"Karena banyaknya kemungkinan yang ada (dan kemungkinan ada / tidaknya hubungan antara satu dan lain gejala), Anda sebaiknya berkonsultasi secara langsung dengan Dokter",hubung gejala konsultasi langsung dokter,F5,2,2
235,8,Dokter akan melakukan penggalian riwayat terarah dan pemeriksaan fisik,dokter laku gali riwayat arah periksa fisik,F5,2,2
235,9,"Mungkin diperlukan pemeriksaan tambahan seperti pemeriksaan dahak, pemeriksaan darah dan foto Rontgen",periksa periksa dahak periksa darah foto rontgen,F5,2,3
235,10,"Setelah penyebabnya jelas, barulah penanganan yang tepat bisa mengikuti",tangan,F5,3,3
235,11,Berikut tips untuk Anda: Kurangi / berhenti merokok,tips henti rokok,F5,3,3
235,12,Kompres hangat punggung,kompres hangat punggung,F5,3,3
235,13,Biasakan makan secara teratur,makan atur,F5,3,3
235,14,Kelola stres dengan baik,kelola stres,F5,4,4
235,15,"Apabila Anda sering bekerja menggunakan komputer, usahakan mengatur posisi duduk yang baik, sehingga kedua tangan cukup rileks untuk mengetik / menggerakkan mouse dan kepala tidak terlalu menunduk saat melihat monitor",kerja komputer usaha atur posisi duduk tangan rileks tik gerak mouse kepala tunduk lihat monitor,F5,4,4
235,16,"Sekian, semoga bermanfaat",sekian moga manfaat,F1,5,5
235,17,dr Radius Kusuma,dr radius kusuma,F1,5,5
236,0,Hai,hai,F1,0,0
236,1,"Pada kenyataannya banyak sekali mitos yang beredar mengenai kehamilan, dan tidak semua mitos tersebut benar atau berhubungan dengan kondisi medis atau kesehatan",nyata mitos edar kena hamil mitos hubung kondisi medis sehat,F3,0,0
236,2,"Untuk tidak bicara jelek apabila melihat orang yang cacat fisik atau mental hal tersebut baik adanya, hal tersebut berhubungan dengan perilaku juga etika dari seseorang, tetapi berhubungan secara langsung dengan anak yang nanti akan Anda lahirkan tidak ada hubungan secara langsung",bicara jelek lihat orang cacat fisik mental hubung perilaku etika orang hubung langsung anak lahir hubung langsung,F3,0,0
236,3,Kondisi anak yang akan Anda lahirkan nanti tergantung daripada : perpaduan genetik kedua orang tua gizi bayi selama dalam kandungan kondisi kesehatan fisik ibu selama mengandung asupan makanan yang dimakan ibu kondisi selama melahirkan tidak ada gangguan tidak ada infeksi pada ibu yang mengganggu janin kekurangan nutrisi tertentu paparan zat kimia tertentu obat - obatan tertentu,kondisi anak lahir gantung padu genetik orang tua gizi bayi kandung kondisi sehat fisik kandung asupan makan makan kondisi lahir ganggu infeksi ganggu janin nutrisi papar zat kimia obat obat,F3,0,0
236,4,"Agar kondisi kesehatan ibu dan bayi terpantau, rajinlah lakukan pemeriksaan kehamilan sesuai anjuran dan waktu yang disarankan, atau jika ada keluhan - keluhan ada sakit yang dialami",kondisi sehat bayi pantau rajin laku periksa hamil sesuai anjur saran keluh keluh sakit alami,F3,0,0
236,5,"Kondisi genetik memang berpengaruh pada kondisi janin atau bayi Anda, tetapi yang berhubungan langsung adalah gen ayah dan ibunya",kondisi genetik pengaruh kondisi janin bayi hubung langsung gen ayah,F3,0,0
236,6,"Yang perlu Anda ketahui secara pasti adalah penyebab kecacatan yang dialami oleh adik suami Anda apakah akibat bawaan dari lahir ataukah karena suatu kondisi tertentu atau kecelakaan, jika karena bawaan sejak lahir mungkin saja suami Anda memiliki juga gen tersebut tetapi tidak dominan dan bisa ada kemungkinan dapat terjadi hal serupa walaupun kemungkinannya kecil atau masalah genetik memang tidak dapat diprediksi sebelumnya",cacat alami adik suami akibat bawa lahir kondisi celaka bawa lahir suami milik gen dominan rupa genetik prediksi,F4,0,0
236,7,"Tetapi jika terjadi hal tersebut bukanlah karena kecemasan Anda atau pikiran yang membatin tersebut, hal tersebut hanyalah mitos",cemas pikir batin mitos,F4,0,0
236,8,Untuk memprediksi kondisi kelainan atau fisik anak Anda lebih detail Anda dapat memeriksakan ke ahli fetomaternal,prediksi kondisi fisik anak detail periksa ahli fetomaternal,F5,0,0
236,9,"Beberapa hal yang sebaiknya Anda perhatikan : asupan makanan yang Anda makan kecukupan, istirahat cukup, minum air putih, zat atau nutrisi tambahan yang diperlukan bayi, penggunaan obat - obatan harus yang aman dan sesuai anjuran dokter, periksakan kondisi kehamilan Anda secara rutin sesuai anjuran, hindari stres berlebih dapat merangsang kontraksi",perhati asupan makan makan istirahat minum air putih zat nutrisi bayi obat obat aman sesuai anjur dokter periksa kondisi hamil rutin sesuai anjur hindar stres rangsang kontraksi,F5,1,1
236,10,"baca hal terkait pemeriksaan kehamilan, kelainan genetik",baca kait periksa hamil genetik,F5,1,1
236,11,"Semoga bermanfaat, terima kasih dr Danny",moga manfaat terima kasih dr danny,F1,2,2
237,0,Halo Putri,halo putri,F1,0,0
237,1,Rasa mual dapat timbul oleh beberapa kemungkinan penyebab seperti diantaranya adalah : Melewatkan waktu makan,mual timbul makan,F3,1,1
237,2,Kurang istirahat,istirahat,F3,1,1
237,3,"Gangguan pencernaan seperti misalnya sakit maag, penyakit asam lambung, infeksi saluran pencernaan",ganggu cerna sakit maag sakit asam lambung infeksi salur cerna,F3,1,1
237,4,Keracunan makanan,racun makan,F3,1,1
237,5,Kondisi hamil terutama di awal kehamilan yang disebut dengan morning sickness,kondisi hamil utama hamil morning sickness,F3,2,2
237,6,"Efek obat tertentu Kondisi lain seperti mabuk kendaraan, vertigo, kondisi psikis seperti stres, cemas, depresi dan lainnya",efek obat kondisi mabuk kendara vertigo kondisi psikis stres cemas depresi,F3,2,2
237,7,"Rasa mual dapat disertai gejala lainnya seperti sakit kepala, pusing , demam, muntah, nyeri pada perut, penglihatan kabur, pingsan, gejala dehidrasi dan gejala lain",mual gejala sakit kepala pusing demam muntah nyeri perut lihat kabur pingsan gejala dehidrasi gejala,F3,3,3
237,8,"Untuk itu perlu diperhatikan kondisi apa yang menimbulkan gejala timbul, upayakan untuk memperbaiki pola makan, hindari makanan yang mengiritasi saluran pencernaan, pilih makanan yang tidak berbau atau makan dalam keadaan dingin sehingga aroma makanan tidak memicu mual, cukupi kebutuhan cairan dengan minum air putih lebih banyak, istirahat dengan cukup, konsumsi minuman hangat seperti jahe untuk mengurangi mual, atau dapat mengonsumsi obat antimual",perhati kondisi timbul gejala timbul upaya pola makan hindar makan iritasi salur cerna pilih makan bau makan dingin aroma makan picu mual butuh cair minum air putih istirahat konsumsi minum hangat jahe mual konsumsi obat antimual,F5,4,4
237,9,Hindari penggunaan gadget terlalu lama karena juga dapat memicu mual,hindar gadget picu mual,F5,4,4
237,10,Jika keluhan tidak membaik atau bertambah berat sampai sulit untuk mendapat asupan cairan atau makanan maka perlu untuk diperiksakan agar mendapatkan penanganan yang sesuai dengan kondisi yang Anda alami,keluh berat sulit asupan cair makan periksa tangan sesuai kondisi alami,F5,4,4
237,11,Semoga bermanfaat,moga manfaat,F1,4,4
238,0,Hai,hai,F1,0,0
238,1,Dahak merupakan lendir / cairan yang dibentuk oleh tubuh untuk membersihkan saluran nafas,dahak rupa lendir cair bentuk tubuh bersih salur nafas,F3,1,1
238,2,"Dalam kondisi tertentu di mana terjadi iritasi, peradangan atau infeksi pada saluran nafas, produksi dahak dapat meningkat dan disertai dengan batuk sebagai refleks untuk mengeluarkan dahak",kondisi iritasi radang infeksi salur nafas produksi dahak tingkat batuk refleks dahak,F3,1,1
238,3,Dahak yang berwarna kuning atau hijau dapat mengindikasikan adanya infeksi pada saluran napas akibat bakteri,dahak warna kuning hijau indikasi infeksi salur napas akibat bakteri,F3,1,1
238,4,Sedangkan dahak yang berwarna cokelat kemerahan atau bercampur darah perlu dipikirkan kemungkinan adanya perdarahan pada saluran napas atau pencernaan,dahak warna cokelat merah campur darah pikir darah salur napas cerna,F3,1,1
238,5,Keluhan yang Anda alami dapat diakibatkan oleh berbagai kemungkinan penyebab berikut ini: Merokok,keluh alami akibat rokok,F4,1,1
238,6,Bronkhitis,bronkhitis,F4,2,2
238,7,TBC / Tuberkulosis,tbc tuberkulosis,F4,2,2
238,8,Sinusitis (peradangan rongga tulang wajah),sinusitis radang rongga tulang wajah,F4,2,2
238,9,Edema paru (penumpukan cairan pada paru),edema paru tumpuk cair paru,F4,2,2
238,10,Penyakit asam lambung (naiknya asam lambung ke kerongkongan),sakit asam lambung asam lambung kerongkongan,F4,2,2
238,11,Gangguan jantung,ganggu jantung,F4,2,2
238,12,Kanker tenggorokan / paru dan sebagainya,kanker tenggorok paru,F4,2,2
238,13,Untuk memastikan penyebabnya sebaiknya Anda berkonsultasi dengan dokter agar dapat dilakukan pemeriksaan lebih lanjut,konsultasi dokter laku periksa,F5,3,3
238,14,"Dokter akan melakukan pemeriksaan fisik dan tes penunjang yang diperlukan seperti tes dahak, X - Ray, CT Scan dan sebagainya",dokter laku periksa fisik tes tunjang tes dahak x ray ct scan,F5,3,3
238,15,Dengan demikian penyebabnya dapat diidentifikasi dan ditangani secara tepat,identifikasi tangan,F5,3,4
238,16,Berikut anjuran yang dapat Anda lakukan: Beristirahat cukup dan mengonsumsi makanan bergizi untuk menjaga daya tahan tubuh,anjur laku istirahat konsumsi makan gizi jaga daya tahan tubuh,F5,4,4
238,17,Banyak minum air putih 2 - 3 liter sehari untuk mengencerkan dahak,minum air putih liter encer dahak,F5,4,5
238,18,Berkumur dengan air garam hangat dapat membantu meredakan iritasi tenggorokan dan mengencerkan dahak,kumur air garam hangat bantu reda iritasi tenggorok encer dahak,F5,4,5
238,19,Stop merokok,stop rokok,F5,5,5
238,20,Mengenakan masker saat berpergian keluar rumah,kena masker berpergian rumah,F5,5,5
238,21,Berolahraga secara teratur,olahraga atur,F5,5,6
238,22,Mengelola stres dengan bijak,kelola stres bijak,F5,6,6
238,23,Baca laman artikel berikut ini: Batuk berdahak Batuk darah,baca laman artikel batuk dahak batuk darah,F5,6,6
238,24,Demikian semoga bermanfaat,moga manfaat,F1,6,6
238,25,"Salam, dr Muliani Sukiman",salam dr muliani sukiman,F1,7,7
239,0,Halo,halo,F1,0,0
239,1,Menstruasi adalah proses luruhnya dinding rahim yang keluar menjadi darah,menstruasi proses luruh dinding rahim darah,F3,0,0
239,2,Biasanya siklusnya pada wanita terjadi setiap 28 - 35 hari dengan durasi waktu menstruasi adalah selama 3 - 7 hari,siklus wanita durasi menstruasi,F3,0,0
239,3,Tiap wanita bisa memiliki waktu berbeda - beda dan durasi menstruasi berbeda,wanita milik beda beda durasi menstruasi beda,F3,0,0
239,4,"Menstruasi tidak lancar, bisa disebabkan karena berbagai hal seperti: Efek samping penggunaan obat kontrasepsi",menstruasi lancar efek samping obat kontrasepsi,F3,1,1
239,5,Kehamilan,hamil,F3,1,1
239,6,"Pola hidup sehari - hari (misalnya kelebihan berat badan / obesitas, penurunan berat badan berlebihan pada suatu waktu / diet ketat, stres yang tinggi, dan lain - lain)",pola hidup berat badan obesitas turun berat badan diet ketat stres,F3,1,1
239,7,Sindrom ovarium polikstik (PCOS) yaitu kumpulan gejala yang disebabkan oleh kista kecil di dalam indung telur,sindrom ovarium polikstik pcos kumpul gejala kista indung telur,F3,1,1
239,8,Ada gangguan pada tiroid Menstruasi yang tidak lancar / tidak teratur mengkhwatirkan dan membuat seorang wanita cemas,ganggu tiroid menstruasi lancar atur mengkhwatirkan orang wanita cemas,F3,1,1
239,9,"Untuk itu, hal pertama yang harus dilakukan adalah mengetahui penyebabnya",laku,F5,1,1
239,10,"Umumnya menstruasi yang tidak teratur atau tidak lancar tidak memerlukan pengobatan medis dan dapat diatasi dengan menjalani pola hidup sehat, asupan gizi yang baik, serta pengobatan dengan bahan - bahan alami",menstruasi atur lancar obat medis jalan pola hidup sehat asupan gizi obat bahan bahan alami,F3,1,1
239,11,"Namun, jika muncul kondisi seperti di bawah ini, sebaiknya Anda lakukan konsultasi langsung ke dokter untuk dilakukan pemeriksaan secara menyeluruh",muncul kondisi laku konsultasi langsung dokter laku periksa,F5,2,2
239,12,"Kondisi yang harus diwaspadai tersebut adalah: mengalami perdarahan yang tidak biasa pada saat menstruasi hingga Anda perlu mengganti pembalut tiap jam, menstruasi Anda terjadi selama lebih dari 7 hari, mengalami flek atau pendarahan setelah melakukan hubungan intim, nyeri perut yang tidak tertahankan",kondisi waspada alam darah menstruasi ganti balut jam menstruasi alam flek darah laku hubung intim nyeri perut tahan,F5,2,2
239,13,Segera kunjungi dokter atau puskesmas terdekat untuk dilakukan penanganan,kunjung dokter puskesmas laku tangan,F5,3,2
239,14,"Semoga membantu, dr Theresia",moga bantu dr theresia,F1,3,3
240,0,Selamat pagi,selamat pagi,F1,0,0
240,1,Terima kasih sudah bertanya ke Alodokter,terima kasih alodokter,F1,0,0
240,2,"Terkait dengan keluhan yang dialami bisa disebabkan oleh berbagai hal, beberapa hal yang mungkin menjadi kemungkinan penyebab adalah 1 Infeksi saluran kemih adalah kondisi terjadinya peradangan akibat bakteri, jamur, atau virus pada saluran kemih, hal ini biasanya terkait dengan higenitas, beberapa gejala yang dirasakan adalah BAK terasa tidak tuntas, sering ke toilet, BAK menjadi lebih keruh pada beberapa kondisi bisa disertai dengan darah, rasa panas saat BAK",kait keluh alami infeksi salur kemih kondisi radang akibat bakteri jamur virus salur kemih kait higenitas gejala bak tuntas toilet bak keruh kondisi darah panas bak,F4,1,1
240,3,2 Batu saluran kemih adalah terjadinya sumbatan pada saluran kemih akibat terbentuknya batu,batu salur kemih sumbat salur kemih akibat bentuk batu,F4,1,1
240,4,"Hal ini sering pada seseorang yang kurang asupan cairan, bekerja pada tempat yang panas dan terpapar matahari langsung",orang asupan cair kerja panas papar matahari langsung,F4,2,1
240,5,"Biasanya yang dirasakan adalah nyeri pinggang atau bisa menjalar sampai dengan daerah selangkangan, BAK terasa tidak tuntas, BAK dapat disertai dengan darah yang kadang tampak cukup jelas",nyeri pinggang jalar daerah selangkang bak tuntas bak darah kadang,F4,2,1
240,6,3 Infeksi Menular seksual biasanya adalah terjadi di jalan lahir terkait dengan kehidupan seksual lebih sering terjadi bila pasangan memiliki keluhan serupa,infeksi tular seksual jalan lahir kait hidup seksual pasang milik keluh rupa,F4,2,2
240,7,Biasanya yang tampak adalah keluarnya cairan yang seperti sekret berupa kuning sampai dengan kehijauan pada beberapa kondisi tampak bewarna putih keabuan hal tersebut terkait dengan penyebab,cair sekret rupa kuning hijau kondisi bewarna putih abuan kait,F4,2,3
240,8,"Bila mengalami hal ini sebaiknya lakukan beberapa hal seperti 1 Perbanyak asupan cairan sekitar 1,5 sampai dengan 2 liter per hari",alam laku asupan cair liter,F3,2,3
240,9,2 Jaga higinitas dengan membilas dari depan ke belakang,jaga higinitas bilas,F3,3,3
240,10,3 Hindari multi partner,hindar multi partner,F3,3,4
240,11,Bila gejala tersebut sangat menganggu aktivitas sehari - hari maka sebaiknya konsutlasikan dengan dokter khususnya spesialis kulit dan kelamin atau urologi,gejala menganggu aktivitas konsutlasikan dokter khusus spesialis kulit kelamin urologi,F5,4,4
240,12,Hal ini bertujuan untuk mencari penyebab pasti,tuju cari,F5,5,5
240,13,"Pada kondisi tidak dapat BAK lebih dari 24 jam, BAK tampak darah yang jelas sebaiknya segera ke RS hal ini agar dapat ditatalaksana dengan segera",kondisi bak jam bak darah rs ditatalaksana,F5,5,5
240,14,Demikian informasi yang dapat saya sampaikan,informasi,F1,5,5
240,15,Terima kasih,terima kasih,F1,5,5
241,0,"Hai Asih, Terima kasih telah bertanya di Alodokter",hai asih terima kasih alodokter,F1,0,0
241,1,"Untuk dapat menentukan obat atau penanganan yang tepat untuk kondisi medis tertentu, dibutuhkan kepastian diagnosis yang biasanya melalui penggalian riwayat dan pemeriksaan fisik",obat tangan kondisi medis butuh diagnosis gali riwayat periksa fisik,F3,0,0
241,2,"Pada kasus Anda, kondisi gatal pada area kemaluan dan gatal pada tangan dan kaki bisa saja merupakan dua kondisi yang betul - betul berbeda",kondisi gatal area malu gatal tangan kaki rupa kondisi beda,F4,0,0
241,3,Diantara gatal pada kemaluan bisa disebabkan oleh: Alergi Gigitan serangga Tungau atau parasit,gatal malu alergi gigit serangga tungau parasit,F3,1,1
241,4,Infeksi jamur Infeksi bakteri,infeksi jamur infeksi bakteri,F3,1,1
241,5,Infeksi virus,infeksi virus,F3,1,1
241,6,Infeksi menular seksual,infeksi tular seksual,F3,1,1
241,7,"Tentu pengobatan untuk infeksi jamur adalah dengan memberikan anti jamur, antibiotik untuk infeksi bakteri, dan antihistamin untuk alergi",obat infeksi jamur anti jamur antibiotik infeksi bakteri antihistamin alergi,F3,1,1
241,8,Sehingga yang ingin kami sampaikan adalah akan lebih baik bila Anda memeriksakan kondisi Anda pada dokter spesialis kulit dan kelamin agar Anda bisa mendapatkan penanganan yang lebih tepat,periksa kondisi dokter spesialis kulit kelamin tangan,F5,2,2
241,9,"Sementara itu yang dapat Anda lakukan dirumah adalah menjaga kebersihan area kemaluan Anda, menjaga kebersihan kamar dan lingkungan Anda, dan tidak menggaruk terlalu keras bagian yang gatal tersebut",laku rumah jaga bersih area malu jaga bersih kamar lingkung garuk keras gatal,F5,2,2
241,10,"Anda juga sebaiknya memperhatikan kapan saja waktunya muncul gatal pada tangan atau kemaluan Anda, agar dokter Anda nanti akan lebih mudah untuk menentukan kondisi apa yang sebenarnya sedang Anda alami",hati muncul gatal tangan malu dokter mudah kondisi alami,F5,2,2
241,11,Semoga Anda dan keluarga sehat selalu,moga keluarga sehat,F1,2,2
241,12,"Sekian, semoga membantu",sekian moga bantu,F1,2,2
241,13,dr Amadeo D Basfiansa,dr amadeo d basfiansa,F1,2,2
242,0,Halo,halo,F1,0,0
242,1,"Jika Anda mengalami keguguran, rentang waktu untuk mendapatkan siklus menstruasi normal berkisar 4 - 12 minggu setelah prosedur (rata - rata 8 minggu / 2 bulan)",alam gugur rentang siklus menstruasi normal kisar minggu prosedur minggu,F3,0,0
242,2,"Hal ini bervariasi pada setiap individu, tergantung pada kadar hormon kehamilan yang masih terdapat pada tubuh, tekanan psikis atau depresi dapat mempengaruhi siklus haid (proses keguguran dapat mempengaruhi suasana perasaan Ibu), dan kemungkinan lain yang mengakibatkan siklus menstruasi masih terganggu",variasi individu gantung kadar hormon hamil tubuh tekan psikis depresi pengaruh siklus haid proses gugur pengaruh suasana akibat siklus menstruasi ganggu,F3,0,0
242,3,Dokter spesialis Kandungan dan Kebidanan menyarankan Anda hamil setelah 3 bulan paska keguguran agar memastikan fisik dan mental Anda siap mengalami kehamilan lagi,dokter spesialis kandung bidan saran hamil paska gugur fisik mental alam hamil,F4,1,1
242,4,Keluhan nyeri perut bawah disertai dengan kembung belum tentu disebabkan karena masalah pada organ reproduksi Anda,keluh nyeri perut kembung organ reproduksi,F4,2,2
242,5,"Pertimbangkan kemungkinan gangguan pencernaan, seperti yang Kami sebutkan di bawah ini : Refluks asam lambung dan gas lambung yang disebabkan oleh penyakit refluks gastroesophageal",timbang ganggu cerna refluks asam lambung gas lambung sakit refluks gastroesophageal,F3,2,2
242,6,Penyakit atau kelainan yang berhubungan dengan pergerakan makanan di dalam usus yang lebih lambat,sakit hubung gerak makan usus lambat,F3,2,2
242,7,Luka / tukak pada dinding lambung atau usus dua belas jari,luka tukak dinding lambung usus belas jari,F3,2,2
242,8,Ketidakmampuan usus mencerna susu dan produk turunan susu serta pemanis buatan,ketidakmampuan usus cerna susu produk turun susu manis,F3,2,2
242,9,Infeksi kantung empedu dan atau adanya batu empedu,infeksi kantung empedu batu empedu,F3,2,2
242,10,"Wasir Efek samping dari kafein dalam teh dan kopi, dan efek samping dari beberapa obat nyeri seperti asam asetilsalisilat, ibuprofen,beberapa jenis antibiotik, obat anti radang, obat untuk meredakan sesak nafas, dan lain - lain",wasir efek samping kafein teh kopi efek samping obat nyeri asam asetilsalisilat ibuprofenbeberapa jenis antibiotik obat anti radang obat reda sesak nafas,F3,3,3
242,11,Depresi dan kecemasan,depresi cemas,F3,3,3
242,12,"Cobalah beberapa tips berikut untuk mengatasi keluhan perut Anda : Makanlah dengan porsi kecil namun sering, jarak antar makan diusahakan kurang dari 3 jam",coba tips keluh perut makan porsi jarak makan usaha jam,F3,4,4
242,13,"Anda tidak harus makan makanan lengkap, tapi bisa berupa camilan",makan makan lengkap rupa camil,F3,4,4
242,14,"Setelah makan dalam porsi yang agak banyak, usahakan untuk menunggu 2 sampai 3 jam sebelum tidur / membaringkan diri",makan porsi usaha tunggu jam tidur baring,F3,4,4
242,15,"Hindari makanan minuman yang anda rasakan mengganggu pencernaan anda setelah Mengonsumsinya, seperti coklat, teh, kopi, minuman beralkohol, makanan pedas, makanan / minuman asam dan bersoda, dan lain - lain",hindar makan minum ganggu cerna konsumsi coklat teh kopi minum alkohol makan pedas makan minum asam soda,F3,4,4
242,16,Anda perlu memperhatikan reaksi pencernaan anda setelah memakan / meminum sesuatu,hati reaksi cerna makan minum,F4,4,4
242,17,Bila perlu catat dalam buku agar anda dapat menghindari makanan / minuman tersebut di lain waktu,catat buku hindar makan minum,F4,4,4
242,18,Jangan merokok,rokok,F4,4,4
242,19,Jangan menggunakan pakaian yang terlalu ketat di daerah perut dan pinggang,pakai ketat daerah perut pinggang,F4,5,5
242,20,"Bila berat badan Anda berlebih, cobalah menurunkan berat badan anda secara perlahan namun tetap sehat",berat badan coba turun berat badan perlahan sehat,F4,5,5
242,21,"Lebih lengkap mengenai Perut Kembung, dapat Anda baca dalam artikel Alodokter dengan klik di sini",lengkap kena perut kembung baca artikel alodokter klik,F5,6,6
242,22,"Bila keluhan tidak membaik setelah menjalankan saran Kami di atas, Anda perlu berkonsultasi langsung dengan Dokter",keluh jalan saran konsultasi langsung dokter,F5,6,6
242,23,"Dokter akan melakukan tanya jawab medis yang detail, pemeriksaan fisik yang menyeluruh terutama pemeriksaan kondisi mulut rahim",dokter laku medis detail periksa fisik utama periksa kondisi mulut rahim,F5,6,6
242,24,"Bila diperlukan Dokter akan melakukan USG perut untuk kembali melihat kondisi perut rahim Anda, serta pemeriksaan darah",dokter laku usg perut lihat kondisi perut rahim periksa darah,F5,6,6
242,25,"Jalankan Pola Hidup Sehat dengan makan makanan Bergizi Seimbang, Berolahraga secara teratur, Mengonsumsi air minum dalam jumlah yang cukup, dan mengelola stres dengan bijaksana",jalan pola hidup sehat makan makan gizi imbang olahraga atur konsumsi air minum kelola stres bijaksana,F5,7,7
242,26,Pola hidup sehat sangat membantu Anda kembali pulih setelah proses keguguran,pola hidup sehat bantu pulih proses gugur,F5,7,7
242,27,Anda dapat membaca mengenai Keguguran dan Cara Cepat Hamil setelah Keguguran dalam artikel Alodokter dengan klik di sini dan di sini,baca kena gugur cepat hamil gugur artikel alodokter klik,F5,8,8
242,28,"Demikian informasi yang dapat Kami bagikan, semoga membantu Anda",informasi moga bantu,F1,8,8
242,29,"Salam sehat, dr Caecilia",salam sehat dr caecilia,F1,8,8
243,0,"Hai Pradita Rizki Iriani, Terima kasih telah bertanya ke Alodokter",hai pradita rizki iri terima kasih alodokter,F1,0,0
243,1,Frekuensi menstruasi yang jarang di artikan sebagai jarak antar menstruasi yang melebihi 35 hari,frekuensi menstruasi jarang artik jarak menstruasi,F3,1,1
243,2,Dalam dunia medis kondisi ini disebut sengan oligomenorrhea,dunia medis kondisi seng oligomenorrhea,F3,1,1
243,3,"Menstruasi yang jarang ini bisa disertai perdarahan menstruasi yang normal, sedikit, atau justru banyak",menstruasi jarang darah menstruasi normal,F3,1,1
243,4,"Penyebabnya bisa karena beberapa kondisi, misalnya: Kista ovarium (sel telur gagal matang dengan sempurna namun justru terisi cairan membentuk kista di indung telur)",kondisi kista ovarium sel telur gagal matang sempurna isi cair bentuk kista indung telur,F3,1,1
243,5,Kelainan kelenjar tiroid,kelenjar tiroid,F3,1,1
243,6,"Kegemukan, obesitas",gemuk obesitas,F3,2,1
243,7,Stres berlebihan,stres,F3,2,1
243,8,Kurang gizi,gizi,F3,2,1
243,9,Menggunakan kontrasepsi,kontrasepsi,F3,2,1
243,10,Penyakit kronis lainnya,sakit kronis,F3,2,1
243,11,Normal atau tidaknya kondisi ini tergantung dari apakah sebab yang mendasarinya,normal kondisi gantung dasar,F3,2,1
243,12,"Namun, jika menstruasi pernah tidak datang hingga lebih dari 3 bulan berturut - turut, sebaiknya Anda memeriksakan diri secara langsung ke dokter spesialis kandungan (obstetri dan ginekologi) untuk pemeriksaan lebih lanjut ya",menstruasi periksa langsung dokter spesialis kandung obstetri ginekologi periksa ya,F5,2,2
243,13,"Jika diperlukan, dokter akan melakukan pemeriksaan laboratorium atau USG",dokter laku periksa laboratorium usg,F5,2,2
243,14,"Jika dibiarkan berlarut - larut, bisa saja kondisi ini akan mempengaruhi kesuburan Anda di kemudian hari",biar larut larut kondisi pengaruh subur,F5,3,3
243,15,"Sebagai langkah awal, sebaiknya : Jika Anda memiliki masalah dengan kegemukan, lakukanlah diet untuk menurunkan berat badan",langkah milik gemuk laku diet turun berat badan,F5,4,4
243,16,Hindari stres dan cemas yang berlebihan,hindar stres cemas,F5,4,4
243,17,Olahraga secara teratur,olahraga atur,F5,4,4
243,18,Makan makanan yang bergizi seimbang,makan makan gizi imbang,F5,4,4
243,19,Semoga membantu ya,moga bantu ya,F1,5,5
243,20,dr Nadia Nurotul Fuadah,dr nadia nurotul fuadah,F1,5,5
244,0,Hai Kayla,hai kayla,F1,0,0
244,1,"Domperidone adalah obat antiemetik yang berfungsi untuk meredakan rasa mual, rasa tidak nyaman akibat kekenyangan, perut kembung, serta gejala refluks asam lambung",domperidone obat antiemetik fungsi reda mual nyaman akibat kenyang perut kembung gejala refluks asam lambung,F3,0,0
244,2,Obat ini mengandung laktosa sehingga bila Anda memiliki intoleransi terhadap laktosa maka hindari obat ini,obat kandung laktosa milik intoleransi hadap laktosa hindar obat,F3,1,1
244,3,Sebelum meminum obat ini ada beberapa peringatan yang harus diperhatikan: - hindari meminum obat ini bila mengalami alergi,minum obat perhati hindar minum obat alam alergi,F3,1,1
244,4,- bagi penderita gangguan hati dan ginjal disarankan untuk meminum obat ini dalam dosis yang lebih kecil,derita ganggu hati ginjal saran minum obat dosis,F3,1,1
244,5,Begitu pula bagi ibu hamil,hamil,F3,1,1
244,6,- obat ini tidak disarankan untuk ibu menyusui,obat saran susu,F3,1,1
244,7,- obat ini tidak disarankan bagi penderita yang memiliki Penyakit jantung,obat saran derita milik sakit jantung,F3,1,1
244,8,"- apabila pada saat yang sama Anda meminum beberapa obat lain, silakan beritahukan dokter karena obat ini memiliki interaksi dengan beberapa obat",minum obat sila beritahukan dokter obat milik interaksi obat,F3,1,1
244,9,Tablet domperidone dapat diberikan pada orang dewasa dan remaja yang berat badannya lebih atau sama dengan 35 kg,tablet domperidone orang dewasa remaja berat badan kg,F3,2,2
244,10,"Apabila berat badan Anda lebih kecil dari 35 kg, maka biasanya dokter akan memberikan domperidone sirup yang dosisnya dihitung berdasarkan berat badan Anda",berat badan kg dokter domperidone sirup dosis hitung dasar berat badan,F3,2,2
244,11,"Jika berat badan Anda di bawah 35 kg, silakan Anda konsultasikan kembali ke dokter Anda agar dokter dapat mengganti sediaan obat ini dan menyesuaikan dosisnya sesuai dengan berat badan Anda",berat badan kg sila konsultasi dokter dokter ganti sedia obat suai dosis sesuai berat badan,F5,2,2
244,12,Obat ini dapat diminum 3 - 4 kali per hari sebelum makan,obat minum kali makan,F5,3,3
244,13,Semoga informasi ini berguna,moga informasi,F1,3,3
244,14,dr Aloisia,dr aloisia,F1,3,3
245,0,"Hai Kinasih, Terima kasih telah bertanya di Alodokter",hai kinasih terima kasih alodokter,F1,0,0
245,1,"Gejala yang Anda rasakan bisa merupakan satu kesatuan dari sebuah penyakit yang sama, namun juga bisa diakibatkan oleh beberapa kondisi dalam waktu bersamaan",gejala rupa buah sakit akibat kondisi,F4,1,1
245,2,"Untuk nyeri perut bagian bawah, perlu Anda perhatikan lagi apakah Anda memiliki gangguan pada berkemih, muncul benjolan atau ada gangguan pada siklus menstruasi dan sebagainya",nyeri perut perhati milik ganggu kemih muncul benjol ganggu siklus menstruasi,F2,1,1
245,3,"Lemas, kepala pusing dan terasa sangat mengantuk tidak umum dirasakan bagi orang yang baru saja makan, kecuali jika makanannya itu mengandung terlalu banyak karbohidrat dan garam",lemas kepala pusing antuk orang makan kecuali makan kandung karbohidrat garam,F4,1,1
245,4,"Disamping itu juga mungkin bukan karena makanannya, namun seperti yang telah kami sampaikan, bisa saja itu karena kondisi medis lain yang muncul bertepatan setelah Anda makan",samping makan kondisi medis muncul makan,F4,1,1
245,5,"Sehingga yang ingin kami sampaikan, sebaiknya Anda perhatikan lagi apakah gejala ini menetap atau sudah hilang sama sekali?",perhati gejala hilang,F2,1,1
245,6,Apakah sering atau baru pertama kali?,kali,F2,1,1
245,7,Apakah selalu nyeri perut bagian bawah disertai dengan pusing dan lemas atau apakah selalu setiap habis makan Anda merasa pusing dan lemas?,nyeri perut pusing lemas habis makan pusing lemas,F2,1,1
245,8,"Saran kami adalah agar Anda beristirahat dirumah, mengonsumsi makanan dengan nutrisi seimbang dengan sayur dan buah, menjauhi stres dan tidak terlalu memaksakan diri",saran istirahat rumah konsumsi makan nutrisi imbang sayur buah stres paksa,F5,1,1
245,9,"Bila setelah melakukan perbaikan pola hidup gejala masih Anda rasakan atau semakin parah, maka sebaiknya Anda periksakan diri Anda ke dokter karena untuk dapat ditegakkan, diagnosis memerlukan pemeriksaan fisik dan kadang pemeriksaan penunjang",laku pola hidup gejala parah periksa dokter tegak diagnosis periksa fisik kadang periksa tunjang,F5,1,1
245,10,Semoga Anda dan keluarga sehat selalu,moga keluarga sehat,F1,1,1
245,11,"Sekian, semoga membantu",sekian moga bantu,F1,2,2
245,12,dr Amadeo D Basfiansa,dr amadeo d basfiansa,F1,2,2
246,0,Halo!,halo,F1,0,0
246,1,Terima kasih atas pertanyaannya pada Alodokter,terima kasih alodokter,F1,0,0
246,2,"Anak rewel saat makan dapat jadi disebabkan terdapat sesuatu hal yang mengakibatkan nyeri di mulut atau tenggorokannya, seperti pada kondisi berikut: Sariawan pada mulut Infeksi virus, seperti pada penyakit cacar air atau HFMD (flu singapore) yang dapat membentuk bintil - bintil nyeri di dalam mulut",anak rewel makan akibat nyeri mulut tenggorok kondisi sariawan mulut infeksi virus sakit cacar air hfmd flu singapore bentuk bintil bintil nyeri mulut,F3,1,1
246,3,Gigi akan tumbuh,gigi tumbuh,F3,1,1
246,4,Radang tenggorokan,radang tenggorok,F3,1,1
246,5,"Benda asing yang tersangkut di rongga mulut atau tenggorokan, misalnya duri ikan",benda asing sangkut rongga mulut tenggorok duri ikan,F3,1,1
246,6,Makanan pedas atau terlalu panas dan lain sebagainya,makan pedas panas,F3,2,1
246,7,"Untuk memastikan sebab pasti, perlu dilakukan pemeriksaan fisik langsung",laku periksa fisik langsung,F5,2,2
246,8,Sehingga baiknya periksakan dahulu ke dokter umum,periksa dokter,F5,2,2
246,9,"Bila perlu dokter akan melakukan pemeriksaan penunjang seperti tes darah, atau merujuk anak ke dokter spesialis anak untuk pelacakan lanjutan",dokter laku periksa tunjang tes darah rujuk anak dokter spesialis anak lacak,F5,2,2
246,10,Adapun yang sebaiknya dilakukan: Berilah makanan yang lunak sehingga tidak berpotensi melukai rongga mulut atau tenggorokan,laku ilah makan lunak potensi luka rongga mulut tenggorok,F5,3,3
246,11,Berikan makanan yang hangat,ikan makan hangat,F5,3,3
246,12,Hindarkan anak dari makanan pedas,hindar anak makan pedas,F5,3,3
246,13,Jaga nutrisi anak tetap memadai,jaga nutrisi anak,F5,4,4
246,14,"Jaga konsumsi cairan anak tetap memadai, bergantung usia dan berat badan anak",jaga konsumsi cair anak gantung usia berat badan anak,F5,4,4
246,15,Batasi aktivitas fisik anak,batas aktivitas fisik anak,F5,4,4
246,16,"Sekian penjelasan dari saya, semoga membantu menjawab pertanyaan Anda :)",sekian moga bantu,F1,4,4
247,0,Halo!,halo,F1,0,0
247,1,Terima kasih telah menggunakan layanan konsultasi Alodokter,terima kasih layan konsultasi alodokter,F1,0,0
247,2,"Clomiphene maupun serophene merupakan obat yang sama, memiliki fungsi untuk mengatasi infertilitas / ketidaksuburan pada wanita pada kasus anovulasi (tidak dihasilkan sel telur)",clomiphene serophene rupa obat milik fungsi infertilitas ketidaksuburan wanita anovulasi hasil sel telur,F3,1,1
247,3,Obat ini bekerja dengan merangsang produksi ovum / sel telur,obat kerja rangsang produksi ovum sel telur,F3,1,1
247,4,Obat tersebut tidak diindikasikan untuk mengatasi haid yang tidak lancar / tidak teratur serta penggunaannya sebaiknya dibawah pengawasan oleh dokter,obat indikasi haid lancar atur awas dokter,F3,1,1
247,5,Siklus menstruasi berhubungan dengan regulasi hormon didalam tubuh,siklus menstruasi hubung regulasi hormon tubuh,F3,2,2
247,6,"Hormon estrogen dan progesteron yang dihasilkan di organ reproduksi, serta hormon FSH dan LH dari otak merupakan hormon yang berfungsi mengatur siklus menstruasi wanita dan ketika sedang menjalani masa kehamilan",hormon estrogen progesteron hasil organ reproduksi hormon fsh lh otak rupa hormon fungsi atur siklus menstruasi wanita jalan hamil,F3,2,2
247,7,Normalnya siklus menstruasi terjadi antara 28 hingga 35 hari,normal siklus menstruasi,F3,3,2
247,8,"Teratur atau tidaknya siklus menstruasi dipengaruhi oleh berbagai faktor, antara lain fluktuasi hormonal, makanan yang dikonsumsi, stres fisik / psikologis, kelelahan, aktivitas yang dilakukan, berat badan berlebih, efek penggunan pil kontrasepsi / obat obatan yang mengandung hormon, sindrom ovarium polikistik dan lain - lain",atur siklus menstruasi pengaruh faktor fluktuasi hormonal makan konsumsi stres fisik psikologis lelah aktivitas laku berat badan efek gun pil kontrasepsi obat obat kandung hormon sindrom ovarium polikistik,F3,3,3
247,9,Masalah hormonal merupakan penyebab paling sering yang dapat mengakibatkan siklus menstruasi menjadi tidak teratur dan tidak lancar,hormonal rupa akibat siklus menstruasi atur lancar,F3,3,3
247,10,Namun perlu diketahui bahwa setiap wanita memiliki pola menstruasi yang berbeda beda,wanita milik pola menstruasi beda beda,F3,4,4
247,11,"Selain keterkaitannya dengan hormon, konsumsi makanan yang kurang sehat, tidak seimbang dan pola makan yang kurang baik juga berdampak pada siklus menstruasi yang tidak teratur",kait hormon konsumsi makan sehat imbang pola makan dampak siklus menstruasi atur,F3,4,5
247,12,"Selain itu, adanya gangguan psikologis seperti stres, depresi, cemas, juga dapat mempengaruhi regulasi hormonal",ganggu psikologis stres depresi cemas pengaruh regulasi hormonal,F3,5,6
247,13,Haid yang keluar dalam bentuk flek dan jumlahnya lebih sedikit dapat dipengaruhi oleh fluktuasi hormon reproduksi yang berperan dalam siklus menstruasi,haid bentuk flek pengaruh fluktuasi hormon reproduksi peran siklus menstruasi,F3,5,6
247,14,"Anda tidak perlu khawatir, hal tersebut umumnya cenderung normal dan akan membaik dengan sendirinya",khawatir cenderung normal,F3,5,6
247,15,"Namun, apabila siklus mendatang anda masih mengalami keluhan yang sama, cobalah lakukan konsultasi dan diskusi secara langsung dengan dokter spesialis kandungan agar mendapatkan pemeriksaan lebih lengkap",siklus alam keluh coba laku konsultasi diskusi langsung dokter spesialis kandung periksa lengkap,F5,6,7
247,16,Pemeriksaan dengan USG dapat membantu anda untuk menilai kondisi rahim jika ditemukan indikasi kelainan pada organ reproduksi tersebut,periksa usg bantu nilai kondisi rahim temu indikasi organ reproduksi,F5,7,8
247,17,"Untuk membantu memperbaiki keluhan, beberapa tips berikut dapat anda lakukan : Melakukan pola hidup sehat",bantu keluh tips laku laku pola hidup sehat,F5,8,9
247,18,Mengonsumsi makanan yang sehat dan bergizi,konsumsi makan sehat gizi,F5,9,9
247,19,Menghindari stres dan kelelahan,hindar stres lelah,F5,9,9
247,20,Menghindari aktivitas berat,hindar aktivitas berat,F5,9,10
247,21,Hindari merokok dan konsumsi alkohol,hindar rokok konsumsi alkohol,F5,9,10
247,22,Cukupi kebutuhan air putih,butuh air putih,F5,10,10
247,23,Olahraga teratur,olahraga atur,F5,11,10
247,24,Hindari obesitas,hindar obesitas,F5,11,10
247,25,"Sekian informasi yang dapat saya sampaikan, semoga membantu",sekian informasi moga bantu,F1,11,11
248,0,Halo,halo,F1,0,0
248,1,selamat sore Ibu Rosyidah,selamat sore rosyidah,F1,0,0
248,2,Karat merupakan hasil dari proses oksidasi logam,karat rupa hasil proses oksidasi logam,F3,1,1
248,3,"Mengingat bahwa yang berkarat adalah alat untuk mentiriskan kerupuk, bukan penggorengan ataupun spatulanya, maka sedikit kemungkinan bahwa kerupuk tersebut terpapar banyak karat, sehingga anda tidak perlu terlalu khawatir",karat alat mentiriskan kerupuk goreng spatula kerupuk papar karat khawatir,F3,1,1
248,4,"Meskipun demikian, anda tetap harus mewaspadai gejala keracunan logam berat akibat banyaknya karat yang tertelan, diantaranya: mengecap rasa logam di mulut, muntah - muntah, nyeri perut, dan diare",waspada gejala racun logam berat akibat karat telan cap logam mulut muntah muntah nyeri perut diare,F5,1,1
248,5,"Jika gejala - gejala tersebut muncul, segera periksakan diri dan orang - orang sekitar anda ke dokter atau unit gawat darurat terdekat untuk mendapatkan penanganan segera",gejala gejala muncul periksa orang orang dokter unit gawat darurat tangan,F5,2,2
248,6,"Sangat disarankan agar anda mengganti semua perabotan masak anda dengan alat masak yang baru dan anti karat, dan menjaga kebersihan alat - alat masak anda",saran ganti perabot masak alat masak anti karat jaga bersih alat alat masak,F5,3,3
248,7,"Sekian, semoga membantu",sekian moga bantu,F1,3,3
248,8,"Salam, dr Denisa",salam dr denisa,F1,3,3
249,0,Terima kasih Mella Melinda Andriyani atas pertanyaannya di forum Alodokter,terima kasih mella melinda andriyani forum alodokter,F1,0,0
249,1,gumoh merupakan suatu keadaan dimana seorang bayi mengeluarkan kembali makanan yang baru saja ia makan,gumoh rupa orang bayi makan makan,F3,0,0
249,2,Kondisi ini merupakan keadaan yang seringkali ditemui pada anak - anak dibawah 1 tahun,kondisi rupa seringkali temu anak anak,F3,0,0
249,3,"Kondisi ini dapat memiliki frekuensi yang berbeda - beda pada tiap anak, ada yang jarang ataupun ada yang sering",kondisi milik frekuensi beda beda anak jarang,F3,0,0
249,4,"Namun terlepas dari jumlah frekuensi gumoh, kondisi gumoh yang tergolong normal biasanya memiliki ciri - ciri berupa tidak mempengaruhi tumbuh kembang anak, tidak ada melibatkan gangguan pernafasan, dan bayi terlihat tetap nyaman serta tidak rewel",lepas frekuensi gumoh kondisi gumoh golong normal milik ciri ciri rupa pengaruh tumbuh kembang anak libat ganggu nafas bayi lihat nyaman rewel,F3,0,0
249,5,"Dimana cara mengatasi gumoh ini dapat dilakukan dengan beberapa tips seperti memposisikan anak dalam posisi yang lebih tegak ketika disusui, tetap memposisikan anak dalam posisi tegak sekitar 20 - 30 menit setelah menyusui atau dapat juga dengan cara memberikan asupan makan dengan jumlah yang lebih sedikit namun lebih sering",gumoh laku tips memposisikan anak posisi tegak susu memposisikan anak posisi tegak menit susu asupan makan,F3,0,0
249,6,"Selain itu, kondisi gumoh ini ada kalanya juga perlu diperhatikan bila pertumbuhan anak terganggu, anak tampak rewel, anak tampak sesak, frekuensi gumoh dirasakan terlalu sering atau anak tampak terpaksa (biasanya frekuensi gumoh anak pada usia 1 bulan bisa diatas 4x sehari, 50%nya gumoh dapat memiliki frekuensi 1 - 4x sampai usia 3 bulan), gumoh menetap hingga 1 tahun keatas, muntahan disertai darah atau warna hijau serta kuning",kondisi gumoh perhati tumbuh anak ganggu anak rewel anak sesak frekuensi gumoh anak paksa frekuensi gumoh anak usia x nya gumoh milik frekuensi x usia gumoh muntah darah warna hijau kuning,F3,0,0
249,7,Pada keadaan anak Saudari saat ini sebaiknya anak tetap dapat diperiksakan lebih dahulu ke dokter terkait guna untuk memastikan kondisi yang dialami sebelum dapat diberikan suatu penanganan yang tepat,anak saudari anak periksa dokter kait kondisi alami tangan,F5,0,0
249,8,Berikut terdapat artikel seputar gumoh,artikel putar gumoh,F5,0,0
249,9,Sekian dari saya semoga dapat membantu dr Christian Chandra,sekian moga bantu dr christian chandra,F1,1,1
250,0,Dear Roflia,dear roflia,F1,0,0
250,1,Dalam kehamilan tidak mungkin terjadi menstruasi,hamil menstruasi,F3,0,0
250,2,"Jadi bila Anda telah mengalami menstruasi, maka kehamilan tidak terjadi",alam menstruasi hamil,F4,0,0
250,3,Kehamilan dimulai dengan peristiwa bertemunya sel telur dengan sperma,hamil peristiwa temu sel telur sperma,F3,1,1
250,4,Sel telur dilepaskan oleh indung telur sekitar 12 - 16 hari sebelum menstruasi berikutnya,sel telur lepas indung telur menstruasi,F3,1,1
250,5,"Bila dalam waktu satu hari sel telur tidak dibuahi, ia akan mati",sel telur buah mati,F3,1,1
250,6,Sedangkan sel sperma mampu bertahan hidup hingga 3 hari dalam organ reproduksi wanita,sel sperma tahan hidup organ reproduksi wanita,F3,1,1
250,7,"Bila tidak terjadi pembuahan, menstruasi akan terjadi lagi sesuai siklusnya",buah menstruasi sesuai siklus,F3,2,2
250,8,"Bila terjadi pembuahan, dalam waktu 7 - 10 hari hasil pembuahan akan tertanam dalam dinding rahim",buah hasil buah tanam dinding rahim,F3,2,2
250,9,"Dalam dinding rahim, plasenta akan dibentuk dan hormon hCG akan dihasilkan",dinding rahim plasenta bentuk hormon hcg hasil,F3,2,2
250,10,Hormon inilah yang memberikan hasil positif pada pemeriksaan testpack,hormon hasil positif periksa testpack,F3,2,2
250,11,Pemeriksaan testpack dapat dilakukan satu hari setelah mengalami keterlambatan menstruasi,periksa testpack laku alam lambat menstruasi,F3,2,2
250,12,Bila hasilnya negatif dapat diulangi seminggu lagi,hasil negatif ulang minggu,F3,2,2
250,13,"Bila hasilnya tetap negatif, kemungkinan Anda tidak hamil",hasil negatif hamil,F3,2,2
250,14,Namun kehamilan baru bisa dipastikan mulai minggu kelima hingga ketujuh setelah pembuahan melalui pemeriksaan USG dengan melihat kantong kehamilan yang berisi janin,hamil minggu tujuh buah periksa usg lihat kantong hamil isi janin,F3,3,3
250,15,"Berikut artikel yang dapat Anda baca: Proses pembuahan, Tes awal kehamilan dengan testpack, Tanda - tanda kehamilan",artikel baca proses buah tes hamil testpack tanda tanda hamil,F5,3,3
250,16,"Semoga bermanfaat dan salam, dr Rony Wijaya",moga manfaat salam dr rony wijaya,F1,4,4
251,0,"Halo, Tania, terima kasih sudah bertanya pada Alodokter",halo tania terima kasih alodokter,F1,0,0
251,1,"Secara umum, hasil lab yang Anda kirimkan pada saya masih normal, kecuali untuk kadar Hemoglobin (Hb), eritrosit (sel darah merah) memang agak rendah, namun masih dalam batas normal untuk ibu hamil trimester 2 seperti Ibu",hasil lab kirim normal kecuali kadar hemoglobin hb eritrosit sel darah merah rendah batas normal hamil trimester,F4,1,1
251,2,"Menurut parameter tentang kadar Hb normal pada ibu hamil, pada trimester pertama : lebih dari 11 gr / dL, trimester kedua: lebih dari 10,5 gr / dL, dan trimester ketiga: lebih dari 11 gr / dL",parameter kadar hb normal hamil trimester gr dl trimester gr dl trimester gr dl,F3,1,1
251,3,"Namun, ada sumber lain (World Health Organization) mengatakan bahwa pada ibu hamil yang memiliki Hb di bawah 11 gr / dL sudah dikatakan anemia, namun yang menurut WHO ini ibu termasuk dalam kategori anemia ringan",sumber world health organization hamil milik hb gr dl anemia who masuk kategori anemia ringan,F3,1,1
251,4,Anemia adalah kekurangan sel darah merah dan Hb sehingga dapat mengganggu penyampaian oksigen ke organ dan jaringan,anemia sel darah merah hb ganggu oksigen organ jaring,F3,1,1
251,5,"Efek ringannya ibu mengalami kelelahan, lesu, namun efek beratnya bisa menyebabkan ibu sesak, berdebar - debar, dan bisa berefek pada janin (bayi lahir dengan berat kurang, persalinan premature)",efek ringan alam lelah lesu efek berat sesak debar debar efek janin bayi lahir berat salin premature,F3,2,2
251,6,Ibu hamil memang rentan menderita anemia,hamil rentan derita anemia,F3,2,2
251,7,"Ada beberapa penyebab anemia pada ibu hamil yang sering terjadi: - Kekurangan zat besi - Kekurangan asam folat, - Kekurangan vitamin B12 Untuk memastikan penyebab anemia, harus dilakukan pemeriksaan lebih lanjut ke dokter",anemia hamil zat besi asam folat vitamin b anemia laku periksa dokter,F3,2,2
251,8,"Sebaiknya, Ibu rajin kontrol ke dokter / bidan untuk ANC (Ante Natal Care), agar dilakukan pemeriksaan lengkap terhadap kesehatan ibu juga kesehatan dan pertumbuhan janin yang dikandung sehingga mendapatkan penanganan yang tepat sesuai kondisi ibu",rajin kontrol dokter bidan anc ante natal care laku periksa lengkap hadap sehat sehat tumbuh janin kandung tangan sesuai kondisi,F5,2,2
251,9,"Jika ibu memiliki tanda - tanda anemia seperti: lemah, letih, lesu, sesak, pusing, berdebar - debar, sakit kepala, rambut rontok, sariawan, telinga berdenging, segeralah pergi ke dokter untuk dilakukan pemeriksaan yang lengkap",milik tanda tanda anemia lemah letih lesu sesak pusing debar debar sakit kepala rambut rontok sariawan telinga denging pergi dokter laku periksa lengkap,F5,2,2
251,10,"Jangan khawatir, yang dapat Ibu lakukan sekarang adalah memastikan kecukupan nutrisi dan cairan yang ibu konsumsi (terutama sumber zat besi: sayur hijau, telur, daging merah, ikan, ayam, kacang - kacangan, dan makanan yang meningkatkan penyerapan zat besi, misalnya yang buah - buahan yang mengandung vitamin C), dan bisa dibantu dengan mengonsumsi tablet besi",khawatir laku nutrisi cair konsumsi utama sumber zat besi sayur hijau telur daging merah ikan ayam kacang kacang makan tingkat serap zat besi buah buah kandung vitamin c bantu konsumsi tablet besi,F5,3,3
251,11,"Semoga informasi yang saya berikan bisa bermanfaat ya, Tania",moga informasi ikan manfaat ya tania,F1,3,3
251,12,"Salam, dr Sarah Rizqia",salam dr sarah rizqia,F1,3,3
252,0,"Halo Ens, terima kasih sudah bertanya di Alodokter",halo ens terima kasih alodokter,F1,0,0
252,1,TBC adalah penyakit infeksi paru yang disebabkan karena bakteri M,tbc sakit infeksi paru bakteri m,F3,0,0
252,2,"Tuberculosis, dimana penularan dapat terjadi secara airborn dan droplet (baik karena percikan dahak, atau batuk)",tuberculosis tular airborn droplet percik dahak batuk,F3,0,0
252,3,"Terapi dari TB sendiri berbeda dengan infeksi paru pada umumnya, dimana pada terapi TB menggunakan regimen pengobatan berbeda, dan dilakukan dalam waktu yang cukup lama, setelah pengobatan selesai diperlukan pemeriksaan ulang untuk mengetahui status dari TB, apakah sudah sembuh, atau perlu terapi lanjutan",terapi tb beda infeksi paru terapi tb regimen obat beda laku obat selesai periksa ulang status tb sembuh terapi,F3,0,0
252,4,"Bila Anda sudah menjalani pengobatan selama 6 bulan, dan dikatakan sembuh, maka kemungkinan besar memang Anda sudah betul betul sembuh (meskipun umumnya pengobatan hingga 9 bulan - 12 bulan)",jalan obat sembuh sembuh obat,F4,0,0
252,5,"Sesak nafas dapat disebabkan oleh banyak hal, seperti pada kondisi asma, iritasi dari asap rokok, gangguan fungsi jantung, penyakit paru obstruktif kronis, TB, dan masih banyak lagi",sesak nafas kondisi asma iritasi asap rokok ganggu fungsi jantung sakit paru obstruktif kronis tb,F4,1,1
252,6,"Merokok dapat menyebabkan asap masuk hingga kedalam saluran nafas, sehingga menimbulkan 'injury' dari sel sel epitel pelapis dari saluran nafas, dimana akan terjadi peradangan, dan menghilangnya fungsi proteksi pada saluran nafas - - batuk terus menerus, dahak menjadi kental, dan sebagainya",rokok asap masuk salur nafas timbul injury sel sel epitel lapis salur nafas radang hilang fungsi proteksi salur nafas batuk dahak kental,F3,1,1
252,7,"Bila kondisi proteksi dari saluran nafas menghilang, maka risiko untuk terjadinya infeksi saluran nafas semakin besar",kondisi proteksi salur nafas hilang risiko infeksi salur nafas,F3,1,1
252,8,Selain itu reaksi radang yang terus berulang (akibat asap rokok) dapat menimbulkan / mencetus terjadinya proses keganasan / kanker pada saluran nafas (hingga paru) bila memang memiliki faktor risiko yang memadai,reaksi radang ulang akibat asap rokok timbul cetus proses ganas kanker salur nafas paru milik faktor risiko,F3,1,1
252,9,Oleh karena mengapa kami menyarankan untuk berhenti merokok,saran henti rokok,F5,2,2
252,10,"Seseorang dapat mengalami kekambuhan dair TB paru, berikut beberapa faktor yang memicu timbulnya kekambuhan : Daya tahan tubuh yang menurun secara signifikan (seperti pada orang dengan HIV / AIDS, mengonsumsi obat imunodepresan jangka panjang, dan lain sebagainya), infeksi berulang dari orang lain (bila Anda memiliki rekan / orang yang tinggal bersama Anda dengan TB (+), maka kemungkinan tertular semakin besar), pengobatan TB yang tidak tuntas, dan lain lain",orang alam kambuh dair tb paru faktor picu timbul kambuh daya tahan tubuh turun signifikan orang hiv aids konsumsi obat imunodepresan jangka infeksi ulang orang milik rekan orang tinggal tb tular obat tb tuntas,F5,2,2
252,11,"Oleh karena itu bila Anda merasa ragu, kami sarankan Anda untuk menemui dokter untuk dilakukan wawancara medis lebih lanjut, pemeriksaan fisik serta pemeriksaan lanjutan (pemeriksaan dahak, pemeriksaan foto rontgen dada, pemeriksaan darah, dan lain sebagainya) untuk memastikan kondisi anda saat ini",ragu saran temu dokter laku wawancara medis periksa fisik periksa periksa dahak periksa foto rontgen dada periksa darah kondisi,F5,3,3
252,12,"Untuk saat ini beerikut beberapa hal yang dapat anda lakukan : Berhenti merokok â€“ bila merokok, Jaga kebersihan udara di sekitar rumah anda",beerikut laku henti rokok rokok jaga bersih udara rumah,F5,4,4
252,13,"Pastikan ventilasi udara dirumah anda baik, dan cahaya matahari dapat masuk ke dalam rumah",ventilasi udara rumah cahaya matahari masuk rumah,F5,4,4
252,14,Buka jendela dan pintu rumah saat pagi hari agar sirkulasi udara baik,buka jendela pintu rumah pagi sirkulasi udara,F5,4,4
252,15,"Bila anda sedang batuk / anggota keluarga lain yang tinggal dirumah sedang batuk, berikan masker agar tidak menularkan pada orang lain",batuk anggota keluarga tinggal rumah batuk ikan masker tular orang,F5,5,5
252,16,Hindari membuang dahak sembarangan,hindar buang dahak sembarang,F5,5,5
252,17,Minum air putih lebih banyak,minum air putih,F5,5,5
252,18,Konsumsi makanan bergizi dan bernutrisi baik Istirahat yang cukup,konsumsi makan gizi nutrisi istirahat,F5,5,5
252,19,Olahraga teratur 3x seminggu,olahraga atur x minggu,F5,5,5
252,20,"Sekian informasi yang dapat kami sampaikan, semoga bermanfaat",sekian informasi moga manfaat,F1,5,5
252,21,"Salam, dr Prasetyo",salam dr prasetyo,F1,5,5
253,0,Halo,halo,F1,0,0
253,1,Terlambat menstruasi tidak selalu disebabkan oleh kondisi yang serius sehingga Anda tidak perlu terlalu kuatir,lambat menstruasi kondisi serius kuatir,F4,0,0
253,2,Berikut beberapa kemungkinan penyebab terjadinya keterlambatan menstruasi: Stres psikis,lambat menstruasi stres psikis,F3,0,0
253,3,Ketidakseimbangan hormonal,ketidakseimbangan hormonal,F3,0,0
253,4,Kehamilan,hamil,F3,0,0
253,5,Aktivitas fisik yang berat dan melelahkan tubuh,aktivitas fisik berat lelah tubuh,F3,1,1
253,6,Pola gizi yang kurang nutrisi,pola gizi nutrisi,F3,1,1
253,7,Penurunan berat badan yang drastis,turun berat badan drastis,F3,1,1
253,8,Gangguan tiroid,ganggu tiroid,F3,1,2
253,9,Sindrom polikistik ovarii (PCOS) dan sebagainya,sindrom polikistik ovarii pcos,F3,1,2
253,10,Terlambat menstruasi yang Anda alami dapat berhubungan langsung maupun tidak dengan riwayat nyeri perut kiri yang Anda alami sebelumnya,lambat menstruasi alami hubung langsung riwayat nyeri perut kiri alami,F4,1,2
253,11,Berikut ini anjuran yang dapat Anda lakukan: Beristirahat dan tidur yang cukup 7 - 8 jam sehari,anjur laku istirahat tidur jam,F5,2,3
253,12,"Jangan terlalu lelah, batasi aktivitas fisik yang berat",lelah batas aktivitas fisik berat,F5,2,3
253,13,Mengonsumsi makanan yang bergizi seimbang,konsumsi makan gizi imbang,F5,3,3
253,14,Menjaga berat badan ideal,jaga berat badan ideal,F5,4,4
253,15,Hindari diet ketat,hindar diet ketat,F5,4,4
253,16,Berolahraga secara teratur,olahraga atur,F5,4,4
253,17,Mengelola stres dengan bijak,kelola stres bijak,F5,4,4
253,18,Jika keluhan terus berlanjut Anda dapat berkonsultasi dengan dokter agar dapat dipastikan penyebabnya,keluh konsultasi dokter,F5,5,5
253,19,"Melalui pemeriksaan fisik dan tes penunjang tertentu (tes darah, tes urine, USG dan sebagainya) dokter akan menelusuri penyebabnya dan memberikan penanganan yang tepat",periksa fisik tes tunjang tes darah tes urine usg dokter telusur tangan,F5,5,5
253,20,Baca laman artikel berikut ini: Penyebab menstruasi terlambat,baca laman artikel menstruasi lambat,F5,6,6
253,21,Telat haid tidak selalu dikaitkan dengan kehamilan,telat haid kait hamil,F5,7,7
253,22,Demikian semoga bermanfaat,moga manfaat,F1,7,7
253,23,dr Muliani Sukiman,dr muliani sukiman,F1,8,8
254,0,"Alo, terima kasih sudah bertanya di Alodokter",alo terima kasih alodokter,F1,0,0
254,1,Postinor merupakan kontrasepsi darurat yang mengandung levonorgestrel,postinor rupa kontrasepsi darurat kandung levonorgestrel,F3,0,0
254,2,Kontrasepsi ini digunakan oleh wanita sesaat setelah berhubungan seksual tanpa pengaman,kontrasepsi wanita hubung seksual aman,F3,0,0
254,3,Obat ini bekerja dengan menghambat indung telur untuk melepaskan sel telur sehingga tidak akan terjadi pembuahan,obat kerja hambat indung telur lepas sel telur buah,F3,0,0
254,4,Dengan tidak adanya pembuahan maka kehamilan tidak akan terjadi,buah hamil,F3,0,0
254,5,Secara umum biasanya postinor dapat berisi 1 tablet maupun 2 tablet,postinor isi tablet tablet,F3,1,1
254,6,Postinor yang berisi 2 tablet dapat dikonsumsi secara langsung 2 tablet dalam 120 jam pertama atau satu per satu berjarak 12 jam,postinor isi tablet konsumsi langsung tablet jam jarak jam,F4,1,1
254,7,"Untuk memastikan mana yang direkomendasikan, sebaiknya bacalah aturan pemakaian pada kemasan obat",rekomendasi baca atur pakai kemas obat,F5,1,1
254,8,Atau anda juga bisa mengkonsultasikan hal ini pada dokter spesialis kandungan untuk informasi lebih lanjut,mengkonsultasikan dokter spesialis kandung informasi,F5,1,1
254,9,"Sekian, semoga bermanfaat",sekian moga manfaat,F1,1,1
255,0,Alo,alo,F1,0,0
255,1,"Gejala BAK tidak tuntas, nyeri serta skrotum kanan yang membengkak sebaiknya dikonsultasikan kepada dokter",gejala bak tuntas nyeri skrotum kanan bengkak konsultasi dokter,F4,0,0
255,2,"Berbagai kemungkinan penyebabnya adalah: infeksi saluran kemih, batu saluran kemih, peradangan pada prostat atau pembesaran prostat",infeksi salur kemih batu salur kemih radang prostat prostat,F3,0,0
255,3,"Jika maksud Anda pemasangan URS (ureterorenoscopy), prosedur diagnostik untuk mengetahui keadaan saluran kemih, seharusnya sudah diketahui bagaimana keadaan saluran kemih Anda oleh dokter, misalnya ada tidaknya batu, sumbatan, dan lain - lain",maksud pasang urs ureterorenoscopy prosedur diagnostik salur kemih salur kemih dokter batu sumbat,F4,0,0
255,4,"Prosedur ini juga dapat menimbulkan efek samping (tidak selalu), seperti infeksi saluran kemih maupun peradarahan pada saluran kemih",prosedur timbul efek samping infeksi salur kemih peradarahan salur kemih,F3,0,0
255,5,Sebaiknya Anda kembali berkonsultasi dengan dokter urologi Anda,konsultasi dokter urologi,F5,1,1
255,6,"Keluhan yang Anda rasakan (BAK tidak tuntas, nyeri, bengkak di testis) perlu dicari tahu penyebabnya dan diobati dengan baik, misalnya jika penyebabnya infeksi saluran kemih akan diberikan antibiotik yang sesuai dengan kuman penyebabnya",keluh bak tuntas nyeri bengkak testis cari obat infeksi salur kemih antibiotik sesuai kuman,F5,2,2
255,7,Dalam hal ini minum obat pereda nyeri saja belum cukup,minum obat reda nyeri,F5,2,2
255,8,"Beberapa anjuran: konsumsi air putih yang cukup, tidak menahan BAK",anjur konsumsi air putih tahan bak,F5,3,3
255,9,"Semoga bermanfaat ya, dr Mira",moga manfaat ya dr mira,F1,4,4
256,0,Halo Rahma,halo rahma,F1,0,0
256,1,Terima kasih telah bertanya ke Alodokter,terima kasih alodokter,F1,0,0
256,2,"Perlu diperjelas, apakah menstruasi Anda selalu berjalan teratur sebelumnya?",menstruasi jalan atur,F2,1,1
256,3,"Usai menstruasi terakhir Anda, apakah Anda pernah melakukan hubungan seksual tanpa pengaman?",menstruasi laku hubung seksual aman,F2,1,1
256,4,Belum datangnya menstruasi sebagaimana yang Anda alami bisa merupakan kondisi yang wajar jika Anda sebelumnya mengalami menstruasi yang tidak beraturan,menstruasi alami rupa kondisi wajar alam menstruasi atur,F4,1,1
256,5,"Asalkan jarak antar siklus menstruasi Anda tidak sampai melebihi 35 hari, seringnya kondisi ini tidaklah berbahaya",jarak siklus menstruasi kondisi bahaya,F4,1,1
256,6,Adapun kondisi payudara Anda yang terasa nyeri dan juga mual bisa saja merupakan bagian dari gejala bahwa menstruasi Anda sebentar lagi akan datang,kondisi payudara nyeri mual rupa gejala menstruasi sebentar,F4,1,1
256,7,"Akan tetapi, jika usai menstruasi terakhir Anda pernah melakukan hubungan seksual tanpa pengaman, maka mungkin juga keterlambatan menstruasi Anda terjadi karena kehamilan",menstruasi laku hubung seksual aman lambat menstruasi hamil,F4,1,1
256,8,"Bisa juga, selain karena hamil, menstruasi datang terlambat karena hormon yang tidak seimbang, stres, kelelahan, efek samping obat, efek samping kontrasepsi, kista ovarium, gangguan kelenjar tiroid, atau penyakit kronis lainnya",hamil menstruasi lambat hormon imbang stres lelah efek samping obat efek samping kontrasepsi kista ovarium ganggu kelenjar tiroid sakit kronis,F4,2,2
256,9,Anda sebaiknya coba dulu lakukan testpack,coba laku testpack,F5,3,3
256,10,"Dengan pemeriksaan ini, tentu bisa dibedakan keterlambatan menstruasi yang disebabkan oleh kehamilan dan oleh sebab lain",periksa beda lambat menstruasi hamil,F5,3,3
256,11,"Bisa juga, Anda periksakan langsung diri Anda ke dokter atau dokter spesialis kandungan agar dilakukan pemeriksaan lanjutan, misalnya tes darah atau USG guna mendapat hasil pemeriksaan yang lebih akurat",periksa langsung dokter dokter spesialis kandung laku periksa tes darah usg hasil periksa akurat,F5,3,3
256,12,"Sebelum dipastikan bahwa keterlambatan menstruasi Anda tidak terjadi berkaitan dengan kehamilan, sebaiknya buang jauh - jauh niatan Anda untuk mengkonsumsi obat atau suplemen pelancar menstruasi apapun",lambat menstruasi kait hamil buang niat mengkonsumsi obat suplemen pelancar menstruasi,F4,4,3
256,13,"Agar menstruasi berjalan lebih teratur, Anda cukup merubah pola hidup Anda menjadi lebih sehat, contohnya dengan tidur dan bangun lebih teratur setiap harinya, lebih rajin makan buah dan sayur - sayuran, biasakan berpikir positif dan jangan stres, sekaligus memperbanyak olahraga agar berat badan selalu ideal",menstruasi jalan atur rubah pola hidup sehat contoh tidur bangun atur rajin makan buah sayur sayur pikir positif stres olahraga berat badan ideal,F5,4,4
256,14,"Lebih lanjut, bila ternyata Anda tidak sedang hamil, namun berniat untuk menunda atau mencegah kehamilan, Anda sebaiknya berkonsultasi juga dengan dokter supaya dipilihkan jenis kontrasepsi yang paling cocok dengan kondisi Anda",nyata hamil niat tunda cegah hamil konsultasi dokter pilih jenis kontrasepsi cocok kondisi,F5,5,5
256,15,Semoga membantu ya,moga bantu ya,F1,5,5
257,0,Halo Jessy,halo jessy,F1,0,0
257,1,Terima kasih atas pertanyaanya di Alodokter,terima kasih pertanyaanya alodokter,F1,0,0
257,2,Salah satu efek samping obat rifampicin adalah urin yang berwarna merah hal ini normal pada orang yang meminum obat rifampicin dan tidak berbahaya sehingga tidak diperlukan penanganan yang khusus,salah efek samping obat rifampicin urin warna merah normal orang minum obat rifampicin bahaya tangan khusus,F4,0,0
257,3,Hal tersebut disebabkan karena metabolisme obat rifampicin yang dikeluarkan melalui urin sehingga selama Anda masih mengkonsumsi obat rifampicin kemungkinan masih dapat mengalami hal tersebut,metabolisme obat rifampicin urin mengkonsumsi obat rifampicin alam,F3,0,0
257,4,"Sedangkan efek samping yang lain pada rifampicin yaitu sakit kepala, mengantuk, lemas, diare, mual, nafsu makan berkurang, serta keringat dan lensa kontak dapat berwarna kemerahan (bila Anda menggunakan lensa kontak disarankan untuk menggunakan kacamata selama meminum obat ini)",efek samping rifampicin sakit kepala antuk lemas diare mual nafsu makan keringat lensa kontak warna merah lensa kontak saran kacamata minum obat,F6,0,0
257,5,"Untuk tata cara meminum obat pirazinamide pada prinsipnya diminum pada jam yang sama setiap harinya, sehingga jarak minum pirazinamid yang satu dan yang lainnya sama, bila Anda minum sehari 2 kali diharapkan jarak minum pirazinamid yang satu dengan yang setelahnya dengan jarak selama 12 jam misal pada jam 9 pagi dan dosis setelahnya diminum pada jam 9 malam",tata minum obat pirazinamide prinsip minum jam jarak minum pirazinamid minum kali harap jarak minum pirazinamid jarak jam jam pagi dosis minum jam malam,F5,1,1
257,6,"Sedangkan apabila Anda lupa meminum pirazinamide disarankan segera meminumnya begitu teringat jika jadwal dosis selanjutnya tidak berdekatan, dan jangan menggandakan dosis pada jadwal berikutnya bila dosis sebelumnya terlewat",lupa minum pirazinamide saran minum jadwal dosis ganda dosis jadwal dosis,F4,1,1
257,7,Kalnex merupakan obat yang berisi obat asam traneksamat yang berfungsi untuk mencegah dan mengurangi perdarahan,kalnex rupa obat isi obat asam traneksamat fungsi cegah darah,F3,2,2
257,8,Obat ini termasuk golongan obat antifibrinolitik yang melambatkan pemecahan bekuan darah sehingga perdarahan tidak berlangsung lama,obat masuk golong obat antifibrinolitik lambat pecah beku darah darah langsung,F3,2,2
257,9,Pada dasarnya obat ini tidak mengandung hormon sehingga tidak memberikan efek samping terhadap siklus menstruasi,dasar obat kandung hormon efek samping hadap siklus menstruasi,F4,2,2
257,10,"Efek samping yang sering timbul pada obat ini antara lain mual, muntah, diare, dan nyeri otot",efek samping timbul obat mual muntah diare nyeri otot,F6,2,2
257,11,Namun apabila ditemukan efek samping yang lain silahkan kosnultasikan diri Anda ke dokter,temu efek samping silah kosnultasikan dokter,F5,2,2
257,12,"Demikian informasi dari saya, semoga bermanfaat",informasi moga manfaat,F5,3,3
257,13,Informasi lain terkait dengan pertanyaan Anda dapat dibaca pada tautan berikut: Rifampicin Pirazinamid Kalnex,informasi kait baca taut rifampicin pirazinamid kalnex,F5,3,3
257,14,dr Yuniar,dr yuniar,F1,3,3
258,0,Halo Dian,halo dian,F1,0,0
258,1,Berapa usia adik Anda?,usia adik,F2,0,0
258,2,"Apakah bayi baru lahir, hitungan bulan, atau sudah di atas 1 tahun Bagaimana maksud 13x BAB?",bayi lahir hitung maksud x bab,F2,0,0
258,3,apakah 13x dalam sehari atau bagaimana?,x,F2,1,1
258,4,"Untuk bayi baru lahir normalnya warna feses / tinjanya hijau kehitaman, kemudian setelah usia 2 - 4 hari menjadi hijau kecoklatan, setelah usia 3 - 5 hari warnanya menjadi kuning terang bila ASI atau coklat muda bila mengkonsumsi susu formula",bayi lahir normal warna feses tinja hijau hitam usia hijau coklat usia warna kuning terang asi coklat muda mengkonsumsi susu formula,F3,1,1
258,5,Semakin lama warna feses bayi akan semakin coklat seperti feses dewasa terutama bila sudah MPASI,warna feses bayi coklat feses dewasa utama mpasi,F3,1,1
258,6,"Untuk tekstur feses bisa bervariasi dari agak gembur, menggumpal, hingga kasar",tekstur feses variasi gembur gumpal kasar,F3,2,2
258,7,Semakin besar usia anak teksturnya akan semakin mirip dengan feses dewasa,usia anak tekstur feses dewasa,F3,2,2
258,8,Sayangnya Anda tidak menyebutkan dengan jelas mengenai usia adik Anda dan frekuensi BABnya sehingga saya tidak bisa memastikan apakah warna feses adik Anda masih dalam batas normal atau tidak,sayang kena usia adik frekuensi bab warna feses adik batas normal,F4,2,2
258,9,"Secara umum warna feses yang perlu diwaspadai adalah apabila feses berlendir, berdarah, berwarna hijau, merah, putih / sangat pucat, dan hitam",warna feses waspada feses lendir darah warna hijau merah putih pucat hitam,F3,3,3
258,10,Bila ada perubahan warna feses seperti ini sebaiknya diperiksakan langsung ke dokter,ubah warna feses periksa langsung dokter,F3,4,3
258,11,"Terkait dengan frekuensi BAB, hal ini juga bergantung pada usia adik Anda",kait frekuensi bab gantung usia adik,F3,4,4
258,12,"Bayi yang masih ASI eksklusif bisa BAB berkali - kali dalam sehari hingga 1x / minggu, hal ini masih dalam batas normal selama tidak ada perubahan dalam warna, tekstur, dan bayi tidak mengalami keluhan",bayi asi eksklusif bab kali kali x minggu batas normal ubah warna tekstur bayi alam keluh,F3,4,4
258,13,Namun bila bayi sudah mengkonsumsi MP ASI atau sudah di atas 1 tahun umumnya frekuensi normal BAB adalah sekitar 3x / minggu hingga 3x / hari (selama tidak ada keluhan dan tidak ada perubahan warna dan tekstur feses),bayi mengkonsumsi mp asi frekuensi normal bab x minggu x keluh ubah warna tekstur feses,F3,4,4
258,14,Frekuensi BAB setiap orang sangat bervariasi ya,frekuensi bab orang variasi ya,F3,4,4
258,15,Jika ada perubahan tekstur menjadi lebih encer dan frekuensi BAB lebih dari 3x sehari perlu dipikirkan kemungkinan diare,ubah tekstur encer frekuensi bab x pikir diare,F3,4,4
258,16,"Sembelit sendiri adalah suatu kondisi sulit BAB dimana frekuensi BAB menjadi lebih jarang (kurang dari 3x / minggu), feses lebih keras, feses kecil - kecil seperti kotoran kelinci, dan sulit dikeluarkan",sembelit kondisi sulit bab frekuensi bab jarang x minggu feses keras feses kotor kelinci sulit,F3,5,5
258,17,Terkadang orang yang mengalami sembelit juga merasakan nyeri perut,terkadang orang alam sembelit nyeri perut,F3,6,6
258,18,"Sembelit bisa dipengaruhi oleh banyak faktor seperti kurang minum, kurang serat, kurang olahraga / gerak, sering mengabaikan keinginan BAB, tidak nyaman dengan toilet, sedang stress, cemas, dan efek konsumsi obat tertentu",sembelit pengaruh faktor minum serat olahraga gerak abai bab nyaman toilet stress cemas efek konsumsi obat,F3,6,6
258,19,Untuk membantu mengatasi sembelit bisa dilakukan dengan beberapa cara berikut ini: Penuhi kebutuhan cairan tubuh,bantu sembelit laku penuh butuh cair tubuh,F5,6,6
258,20,Perbanyak konsumsi sayur dan buah,konsumsi sayur buah,F5,6,6
258,21,"Olahraga teratur, untuk anak bisa diajak berjalan santai, bersepeda, menari, atau sekedar bermain - main asalkan anak bergerak aktif",olahraga atur anak ajak jalan santai sepeda tari dar main main anak gerak aktif,F5,7,7
258,22,Ajari anak untuk tidak menahan BAB,ajar anak tahan bab,F5,8,8
258,23,Buat jadwal makan yang lebih teratur,jadwal makan atur,F5,8,8
258,24,"Apabila adik Anda mengalami perubahan warna dan tekstur feses atau ada perubahan frekuensi BAB lebih dari 3x / hari atau kurang dari 3x / minggu, sebaiknya adik Anda diperiksakan ke dokter secara langsung supaya bisa dilakukan pemeriksaan lebih lanjut dan diberikan penanganan yang tepat bila diperlukan ya",adik alam ubah warna tekstur feses ubah frekuensi bab x x minggu adik periksa dokter langsung laku periksa tangan ya,F5,8,8
258,25,"Semoga bisa membantu Anda, Terima kasih",moga bantu terima kasih,F1,9,9
259,0,Halo,halo,F1,0,0
259,1,Terima kasih telah menggunakan layanan konsultasi Alodokter,terima kasih layan konsultasi alodokter,F1,0,0
259,2,Menstruasi merupakan peristiwa meluruhnya dinding rahim yang terjadi secara berkala,menstruasi rupa peristiwa luruh dinding rahim,F3,1,1
259,3,Peluruhan tersebut di picu oleh pengaruh hormon estrogen dan progesteron yang mengatur sistem reproduksi wanita,luruh picu pengaruh hormon estrogen progesteron atur sistem reproduksi wanita,F3,2,2
259,4,Perlu diketahui bahwa menstruasi wanita sangat erat kaitannya dengan fluktuasi hormon reproduksi,menstruasi wanita erat kait fluktuasi hormon reproduksi,F3,2,2
259,5,"Menstruasi yang tidak teratur atau tidak lancar berhubungan dengan beberapa faktor antara lain tingkat stres / psikologis, kelelahan / aktifitas yang biasa dilakukan, nutrisi yang dikonsumsi, pengaruh lingkungan dan kondisi kesehatan tubuh sendiri",menstruasi atur lancar hubung faktor tingkat stres psikologis lelah aktifitas laku nutrisi konsumsi pengaruh lingkung kondisi sehat tubuh,F3,2,2
259,6,"Siklus menstruasi normalnya terjadi dalam rentang 25 - 35 hari, dihitung mulai dari hari pertama menstruasi saat ini hingga hari pertama menstruasi berikutnya",siklus menstruasi normal rentang hitung menstruasi menstruasi,F3,2,2
259,7,Siklus menstruasi diatur oleh regulasi hormonal yang mana regulasi tersebut dipengaruhi oleh berbagai faktor yang telah disebutkan sebelumnya,siklus menstruasi atur regulasi hormonal regulasi pengaruh faktor,F3,2,2
259,8,"Diet atau pola makan yang anda lakukan juga berpotensi untuk mempengaruhi kadar hormon, karena nutrisi juga berperan penting dalam regulasi hormon didalam tubuh",diet pola makan laku potensi pengaruh kadar hormon nutrisi peran regulasi hormon tubuh,F3,2,2
259,9,Anda tidak perlu khawatir karena sebagian besar siklus menstruasi yang tidak teratur adalah proses yang fisiologis / normal akibat ketidakseimbangan hormon didalam tubuh,khawatir siklus menstruasi atur proses fisiologis normal akibat ketidakseimbangan hormon tubuh,F4,2,2
259,10,Menstruasi dapat maju maupun mundur dari tanggal sebelumnya dalam rentang waktu kurang lebih 2 - 7 hari,menstruasi maju mundur tanggal rentang,F3,3,3
259,11,Tentunya hal tersebut berbeda beda tiap wanita tergantung kondisi hormonal masing masing,beda beda wanita gantung kondisi hormonal,F3,4,4
259,12,Obat obatan yang anda sebutkan sebelumnya tidak memberikan efek terhadap siklus menstruasi secara langsung,obat obat efek hadap siklus menstruasi langsung,F4,5,5
259,13,"Meskipun terdapat reaksi didalam tubuh, kecil kemungkinannnya untuk dapat menyebabkan menstruasi menjadi tidak lancar",reaksi tubuh kemungkinannnya menstruasi lancar,F4,5,5
259,14,"Untuk mengetahui kehamilan sudah terjadi atau belum, cobalah lakukanlah testpack paling cepat 7 hari setelah terlambat haid",hamil coba laku testpack cepat lambat haid,F5,5,5
259,15,Berikut Beberapa tanda kehamilan awal antara lain : Tidak menstruasi,tanda hamil menstruasi,F5,6,5
259,16,Payudara menjadi lebih sensitif,payudara sensitif,F5,6,6
259,17,Timbul flek kecoklatan,timbul flek coklat,F5,6,6
259,18,Kram diperut bawah,kram perut,F5,6,6
259,19,Mual dan muntah,mual muntah,F5,6,6
259,20,Sensitif terhadap bau,sensitif hadap bau,F5,6,6
259,21,Perubahan mood,ubah mood,F5,6,6
259,22,"Beberapa tanda kehamilan awal diatas merupakan tanda yang tidak pasti, sehingga tidak semua wanita akan merasakan gejala tersebut",tanda hamil rupa tanda wanita gejala,F5,7,7
259,23,"Karena tanda tanda tersebut bukan tanda pasti, maka jika ada yang merasakan beberapa tandanya, belum tentu hamil",tanda tanda tanda tanda hamil,F5,7,7
259,24,Berikut tanda pasti hamil antara lain : Terlihatnya kantong janin di dalam rahim,tanda hamil lihat kantong janin rahim,F5,8,8
259,25,Tampak denyut jantung janin,denyut jantung janin,F5,8,8
259,26,Terdapat gerakan janin didalam rahim,gerak janin rahim,F5,8,8
259,27,Tanda kehamilan pasti tersebut dapat diketahui saat pemeriksaan USG dilakukan,tanda hamil periksa usg laku,F5,8,8
259,28,"Untuk mengetahui kondisi anda secara pasti, sangat disarankan untuk melakukan pemeriksaan secara langsung ke dokter spesialis kandungan agar mendapatkan informasi yang lebih lengkap dan pemberian tatalaksana yang tepat",kondisi saran laku periksa langsung dokter spesialis kandung informasi lengkap tatalaksana,F5,9,9
259,29,Pemerintahan seperti laboratorium darah lengkap dan USG mungkin dibutuhkan untuk membantu mencari penyebab,perintah laboratorium darah lengkap usg butuh bantu cari,F5,9,9
259,30,"Untuk membantu mengurangi keluhan anda, beberapa hal berikut ini dapat anda lakukan, yaitu : Mengkonsumsi makanan yang sehat dan bergizi",bantu keluh laku mengkonsumsi makan sehat gizi,F5,10,10
259,31,Perbanyak konsumsi sayuran dan buah,konsumsi sayur buah,F5,10,10
259,32,Lakukan diet makanan dengan kecukupan nutrisi yang seimbang,laku diet makan nutrisi imbang,F5,10,10
259,33,Cukupi kebutuhan air putih,butuh air putih,F5,10,10
259,34,Hindari stres dan kelelahan,hindar stres lelah,F5,10,10
259,35,Hindari rokok dan konsumsi alkohol,hindar rokok konsumsi alkohol,F5,10,10
259,36,Olahraga teratur,olahraga atur,F5,11,11
259,37,Menjaga berat badan ideal,jaga berat badan ideal,F5,11,11
259,38,Sekian informasi yang dapat saya sampaikan,sekian informasi,F1,12,12
259,39,semoga membantu ya,moga bantu ya,F1,12,12
260,0,Halo,halo,F1,0,0
260,1,Terima kasih atas pertanyaan yang disampaikan ke Alodokter,terima kasih alodokter,F1,0,0
260,2,Kami dapat memahami kekhawatiran yang Anda rasakan,paham khawatir,F1,0,0
260,3,"Secara umum, produksi ASI masih sangat sedikit pada hari pertama dan kedua pascapersalinan",produksi asi pascapersalinan,F3,1,1
260,4,"Selanjutnya, produksi ASI akan terus meningkat hingga menjadi sekitar 500 mL per hari pada hari ke - 5, 600 - 690 mL per hari pada minggu ke - 2, dan menjadi sekitar 750 mL per hari pada bulan ke - 3 hingga ke - 5",produksi asi tingkat ml ml minggu ml,F3,1,1
260,5,"Pada dasarnya, tidak ada angka mutlak yang disebut â€ œnormalâ €_x009d_ karena produksi ASI pun juga menyesuaikan kebutuhan bayi (on demand)",dasar angka mutlak normal xd produksi asi suai butuh bayi on demand,F3,1,1
260,6,Rata - rata poduksi ASI adalah 800 mL / hari pada ibu yang menyusui bayi 1 - 6 bulan secara eksklusif dan on demand,poduksi asi ml susu bayi eksklusif on demand,F3,1,1
260,7,"Produksi ASI tiap kali menyusui adalah 90 mL / kali, yang dihasilkan 2 payudara",produksi asi kali susu ml kali hasil payudara,F3,1,1
260,8,"Bila bayi diberikan makanan tambahan dari luar (contoh: susu formula), kebutuhan bayi akan ASI menjadi menurun dan mengakibatkan produksi ASI pun akan menurun juga",bayi makan contoh susu formula butuh bayi asi turun akibat produksi asi turun,F3,2,2
260,9,Tidak ada angka yang menyatakan nilai mutlak yang normal mengenai volume ASI yang diminum tiap menit,angka nyata nilai mutlak normal kena volume asi minum menit,F3,2,2
260,10,"Konsep pemberian ASI pun sangat dianjurkan secara on demand, yakni sesuai keinginan bayi",konsep asi anjur on demand sesuai bayi,F3,2,2
260,11,"Hanya saja, kita bisa mengenali tanda - tanda bahwa bayi mendapat cukup ASI, meliputi: Bayi menyusu 8 - 12 kali sehari, dengan pelekatan yang benar pada setiap payudara, mengisap secara teratur minimal 10 menit pada tiap payudara",kenal tanda tanda bayi asi liput bayi susu kali lekat payudara isap atur minimal menit payudara,F3,3,2
260,12,"Bayi tampak puas setelah menyusu, seringkali tertidur saat menyusu, terutama pada payudara kedua",bayi puas susu seringkali tidur susu utama payudara,F3,3,2
260,13,"Frekuensi buang air kecil 6 kali sehari, warna kencing jernih",frekuensi buang air kali warna kencing jernih,F3,3,3
260,14,"Frekuensi buang air besar 4 kali sehari, volume paling tidak 1 sendok makan pada bayi usia 4 hari - 4 minggu",frekuensi buang air kali volume sendok makan bayi usia minggu,F3,3,3
260,15,Tinja berwarna kekuningan dengan butiran berwarna putih susu di antranya setelah bayi berumur 4 - 5 hari,tinja warna kuning butir warna putih susu antranya bayi umur,F3,3,3
260,16,Berat badan bayi tidak turun 10% dibanding berat lahir,berat badan bayi turun banding berat lahir,F3,4,4
260,17,Berat badan bayi kembali seperti seperti berat lahir di usia 10 - 14 hari setelah lahir,berat badan bayi berat lahir usia lahir,F3,4,4
260,18,"Setelah usia 1 bulan pertama, tanda kecukupan ASI akan lebih tergambar melalui perubahan berat badan bayi",usia tanda asi gambar ubah berat badan bayi,F3,4,4
260,19,Jangan ragu untuk berkonsultasi dengan dokter atau dokter spesialis anak mengenai pemberian ASI,ragu konsultasi dokter dokter spesialis anak kena asi,F3,5,5
260,20,"Guna memperkaya wawasan, Anda dapat membaca artikel tentang kecukupan pemberian ASI",kaya wawas baca artikel asi,F5,6,6
260,21,Demikian informasi dari kami,informasi,F1,6,6
260,22,Mudah - mudahan senantiasa sehat,mudah mudah senantiasa sehat,F1,6,6
260,23,Semoga bermanfaat,moga manfaat,F1,6,6
261,0,Dear Nuri,dear nuri,F1,0,0
261,1,Vagina yang terasa gatal disertai keluarnya cairan dari vagina dapat disebabkan oleh keputihan yang tidak normal,vagina gatal cair vagina putih normal,F4,0,0
261,2,Keputihan yang tidak normal dapat disebabkan oleh: infeksi jamur vaginosis bakterialis gonore trikomoniasis klamidia,putih normal infeksi jamur vaginosis bakterialis gonore trikomoniasis klamidia,F3,0,0
261,3,"Keputihan yang normal memiliki ciri - ciri sebagai berikut: tidak terasa gatal, tidak berbau disertai perih di vagina atau nyeri perut bening atau keputih - putihan",putih normal milik ciri ciri gatal bau perih vagina nyeri perut bening putih putih,F3,0,0
261,4,"Selain akibat keputihan yang tidak normal, rasa gatal pada area vagina juga dapat disebabkan oleh: dermatitis kontak akibat iritasi bahan yang terdapat krim, losion, tisu, pembalut, sabun, atau kondom stres infeksi cacing kremi penggunaan alat kontrasepsi perubahan hormonal menjelang menstruasi skabies",akibat putih normal gatal area vagina dermatitis kontak akibat iritasi bahan krim losion tisu balut sabun kondom stres infeksi cacing krem alat kontrasepsi ubah hormonal jelang menstruasi skabies,F3,0,0
261,5,Sebaiknya Anda berkonsultasi dengan dokter spesialis kulit dan kelamin di mana dokter akan menganalisis gejala dan melakukan pemeriksaan fisik,konsultasi dokter spesialis kulit kelamin dokter analisis gejala laku periksa fisik,F5,1,1
261,6,Terapi yang tepat akan dokter berikan,terapi dokter ikan,F5,1,1
261,7,Anjuran berikut dapat Anda lakukan: hindari menggaruk bagian yang gatal karena dapat menimbulkan luka yang mudah terinfeksi kenakan pakaian yang menyerap keringat dan tidak ketat ganti pakaian dalam yang basah atau lembab hindari berhubungan seks bebas keloa stres dengan bijak,anjur laku hindar garuk gatal timbul luka mudah infeksi kena pakai serap keringat ketat ganti pakai basah lembab hindar hubung seks bebas koa stres bijak,F5,2,2
261,8,Artikel ini bisa Anda baca: Keputihan,artikel baca putih,F5,2,2
261,9,Cara mengatasi keputihan,putih,F5,2,2
261,10,Menangani vagina gatal Gatal pada kemaluan,tangan vagina gatal gatal malu,F5,2,2
261,11,"Semoga bermanfaat dan salam, dr Rony Wijaya",moga manfaat salam dr rony wijaya,F1,3,3
262,0,Hai Ibrahim,hai ibrahim,F1,0,0
262,1,"Normalnya frekuensi buang air kecil adalah 4 - 8 kali atau sebanyak 1 - 1,8 liter dalam sehari",normal frekuensi buang air kali liter,F3,1,1
262,2,Sering buang air kecil dengan frekuensi yang melebihi normal pada dasarnya dapat diakibatkan oleh beberapa kemungkinan penyebab berikut ini: Konsumsi air minum yang berlebihan,buang air frekuensi normal dasar akibat konsumsi air minum,F3,1,1
262,3,Faktor psikologis (stres atau ketegangan),faktor psikologis stres tegang,F3,2,2
262,4,Konsumsi kafein,konsumsi kafein,F3,2,2
262,5,Berada di lingkungan dengan suhu / cuaca yang dingin,lingkung suhu cuaca dingin,F3,3,2
262,6,Infeksi saluran kemih / ISK,infeksi salur kemih isk,F3,4,3
262,7,Overactive bladder (kandung kemih yang terlalu aktif),overactive bladder kandung kemih aktif,F3,4,3
262,8,Infeksi ginjal,infeksi ginjal,F3,4,3
262,9,Batu ginjal,batu ginjal,F3,4,3
262,10,Diabetes,diabetes,F3,4,3
262,11,Gangguan prostat,ganggu prostat,F3,4,3
262,12,Peradangan pada dinding usus besar,radang dinding usus,F3,4,3
262,13,"Konsumsi obat diuretik (obat hipertensi, obat ginjal)",konsumsi obat diuretik obat hipertensi obat ginjal,F3,5,4
262,14,Penyakit saraf dan sebagainya,sakit saraf,F3,5,5
262,15,Apabila keluhan terus berlanjut ada baiknya Anda berkonsultasi dengan dokter agar penyebabnya dapat ditelusuri,keluh konsultasi dokter telusur,F5,6,5
262,16,"Tes penunjang mungkin akan diperlukan (seperti tes urin, USG, tes urodinamik dan sebagainya) untuk menganalisis penyebabnya sehingga penanganan yang tepat dapat diberikan bagi Anda sesuai kondisi dasarnya",tes tunjang tes urin usg tes urodinamik analisis tangan sesuai kondisi dasar,F5,6,6
262,17,Berikut ini anjuran yang dapat Anda lakukan: Minum cukup air putih minimal 2 liter sehari,anjur laku minum air putih minimal liter,F5,7,7
262,18,Kurangi konsumsi kafein,konsumsi kafein,F5,7,7
262,19,Hindari kebiasaan menahan keinginan untuk berkemih,hindar tahan kemih,F5,7,7
262,20,Buang air kecil secara teratur,buang air atur,F5,7,7
262,21,Meminimalisir stres,meminimalisir stres,F5,7,7
262,22,Berikut ini laman artikel yang dapat Anda baca: Penyebab sering buang air kecil,laman artikel baca buang air,F5,7,7
262,23,Demikian semoga bermanfaat,moga manfaat,F1,7,7
262,24,dr Muliani Sukiman,dr muliani sukiman,F1,8,8
263,0,Hai Susi,hai sus,F1,0,0
263,1,"Dari gejala yang Anda alami, dapat disebabkan oleh infeksi saluran kemih (ISK)",gejala alami infeksi salur kemih isk,F4,1,1
263,2,"Gejala dari ISK dapat bervariasi, salah satu gejala yang dapat muncul adalah sering BAK dan terkadang sulit ditahan",gejala isk variasi salah gejala muncul bak terkadang sulit tahan,F3,1,1
263,3,Selain itu juga dapat atau tidak disertai gejala berikut: Nyeri saat buang air kecil,gejala nyeri buang air,F3,2,2
263,4,Anyang - anyangan atau seperti tidak tuntas setelah BAK,anyang anyang tuntas bak,F3,2,2
263,5,Tidak nyaman atau nyeri pada perut bagian bawah,nyaman nyeri perut,F3,2,2
263,6,Nyeri pada pinggang,nyeri pinggang,F3,2,2
263,7,Kemungkinan penyebab lainnya adalah: Terlalu banyak minum air putih,minum air putih,F3,2,2
263,8,Pada kondisi lingkungan yang dingin,kondisi lingkung dingin,F3,2,2
263,9,Batu saluran kemih,batu salur kemih,F3,2,2
263,10,"Diabetes melitus, yaitu peningkatan kadar gula darah",diabetes melitus tingkat kadar gula darah,F3,2,2
263,11,"Pembesaran kelenjar prostat, adanya gejala kesulitan memulai buang air kecil",kelenjar prostat gejala sulit pulai buang air,F3,2,2
263,12,Kandung kemih yang hiperaktif,kandung kemih hiperaktif,F3,3,3
263,13,"Diabetes insipidus, yaitu keadaan dimana kekurangan hormon ADH (anti diuretic hormon)",diabetes insipidus hormon adh anti diuretic hormon,F3,3,3
263,14,Gangguan persarafan,ganggu saraf,F3,3,3
263,15,Kondisi psikologis,kondisi psikologis,F3,4,4
263,16,Dan sebagainya,,F3,4,4
263,17,Untuk mencari penyebabnya diperlukan informasi lengkap dari gejala Anda serta pemeriksaan fisik oleh dokter,cari informasi lengkap gejala periksa fisik dokter,F5,4,4
263,18,"Selain itu pemeriksaan penunjang seperti pemeriksaan urin, USG, dan lain sebagainya untuk menunjang pada diagnosis dokter",periksa tunjang periksa urin usg tunjang diagnosis dokter,F5,4,4
263,19,Penanganan yang dilakukan tergantung dari penyebabnya,tangan laku gantung,F5,4,4
263,20,Informasi terkait dapat Anda baca pada artikel berikut: Infeksi saluran kemih,informasi kait baca artikel infeksi salur kemih,F5,4,4
263,21,Penyebab sering buang air kecil,buang air,F5,4,5
263,22,Semoga membantu ya,moga bantu ya,F1,5,5
263,23,Terima kasih,terima kasih,F1,5,5
263,24,dr Yan william,dr yan william,F1,6,6
264,0,Hai Rifka,hai rifka,F1,0,0
264,1,Suntik KB merupakan salah satu metode kontrasepsi hormonal dimana cara kerjanya adalah mempengaruhi hormon alami tubuh sehingga mengurangi kesuburan,suntik kb rupa salah metode kontrasepsi hormonal kerja pengaruh hormon alami tubuh subur,F3,1,1
264,2,"Bila Anda melakukan suntik KB 1 bulan dan ingin segera memiliki momongan, maka segeralah menghentikan penyuntikan KB 1 bulan tersebut",laku suntik kb milik momong henti suntik kb,F3,2,1
264,3,"Biasanya diperlukan waktu bagi tubuh sampai hormon kembali stabil dan kesuburan kembali, pada KB suntik 1 bulan, kembalinya masa subur lebih cepat dibandingkan dengan KB suntik 3 bulan",tubuh hormon stabil subur kb suntik subur cepat banding kb suntik,F3,2,1
264,4,"Susu saat program kehamilan sebenarnya hanya bersifat suplemen dimana menambah nutrisi yang mungkin saja bila kurang dari makanan sehari - hari, namun sebenarnya tidak terlalu wajib asalkan makanan sehari - hari dengan makanan yang bernutrisi tinggi serta dilengkapi dengan buah dan sayuran",susu program hamil sifat suplemen nutrisi makan wajib makan makan nutrisi lengkap buah sayur,F3,3,2
264,5,Bila Anda ingin mengkonsumsi susu sejak saat ini boleh saja dilakukan,mengkonsumsi susu laku,F4,3,2
264,6,Beberapa tips yang dapat dilakukan untuk mempercepat kehamilan antara lain: Berhubungan intimlah tanpa kontrasepsi terutama pada saat 3 hari sebelum dan sesudah dari perkiraan tanggal masa subur,tips laku cepat hamil hubung intim kontrasepsi utama tanggal subur,F3,3,3
264,7,Berikut cara mengetahuinya: Cara mengetahui masa subur wanita,subur wanita,F3,3,3
264,8,Beristirahat cukup,istirahat,F3,3,4
264,9,Tidak merokok,rokok,F3,3,4
264,10,Tidak konsumsi minuman beralkohol,konsumsi minum alkohol,F3,3,4
264,11,Makan makanan bergizi seperti buah dan sayuran,makan makan gizi buah sayur,F3,3,4
264,12,Olahraga teratur,olahraga atur,F3,4,5
264,13,Hindari stres psikologis,hindar stres psikologis,F3,4,5
264,14,"Hindari kontak dengan polusi, misalnya asap pabrik, asap kendaraan bermotor, dan lain sebagainya",hindar kontak polusi asap pabrik asap kendara motor,F3,5,6
264,15,Berikut informasinya: Tips jitu cara cepat hamil,informasi tips jitu cepat hamil,F3,6,7
264,16,Semoga membantu ya,moga bantu ya,F1,7,8
264,17,Terima kasih,terima kasih,F1,7,8
264,18,dr Yan wiliam,dr yan wiliam,F1,8,8
265,0,"Alo, terima kasih sudah bertanya di Alodokter",alo terima kasih alodokter,F1,0,0
265,1,Jerawat terjadi akibat produksi minyak berlebihan sehingga terjadi penyumbatan folikel dan juga pori - pori kulit,jerawat akibat produksi minyak sumbat folikel pori pori kulit,F3,0,0
265,2,Obat jerawat yang ada biasanya mengandung bahan tertentu yang berisiko jika digunakan saat kondisi hamil ataupun menyusui sehingga dalam memilih obat jerawat maka anda harus melakukannya dengan hati - hati dan cermat,obat jerawat kandung bahan risiko kondisi hamil susu pilih obat jerawat laku hati hati cermat,F3,0,0
265,3,"Dalam kondisi menyusui saat ini hindari penggunaan obat jerawat dengan kandungan asam salisilat, retinoid, isotretinoin, dan juga tetrasiklin sebab kandungan tersebut dapat keluar melalui ASI",kondisi susu hindar obat jerawat kandung asam salisilat retinoid isotretinoin tetrasiklin kandung asi,F4,0,0
265,4,"Cobalah untuk mengatasi jerawat yang muncul dengan menggunakan bahan alami seperti madu, minyak kelapa, lemon, dan sebagainya dengan cara mengoleskan pada jerawat yang ada",coba jerawat muncul bahan alami madu minyak kelapa lemon oles jerawat,F3,0,0
265,5,Namun hal ini perlu diingat bahwa efek penggunaan bahan alami tentu tidak dapat terjadi dalam waktu singkat,efek bahan alami singkat,F3,0,0
265,6,Selain itu perbedaan jenis kulit pada setiap orang juga akan mempengaruhi keberhasilan,beda jenis kulit orang pengaruh hasil,F3,0,0
265,7,Oleh sebab itu sebaiknya konsultasikan secara langsung keluhan yang terjadi pada dokter spesialis kulit guna mendapatkan hasil yang terbaik,konsultasi langsung keluh dokter spesialis kulit hasil,F5,1,1
265,8,Jika anda memiliki kendala dalam emnghubungi dokter secara langsung anda dapat menggunakan layanaan chat bersama dokter spesialis kulit pada aplikasi Alodokter yang bisa diunduh di Google Playstore,milik kendala emnghubungi dokter langsung layanaan chat dokter spesialis kulit aplikasi alodokter unduh google playstore,F5,1,1
265,9,Jangan lupa untuk tetap memperhatikan wajah anda dengan rutin mencuci muka setidaknya dua kali sehari,lupa hati wajah rutin cuci muka kali,F5,2,2
265,10,"Sekian, semoga bermanfaat",sekian moga manfaat,F1,2,2
266,0,"Alo, terima kasih sudah bertanya di Alodokter",alo terima kasih alodokter,F1,0,0
266,1,Sebelumnya apakah penyakit yang dialami oleh ayah anda?,sakit alami ayah,F2,0,0
266,2,Produk yang anda sebutkan di atas merupakan salah satu obat dengan kandungan anagrelide,produk rupa salah obat kandung anagrelide,F3,1,1
266,3,Anagrelide merupakan golongan antiplatelet yang merupakan salah satu jenis obat pengencer darah,anagrelide rupa golong antiplatelet rupa salah jenis obat encer darah,F3,1,1
266,4,Biasanya obat ini digunakan pada penderita stroke dan juga penyakit jantung terutama jantung koroner,obat derita stroke sakit jantung utama jantung koroner,F3,2,2
266,5,Namun obat juga dapat digunakan pada penyakit arteri perifer,obat sakit arteri perifer,F3,2,2
266,6,"Oleh karena obat antiplatelet merupakan salah satu obat untuk mengencerkan darah maka risiko untuk terjadinya pendarahan tentu saja besar seperti mimisan, BAB berdarah, lebam tanpa benturan, menstruasi berkepanjangan, luka yang sulit sembuh, dan sebagainya",obat antiplatelet rupa salah obat encer darah risiko darah mimisan bab darah lebam bentur menstruasi luka sulit sembuh,F3,2,2
266,7,"Di samping itu penggunaan obat antiplatelet juga dapat menimbulkan efek samping berupa mual, diare, ruam di kulit, nyeri ulu hati, dan sebagainya",samping obat antiplatelet timbul efek samping rupa mual diare ruam kulit nyeri ulu hati,F6,2,2
266,8,Sehingga bisa saja yang terjadi pada ayah anda merupakan efek samping akibat penggunaan obat,ayah rupa efek samping akibat obat,F4,2,2
266,9,Jika hal tersebut terjadi sebaiknya segera kembali hubungi dokter anda pemeriksaan dan penanganan lebih lanjut termasuk dalam hal menghentikan pengobatan sementara,hubung dokter periksa tangan masuk henti obat,F5,2,2
266,10,"Hal ini penting untuk mengetahui apakah keluhan yang terjadi benar karena diakibatkan oleh efek samping atau akibat kondisi lainnya seperti trauma, masalah pada ginjal, masalah jantung, dan lain sebagainya",keluh akibat efek samping akibat kondisi trauma ginjal jantung,F5,2,2
266,11,"Sekian, semoga bermanfaat",sekian moga manfaat,F1,2,2
267,0,Halo Farikha,halo farikha,F1,0,0
267,1,"Air es (air mineral, air putih dingin tanpa campuran apapun) tidak membuat bayi menjadi besar",air es air mineral air putih dingin campur bayi,F4,0,0
267,2,"Minum air putih es boleh - boleh saja saat hamil untuk menyegarkan tubuh, namun jangan berlebihan",minum air putih es hamil segar tubuh,F3,0,0
267,3,"Karena, saat kita minum air es yang temperaturnya lebih dingin dari tubuh kita, tubuh akan berusaha menyesuaikan suhu kembali ke suhu yang normal dan ini memerlukan kalori / tenaga, sehingga ibu hamil bisa cepat lelah",minum air es temperatur dingin tubuh tubuh usaha suai suhu suhu normal kalori tenaga hamil cepat lelah,F3,0,0
267,4,"Selain itu, pada sebagian orang, minum air es sedikit saja sudah melegakan rasa haus sehingga tidak perlu minum banyak",orang minum air es lega haus minum,F3,0,0
267,5,Padahal kebutuhan cairan harus tercukupi,butuh cair,F3,0,0
267,6,"Air es yang membuat bayi menjadi besar adalah apabila air es ini dicampur dengan bahan yang mengandung gula, misalnya dicampur sirup, es teh manis, atau produk minuman dingin manis botolan dan kalengan",air es bayi air es campur bahan kandung gula campur sirup es teh manis produk minum dingin manis botol kaleng,F4,0,0
267,7,Konsumsi gula yang berlebihan pada ibu hamil dapat menyebabkan bayi menjadi besar,konsumsi gula hamil bayi,F4,0,0
267,8,"Kesimpulannya, Farikha bisa meminum air es apabila sangat kehausan dan membutuhkan penyegar, namun jangan terlalu banyak",simpul farikha minum air es haus butuh segar,F4,0,0
267,9,Batasi minuman manis agar bayi tidak terlalu besar dan tidak terjadi diabetes pada kehamilan,batas minum manis bayi diabetes hamil,F4,0,1
267,10,Baca juga tentang mitos lain tentang kehamilan di Mitos vs Fakta tentang Kehamilan,baca mitos hamil mitos vs fakta hamil,F5,1,1
267,11,"Semoga penjelasannya dapat membantu ya, dr Mega",moga bantu ya dr mega,F1,2,2
268,0,Halo Audyalveria,halo audyalveria,F1,0,0
268,1,"Seseorang disebut mengalami halusinasi jika orang tersebut melihat, mendengar, mencium suatu aroma, atau merasakan sesuatu yang sebenarnya tidak ada",orang alam halusinasi orang lihat dengar cium aroma,F3,0,0
268,2,Apa yang mereka alami hanya ada di pikiran mereka,alami pikir,F3,0,0
268,3,"Beberapa obat terlarang berikut dapat menyebabkan seseorang mengalami halusinasi : amfetamin, kokain, LSD, atau ekstasi",obat larang orang alam halusinasi amfetamin kokain lsd ekstasi,F3,0,0
268,4,"Apapun penyebabnya, jika adik Anda mengalami penurunan kesadaran dan mengalami halusinasi, silakan segera bawa adik Anda untuk mencari pertolongan medis terdekat",adik alam turun sadar alam halusinasi sila bawa adik cari tolong medis,F5,0,0
268,5,Kondisi ini membutuhkan penanganan medis secara cepat dan tepat,kondisi butuh tangan medis cepat,F5,1,1
268,6,Efek dari obat tersebut dapat diatasi dengan penanganan yang tepat,efek obat tangan,F5,1,1
268,7,Semoga informasi ini berguna,moga informasi,F1,1,1
268,8,dr Aloisia,dr aloisia,F1,2,2
269,0,Halo,halo,F1,0,0
269,1,"Kondisi kulit yang berwarna kehitaman dapat disebabkan oleh : pigmentasi melasma pengaruh hormon, misalnya akibat kontrasepsi hormonal (pil, suntik , implan) hiperpigmentasi pasca inflamasi atau peradangan kulit ultraviolet yang terkandung dalam sinar matahari infeksi kulit dan lain – lain",kondisi kulit warna hitam pigmentasi melasma pengaruh hormon akibat kontrasepsi hormonal pil suntik implan hiperpigmentasi pasca inflamasi radang kulit ultraviolet kandung sinar matahari infeksi kulit,F3,0,0
269,2,"Karena terdapat banyak faktor yang mempengaruhi, belum dapat dipastikan bahwa keluhan Anda disebabkan ketidakcocokan terhadap suntik KB",faktor pengaruh keluh ketidakcocokan hadap suntik kb,F4,0,0
269,3,Diperlukan pemeriksaan oleh dokter kulit untuk mengetahui penyebab pasti dari keluhan Anda sehingga dapat diberikan pengobatan yang sesuai,periksa dokter kulit keluh obat sesuai,F5,0,0
269,4,"Sebagai langkah penanganan awal, berikut anjuran untuk Anda : hindari sinar matahari berlebih - gunakanlah tabir surya bila beraktivitas di luar ruangan, lakukan scrubbing semingu sekali (bila kulit menghitam pada area wajah, lakukan scrubbing secara perlahan agar tidak menyebabkan iritasi), oleskan pelembab atau losion pemutih yang aman, gantilah alat kontrasepsi yang Anda gunakan (setelah berdiskusi dengan dokter kulit)",langkah tangan anjur hindar sinar matahari tabir surya aktivitas ruang laku scrubbing semingu kulit hitam area wajah laku scrubbing perlahan iritasi oles pelembab losion putih aman ganti alat kontrasepsi diskusi dokter kulit,F1,0,0
269,5,"Semoga bermanfaat, dr Lili",moga manfaat dr lili,F1,1,0
270,0,"Halo, terima kasih sudah bertanya di alodokter",halo terima kasih alodokter,F1,0,0
270,1,"Kami akan menjelaskan satu persatu mengenai kondisi anda : Asam urat atau uric acid adalah sisa produksi dari hasil metabolisme tubuh yang didapat dari makanan yang mengandung asam urat tinggi (Seperti jeroan, hidangan laut, daging merah, dan lain sebagainya), dan ginjal merupakan salah satu organ yang bertanggung jawab untuk mengurangi asam urat melalui urin",kena kondisi asam urat uric acid sisa produksi hasil metabolisme tubuh makan kandung asam urat jeroan hidang laut daging merah ginjal rupa salah organ tanggung asam urat urin,F3,1,1
270,2,"Tingginya kadar asam urat dapat disebabkan karena asupan asam urat yang tinggi, atau eliminasi melalui ginjal yang menurun",kadar asam urat asupan asam urat eliminasi ginjal turun,F3,1,1
270,3,"Tingginya kadar asam surat didarah tidak selalu menimbulkan gejala pada fase awal, dimana bila terdapat rasa pegal dan nyeri sendi bila sudah terjadi penumpukan",kadar asam surat darah timbul gejala fase pegal nyeri sendi tumpuk,F3,1,1
270,4,"Kristal asam urat di persendian, bila belum sampai tahap ini makan tidak akan timbul gejala nyeri sendi / pegal",kristal asam urat sendi tahap makan timbul gejala nyeri sendi pegal,F3,1,1
270,5,Penimbunan Kristal asam urat paling sering berada di ibu jari kaki,timbun kristal asam urat jari kaki,F3,1,1
270,6,Kolesterol adalah senyawa lemak berlilin yang sebagian besar diproduksi di hati dan sebagian lainnya didapatkan dari makanan,kolesterol senyawa lemak lilin produksi hati makan,F3,1,1
270,7,Kondisi kolesterol tinggi dapat meningkatkan risiko terkena penyakit serius,kondisi kolesterol tingkat risiko kena sakit serius,F3,2,2
270,8,"Penyakit yang mengintai penderita kolesterol tinggi biasanya dikaitkan dengan adanya pengendapan kolesterol berlebihan pada pembuluh darah, seperti stroke dan serangan jantung",sakit intai derita kolesterol kait endap kolesterol buluh darah stroke serang jantung,F3,2,2
270,9,Kolesterol sering dibagi menjadi HDL (biasa disebut kolesterol baik) dan LDL (biasa disebut kolesterol jahat),kolesterol hdl kolesterol ldl kolesterol jahat,F3,2,2
270,10,"Tingginya kadar kolesterol sering tidak bergejala, kecuali hingga menyebabkan penyempitan pembuluh darah akibat timbunan lemak",kadar kolesterol gejala kecuali sempit buluh darah akibat timbun lemak,F3,2,2
270,11,Tekanan darah tinggi merupakan keadaan umum dimana merupakan penyakit kronis yang dapat mempengaruhi fungsi dinding arteri dan umumnya penyebabkan penyakit jantung,tekan darah rupa rupa sakit kronis pengaruh fungsi dinding arteri sakit jantung,F3,2,2
270,12,"Tekanan darah tinggi memiliki tingkatan tergantung seberapa tingginya tekanan darah anda, dan setiap tingkatan memiliki terapi yang berbeda",tekan darah milik tingkat gantung tekan darah tingkat milik terapi beda,F3,2,2
270,13,"Tekanan darah tinggi seringnya menyebabkan rasa sakit kepala, bila tekanan darah tinggi tidak terkontrol dengan baik",tekan darah sakit kepala tekan darah kontrol,F3,2,2
270,14,"Bila melihat dari keterangan kami diatas, maka kondisi asam urat, kolesterol dan tekanan darah yang tinggi, pada umumnya tidak menimbulkan gejala pada awalnya",lihat terang kondisi asam urat kolesterol tekan darah timbul gejala,F4,2,2
270,15,"Namun bila anda sudah mengetahui adanya kelainan hasil pemeriksaan darah anda, kami sangat menyarankan anda untuk menemui dokter, agar dilakukan wawancara medis lebih lanjut, pemeriksaan fisik, serta pemeriksaan lanjutan bila diperlukan",hasil periksa darah saran temu dokter laku wawancara medis periksa fisik periksa,F5,3,3
270,16,"Mengingat tidak semua gejala diatas memerlukan terapi dengan obat pada awalnya, oleh karena itu berikut beberapa hal yang dapat anda lakukan untuk menjaga kesehatan tubuh anda : Kurangi konsumsi makanan yang banyak mengandung asam urat (jeroan, makanan laut, daging merah, makanan yang mengandung ragi dan ikan yang banyak mengandung minyak)",gejala terapi obat laku jaga sehat tubuh konsumsi makan kandung asam urat jeroan makan laut daging merah makan kandung ragi ikan kandung minyak,F5,4,4
270,17,Minum air putih lebih banyak,minum air putih,F5,4,4
270,18,Kurangi berat badan apabila anda memiliki berat badan yang tidak ideal,berat badan milik berat badan ideal,F5,5,5
270,19,Konsumsi buah buahan yang mengandung vitamin C tinggi,konsumsi buah buah kandung vitamin c,F5,5,6
270,20,"Kurangi konsumsi makanan berlemak (goreng gorengan, santan, lemak, kulit, keju, susu, dan lain sebagainya)",konsumsi makan lemak goreng goreng santan lemak kulit keju susu,F5,6,6
270,21,"Atur pola makan anda, tinggi serat, rendah lemak",atur pola makan serat rendah lemak,F5,6,6
270,22,Kurangi jumlah konsumsi garam,konsumsi garam,F5,6,6
270,23,Olahraga teratur,olahraga atur,F5,7,7
270,24,Turunkan berat badan hingga berat badan ideal tercapai,turun berat badan berat badan ideal capai,F5,7,7
270,25,Berhenti merokok,henti rokok,F5,8,8
270,26,Menghindari konsumsi minuman keras,hindar konsumsi minum keras,F5,8,8
270,27,"Kurangi konsumsi minuman kaya kafein seperti teh, kopi dan minuman bersoda",konsumsi minum kaya kafein teh kopi minum soda,F5,8,8
270,28,Istirahat yang cukup,istirahat,F5,8,8
270,29,Kelola stres dengan bijak,kelola stres bijak,F5,9,9
270,30,"Sekian informasi yang dapat kami sampaikan, semoga bermanfaat",sekian informasi moga manfaat,F1,9,9
270,31,"Salam, dr Prasetyo",salam dr prasetyo,F1,10,10
271,0,"Halo, Terima kasih atas pertanyaannya",halo terima kasih,F1,0,0
271,1,Tifus atau demam tifoid adalah infeksi yang menyerang saluran pencernaan yang disebabkan oleh bakteri Salmonella typhi,tifus demam tifoid infeksi serang salur cerna bakteri salmonella typhi,F3,1,1
271,2,Cara penularan penyakit ini adalah melalui makanan dan minuman yang terkontaminasi,tular sakit makan minum kontaminasi,F3,1,1
271,3,"Ada beberapa gejala yang dapat dialami penderita misalnya: demam tinggi, sakit kepala, sakit perut, diare atau konstipasi mual muntah berkurangnya nafsu makan",gejala alami derita demam sakit kepala sakit perut diare konstipasi mual muntah nafsu makan,F3,1,1
271,4,"Karena bakteri ini menyerang saluran pencernaan, maka lambung (maag) Anda juga dapat terpengaruh dan menyebabkan sakit pada ulu hati Anda",bakteri serang salur cerna lambung maag pengaruh sakit ulu hati,F3,1,1
271,5,Pemeriksaan darah dibutuhkan untuk menunjang diagnosis tifus,periksa darah butuh tunjang diagnosis tifus,F3,1,1
271,6,"Bila memang terbukti tifus, Anda akan diobati dengan antibiotik dan obat lain yang digunakan untuk meredakan keluhan Anda seperti misalnya obat maag, obat antimual, atau obat pereda demam",bukti tifus obat antibiotik obat reda keluh obat maag obat antimual obat reda demam,F4,2,2
271,7,Silakan Anda meneruskan pengobatan yang dianjurkan oleh dokter,sila obat anjur dokter,F5,2,2
271,8,"Jika keluhan Anda tidak membaik setelah obat habis, silakan Anda kembali berkonsultasi dengan dokter Anda",keluh obat habis sila konsultasi dokter,F5,2,2
271,9,"Untuk sementara, perbanyak istirahat",istirahat,F5,3,3
271,10,Pastikan asupan makanan dan minuman Anda mencukupi kebutuhan sehari - hari,asupan makan minum butuh,F5,3,3
271,11,Hindari makan makanan di tempat yang tidak terjaga kebersihannya,hindar makan makan jaga bersih,F5,3,3
271,12,Selalu jaga kebersihan tangan Anda sebelum makan,jaga bersih tangan makan,F5,3,3
271,13,Semoga informasi ini berguna,moga informasi,F1,3,3
271,14,dr Aloisia,dr aloisia,F1,3,3
272,0,"Hi, terima kasih sudah bertanya di alodokter",hi terima kasih alodokter,F1,0,0
272,1,"Bakteri mikobakterium tuberkulosa dapat menyerang paru dan organ lain, seperti usus, selaput otak, kelenjar getah bening dan organ lainnya",bakteri mikobakterium tuberkulosa serang paru organ usus selaput otak kelenjar getah bening organ,F3,1,1
272,2,Infeksi bakteri mikobakterium tuberkulosa pada kelenjar getah bening disebut juga dengan TB kelenjar atau limfadenitis TB atau skrofula,infeksi bakteri mikobakterium tuberkulosa kelenjar getah bening tb kelenjar limfadenitis tb skrofula,F3,1,1
272,3,Kelenjar getah bening yang paling sering terkena adalah kelenjar getah bening di leher,kelenjar getah bening kena kelenjar getah bening leher,F3,1,1
272,4,Dapat juga mengenai kelenjar getah bening ketiak dan selangkangan,kena kelenjar getah bening ketiak selangkang,F3,1,1
272,5,Faktor resiko meningkat pada orang dengan daya tahan tubuh rendah ( misalnya HIV) dan orang yang tidak menjalani pengobatan TB paru atau menjalani pengobatan tapi tidak sampai selesai,faktor resiko tingkat orang daya tahan tubuh rendah hiv orang jalan obat tb paru jalan obat selesai,F3,2,2
272,6,"Kelenjar getah bening yang terinfeksi akan membesar, teraba lunak, dapat digerakkan dari jaringan di sekitarnya dan tidak terasa nyeri",kelenjar getah bening infeksi raba lunak gerak jaring nyeri,F3,3,3
272,7,Pada kelenjar yang terinfeksi tidak teraba hangat dan pada kulitnya tidak berwarna merah,kelenjar infeksi raba hangat kulit warna merah,F3,3,3
272,8,Inilah yang membedakannya dengan infeksi akibat bakteri lainnya secara klinis,beda infeksi akibat bakteri klinis,F3,3,3
272,9,"Namun, jika infeksi menyebar ke jaringan sekitarnya, yaitu kulit, maka benjolan akan membesar, teraba keras, sulit digerakkan, kulit berwarna merah, terasa nyeri dan dapat pecah hingga mengeluarkan nanah kehijauan",infeksi sebar jaring kulit benjol raba keras sulit gerak kulit warna merah nyeri pecah nanah hijau,F3,3,3
272,10,"Untuk menegakkan diagnosa, dokter perlu melakukan pemeriksaan penunjang, meliputi pemeriksaan darah dan dahak, rontgen paru serta biopsi jaringan untuk dilakukan pemeriksaan patologi anatomi",tegak diagnosa dokter laku periksa tunjang liput periksa darah dahak rontgen paru biopsi jaring laku periksa patologi anatomi,F3,4,4
272,11,"Pengobatan dilakukan dengan pemberian obat anti tuberkulosa selama 9 - 12 bulan atau lebih, tergantung dengan respon pengobatan",obat laku obat anti tuberkulosa gantung respon obat,F3,4,4
272,12,"Obat yang diberikan dan fase pengobatan yang dijalani sama dengan TB paru, hanya lama pengobatan yang berbeda",obat fase obat jalan tb paru obat beda,F3,4,4
272,13,"Pada TB kelenjar, pengobatan fase awal selama 2 bulan dan dilanjutkan fase lanjutan selama 7 bulan",tb kelenjar obat fase fase,F3,4,4
272,14,"Ada baiknya, jika anda berkonsultasi dengan dokter paru sebelumnya, agar bisa dilakukan pemeriksaan lanjutan",konsultasi dokter paru laku periksa,F5,4,4
272,15,"Barangkali dokter perlu melakukan pemeriksaan kultur dan uji resistensi, karena bisa saja bakteri mikobakterium tuberkulosa yang menyerang kelenjar anda resistens terhadap salah satu atau lebih obat anti tuberkulosa yang anda konsumsi",barangkali dokter laku periksa kultur uji resistensi bakteri mikobakterium tuberkulosa serang kelenjar resistens hadap salah obat anti tuberkulosa konsumsi,F5,4,4
272,16,Atau anda dapat berkonsultasi dengan dokter paru yang lain untuk mendapatkan pendapat lain mengenai kondisi anda dan penanganan selanjutnya yang terbaik,konsultasi dokter paru kena kondisi tangan,F5,4,4
272,17,Anjuran yang dapat saya berikan untuk anda : 1 Perbaiki ventilasi dan pencahayaan di rumah agar tidak ada tempat yang nyaman untuk bakteri berkembang biak,anjur ikan ventilasi cahaya rumah nyaman bakteri kembang biak,F5,4,4
272,18,2 Jangan menggaruk benjolan yang terasa gatal,garuk benjol gatal,F5,4,4
272,19,"Demikian, semoga bermanfaat ya",moga manfaat ya,F1,4,4
273,0,Halo,halo,F1,0,0
273,1,"Susunan tubuh manusia dewasa terdiri atas komposisi air sebanyak 60%, hanya sekitar 5% cairan berada dan mengalir di dalam pembuluh darah kita, sedangkan sisa cairan sebanyak 55% semuanya berada di luar sistem aliran darah",susun tubuh manusia dewasa komposisi air cair alir buluh darah sisa cair sistem alir darah,F3,0,0
273,2,Hal ini membuat kesimpulan bahwa manusia sangat memerlukan cairan untuk melangsungkan keseimbangan metabolisme di dalam tubuh,simpul manusia cair langsung imbang metabolisme tubuh,F3,0,0
273,3,"Tubuh bayi memiliki komposisi air yang lebih banyak dari orang dewasa, dikatakan pada bulan pertama kehidupan komposisi air pada bayi sebanyak 65 - 70%",tubuh bayi milik komposisi air orang dewasa hidup komposisi air bayi,F3,0,0
273,4,"bila volume cairan yang berada di dalam tubuh jumlahnya kurang dari kisaran ini, dalam istilah medis dikenal dalam sebutan dehidrasi",volume cair tubuh kisar istilah medis kenal dehidrasi,F3,0,1
273,5,Yang perlu diketahui adalah pada bayi dehidrasi lebih rentan terjadi dibandingkan dewasa karena kebutuhan cairan yang lebih besar,bayi dehidrasi rentan banding dewasa butuh cair,F3,0,1
273,6,"Untuk mencukupi kebutuhan cairan di dalam tubuh secara normal, bayi memerlukan minum (ASI), sedangkan cairan keluar dari tubuh lewat berbagai proses antara lain: buang air kecil buang air besar keringat udara pernapasan",butuh cair tubuh normal bayi minum asi cair tubuh proses buang air buang air keringat udara napas,F3,0,1
273,7,"Untuk mempertahankan sistem keseimbangan cairan tubuh ini, secara otomatis seorang bayi akan menyusu kepada ibunya agar sistem keseimbangan cairan di dalam tubuh tetap terjaga",tahan sistem imbang cair tubuh otomatis orang bayi susu sistem imbang cair tubuh jaga,F3,1,2
273,8,Anda perlu mengetahui tanda dan gejala dehidrasi,tanda gejala dehidrasi,F3,2,3
273,9,"Bila hal ini terjadi pada bayi Anda, segeralah berkonsultasi dengan dokter lebih lanjut",bayi konsultasi dokter,F3,2,3
273,10,"Kenali tanda dan gejala bayi mengalami dehidrasi : bibir menjadi kering anak rewel dan menangis, bila dehidrasi berat anak terlihat selalu tertidur dan lemas mata menjadi cekung tidak terdapat air mata saat menangis air seni berwarna kuning keruh / gelap",kenal tanda gejala bayi alam dehidrasi bibir kering anak rewel tangis dehidrasi berat anak lihat tidur lemas mata cekung air mata tangis air seni warna kuning keruh gelap,F3,3,4
273,11,"Penyebab dehidrasi juga bermacam - macam, antara lain: demam diare muntah berlebihan",dehidrasi demam diare muntah,F3,4,5
273,12,"Bila hal ini terjadi pada bayi Anda, segera konsultasikan ke dokter Anda",bayi konsultasi dokter,F5,5,5
273,13,"Dokter akan memberikan tambahan cairan dengan 2 cara, lewat mulut (oralit) atau lewat saluran pembuluh darah (cairan infus) tergantung tingkat keparahan dehidrasi yang bayi Anda alami",dokter cair mulut oralit salur buluh darah cair infus gantung tingkat parah dehidrasi bayi alami,F5,5,5
273,14,"Dalam kasus bayi Anda, bila hal yang saya sebutkan di atas tidak dialami, hal ini tidak perlu dikhawatirkan",bayi alami khawatir,F5,5,5
273,15,Bayi Anda yang selalu menyusu setiap kali terbangun dari tidur adalah suatu hal yang normal,bayi susu kali bangun tidur normal,F5,5,5
273,16,"Semoga bermanfaat, dr Mira",moga manfaat dr mira,F1,6,6
274,0,Halo Novita,halo novita,F1,0,0
274,1,Keputihan normal terjadi pada wanita terlebih ketika sedang hamil keputihan dapat timbul lebih banyak akibat peningkatan kadar hormon,putih normal wanita hamil putih timbul akibat tingkat kadar hormon,F3,0,0
274,2,"Tetapi jika tidak menjaga kebersihan dengan baik, keputihan dapat menjadi tidak normal disebabkan oleh infeksi bakteri, jamur ataupun parasit seperti Trichomoniasis vaginalis",jaga bersih putih normal infeksi bakteri jamur parasit trichomoniasis vaginalis,F3,0,0
274,3,"Jika sudah diperiksakan pada dokter dan diberikan pengobatan, tetap jalankan sampai pengobatan tuntas",periksa dokter obat jalan obat tuntas,F4,0,0
274,4,"Dimana pengobatan yang diberikan merupakan obat berisi kandungan metronidazole atau antimikroba yang efektif digunakan untuk mengatasi infeksi pada tubuh seperti keputihan akibat trikomoniasis yang ditandai dengan keputihan yang membuat cairan keputihan berwarna kuning kehijauan, berbau busuk, rasa gatal dan terbakar ataupun menimbulkan nyeri saat berhubungan seksual",obat rupa obat isi kandung metronidazole antimikroba efektif infeksi tubuh putih akibat trikomoniasis tanda putih cair putih warna kuning hijau bau busuk gatal bakar timbul nyeri hubung seksual,F4,0,0
274,5,Metronidazole sendiri termasuk obat dengan kategori B pada ibu hamil dimana tidak memperlihatkan adanya risiko terhadap janin dimana pemakaiannya harus sesuai anjuran dokter,metronidazole masuk obat kategori b hamil lihat risiko hadap janin pakai sesuai anjur dokter,F4,0,0
274,6,"Selain pemberian obat, penting untuk menjaga kebersihan dengan rutin mengganti pakaian dan pakaian dalam setiap hari setelah beraktifitas, membersihkan kemaluan setiap kali selesai buang air dari arah depan kebelakang untuk menghindari penyebaran bakteri dari anus ke vagina, buang air kecil secara teratur, hindari penggunaan celana yang ketat dan konsumsi air mineral untuk memenuhi kebutuhan cairan tubuh",obat jaga bersih rutin ganti pakai pakai beraktifitas bersih malu kali selesai buang air arah hindar sebar bakteri anus vagina buang air atur hindar celana ketat konsumsi air mineral penuh butuh cair tubuh,F3,1,0
274,7,"Semoga bermanfaat, dr Adhi P",moga manfaat dr adhi p,F1,1,0
275,0,Halo rama,halo rama,F1,0,0
275,1,Terima kasih atas pertanyaan Anda,terima kasih,F1,0,0
275,2,Perlu Anda ketahui bahwa terdapat 2 Rute pemberian obat yang utama yaitu :1 Enteral : Oral Sublingual Rektal,rute obat utama enteral oral sublingual rektal,F3,1,1
275,3,"2 Parenteral Suntikan intravena, Suntikan Intramuskular, Suntikan subkutan",parenteral suntik intravena suntik intramuskular suntik subkutan,F3,1,1
275,4,"Apabila pemberian obat tidak dapat dilakukan secara oral, kemungkinan Dokter Akan memberikan alternatif lain yaitu ke arah pemberian secara parenteral",obat laku oral dokter alternatif arah parenteral,F4,1,1
275,5,Cobalah tips berikut ini : Ciptakanlah suasana yang nyaman dan santai untuk anak Anda,coba tips cipta suasana nyaman santai anak,F3,2,2
275,6,Hindari penggunaan suara yang keras saat memberikan obat,hindar suara keras obat,F3,2,2
275,7,Posisikan bayi dengan kepala lebih tinggi agar obat tidak masuk ke paru - paru,posisi bayi kepala obat masuk paru paru,F3,2,2
275,8,"Pangku anak Anda, lalu atur agar posisinya setengah duduk",pangku anak atur posisi duduk,F3,2,2
275,9,"Gunakan pipet, letakkan di sudut mulut bayi, lalu secara perlahan - lahan keluarkan obat",pipet letak sudut mulut bayi perlahan lahan obat,F3,2,2
275,10,"Letakkan ujung pipet di bibir bawah anak, biarkan obat mengalir ke dalam mulut dan lain - lain",letak ujung pipet bibir anak biar obat alir mulut,F3,2,2
275,11,"Jika tips di atas tetap tidak berhasil, segera kunjungi Dokter agar dilakukan penanganan yang tepat",tips hasil kunjung dokter laku tangan,F5,2,2
275,12,"Demikian penjelasan yang dapat kami sampaikan, semoga bermanfaat",moga manfaat,F1,2,2
275,13,"Salam, dr Jati",salam dr jati,F1,2,2
276,0,"wa'alaikumusalam wr wb, Terima kasih atas pertanyaanya",waalaikumusalam wr wb terima kasih pertanyaanya,F1,0,0
276,1,"Batuk disertai sesak nafas dapat disebabkan oleh beberapa hal yakni: 1 Asma Gejalanya berupa batuk, sesak nafas, mengi, tidak ada demam, keluhan muncul sejak kecil dan terus berulang",batuk sesak nafas asma gejala rupa batuk sesak nafas mengi demam keluh muncul ulang,F3,1,1
276,2,"Asma merupakan penyakit yang disebabkan oleh alergi terhadap suatu zat seperti dingin, debu, angin dan lain - lain",asma rupa sakit alergi hadap zat dingin debu angin,F3,1,1
276,3,Keluhan ini akan muncul berulang jika pencetus asma tidak disingkirkan,keluh muncul ulang cetus asma singkir,F3,1,1
276,4,2 Pneumonia,pneumonia,F3,1,1
276,5,"Gejalanya berupa batuk kurang dari seminggu, sesak nafas dan demam tinggi",gejala rupa batuk minggu sesak nafas demam,F3,1,1
276,6,Pneumonia disebabkan oleh adanya infeksi di paru - paru,pneumonia infeksi paru paru,F3,1,1
276,7,"3 TBC Paru Gejalanya berupa batuk lebih dari 2 minggu, badan terasa hangat terutama malam hari, kadang - kadang disertai sesak, nafsu makan dan berat badan menurun, keringat dingin",tbc paru gejala rupa batuk minggu badan hangat utama malam kadang kadang sesak nafsu makan berat badan turun keringat dingin,F3,2,2
276,8,Penyakit ini disebabkan karena infeksi kuman Mycobacterium TB,sakit infeksi kuman mycobacterium tb,F3,2,3
276,9,Ibu Anda tetap perlu dibawa bertemu dokter untuk melakukan pemeriksaan fisik terhadap paru - paru dan pemeriksaan penunjang yang lengkap untuk mengetahui penyebab pasti keluhan yang dirasakan Ibu Anda,bawa temu dokter laku periksa fisik hadap paru paru periksa tunjang lengkap keluh,F5,3,3
276,10,"Saat keluhan sesak muncul, Ibu Anda harus segera datang ke unit gawat darurat puskemas / rumah sakit untuk mendapat pertolongan nafas berupa pemberian oksigen",keluh sesak muncul unit gawat darurat puskemas rumah sakit tolong nafas rupa oksigen,F5,4,4
276,11,Saran untuk Ibu Anda 1 Hindari hal yang memicu timbulnya batuk dan sesak,saran hindar picu timbul batuk sesak,F5,4,4
276,12,2 Minum air putih minimal 8 gelas sehari,minum air putih minimal gelas,F5,4,4
276,13,3 Segera mencari pertolongan medis saat keluhan sesak Ibu Anda muncul,cari tolong medis keluh sesak muncul,F5,4,4
276,14,Semoga membantu,moga bantu,F1,5,5
276,15,"Salam, dr Angga",salam dr angga,F1,5,5
277,0,"Halo, terima kasih sudah bertanya di alodokter",halo terima kasih alodokter,F1,0,0
277,1,Menstruasi merupakan siklus bulanan yang dialami oleh setiap wanita,menstruasi rupa siklus alami wanita,F3,1,1
277,2,Menstruasi umumnya dialami setiap sekitar 21 - 35 hari dan menstruasi normalnya berlangsung selama 3 - 7 hari,menstruasi alami menstruasi normal langsung,F3,1,1
277,3,"Jika siklus menstruasi Anda masih dalam rentang waktu tersebut, maka siklus menstruasi Anda masih termasuk normal",siklus menstruasi rentang siklus menstruasi masuk normal,F3,1,1
277,4,"Berbagai faktor dapat mempengaruhi ketidakteraturan menstruasi, diantaranya : â€¢ Ketidakseimbangan hormonal",faktor pengaruh ketidakteraturan menstruasi ketidakseimbangan hormonal,F3,2,1
277,5,â€¢ Obesitas,obesitas,F3,2,2
277,6,â€¢ Aktivitas yang berat sehingga menyebabkan kelelahan,aktivitas berat lelah,F3,2,2
277,7,â€¢ Konsumsi pil KB,konsumsi pil kb,F3,2,2
277,8,â€¢ Kehamilan,hamil,F3,2,2
277,9,â€¢ Stres,stres,F3,2,2
277,10,â€¢ Penurunan berat badan yang terlalu drastis / cepat,turun berat badan drastis cepat,F3,2,2
277,11,â€¢ Pola gizi yang buruk / malnutrisi,pola gizi buruk malnutrisi,F3,2,2
277,12,â€¢ PCOS (sindrom polikistik ovarii),pcos sindrom polikistik ovarii,F3,3,3
277,13,â€¢ Gangguan tiroid,ganggu tiroid,F3,3,3
277,14,"Gangguan pola menstruasi dapat juga dipengaruhi : â€¢ Hyoermenorrhea, yaitu durasi menstruasi yang banyak dan lebih lama dari normal, yaitu 6 - 7 hari dan dengan pembalut 5 - 6 kali setiap harinya",ganggu pola menstruasi pengaruh hyoermenorrhea durasi menstruasi normal balut kali,F3,3,3
277,15,"â€¢ Hypomenorrhea, yaitu menstruasi terlalu singkat kurang dari 3 hari dan jumlahnya sangat sedikit",hypomenorrhea menstruasi singkat,F3,3,3
277,16,"â€¢ Polymenorrhea yaitu interval perdarahan yang tidak normal, misalnya menstruasi terlalu sering yaitu 21 hari",polymenorrhea interval darah normal menstruasi,F3,3,3
277,17,"â€¢ Oligomenorrhea, yaitu menstruasi yang terlalu jarang 35 hari",oligomenorrhea menstruasi jarang,F3,3,3
277,18,"â€¢ Metrorrhagia , dimana durasi dapat bervariasi secara berlebihan lebih dari 2 kali di antara siklus mentruasi",metrorrhagia durasi variasi kali siklus mentruasi,F3,3,3
277,19,â€¢ Menorrhagia dimana jumlah perdarahan yang terlalu banyak,menorrhagia darah,F3,3,3
277,20,Perdarahan yang berlebihan yang terjadi diluar waktu menstruasi normal disebut sebagai menometrorrhagia,darah menstruasi normal menometrorrhagia,F3,3,3
277,21,Kehamilan dapat terjadi apabila sel sperma bertemu dengan sel telur dan terjadi pembuahan,hamil sel sperma temu sel telur buah,F3,4,4
277,22,Sel sperma dapat bertahan sampai dengan 7 hari di dalam rahim,sel sperma tahan rahim,F3,4,4
277,23,Apabila wanita mengalami ovulasi / pelepasan sel telur dalam waktu 1 - 7 hari setelah berhubungan maka kehamilan mungkin saja dapat terjadi,wanita alam ovulasi lepas sel telur hubung hamil,F3,4,4
277,24,"Keterlambatan menstruasi memang menjadi salah satu gejala yang terjadi jika seseorang hamil, namun bukan menjadi tanda pasti",lambat menstruasi salah gejala orang hamil tanda,F3,5,5
277,25,Cara untuk mengetahui apakah seseorang hamil atau tidak yang paling mudah adalah dengan penggunaan testpack,orang hamil mudah testpack,F3,5,5
277,26,Cara penggunaan testpack pun cukup mudah dan tidak perlu menunggu lama untuk mengetahui hasilnya,testpack mudah tunggu hasil,F3,5,5
277,27,Anda bisa menggunakan testpack mulai 1 minggu setelah terlambat haid,testpack minggu lambat haid,F3,5,5
277,28,Testpack cukup akurat apabila digunakan sesuai petunjuk cara pemakaian testpack dengan benar untuk menghindari hasil positif palsu dan negatif palsu,testpack akurat sesuai pakai testpack hindar hasil positif palsu negatif palsu,F3,6,6
277,29,"Apabila hasil testpack anda negatif, lakukan testpack ulang pada hari - hari selanjutnya",hasil testpack negatif laku testpack ulang,F3,6,6
277,30,"Namun, untuk pastinya, saya sarankan Anda untuk melakukan pemeriksaan ke dokter spesialis kandungan",saran laku periksa dokter spesialis kandung,F5,7,7
277,31,"Dokter akan menanyakan keluhan apa saja yang Anda alami, melakukan pemeriksaan fisik dan pemeriksaan penunjang seperti USG untuk mengetahui tanda pasti hamil",dokter keluh alami laku periksa fisik periksa tunjang usg tanda hamil,F5,8,8
277,32,"Tanda - tanda kehamilan dibagi menjadi 3 jenis yaitu: â€¢ Tanda tidak pasti hamil: terlambat menstruasi, mual dan muntah, sering BAK, payudara membesar, kulit hidung, pipi, dahi, puting menghitam, sulit BAB, varises",tanda tanda hamil jenis tanda hamil lambat menstruasi mual muntah bak payudara kulit hidung pipi dahi puting hitam sulit bab varises,F5,8,8
277,33,â€¢ Tanda kemungkinan hamil: hasil testpack positif dan terabanya bagian tubuh janin pada pemeriksaan,tanda hamil hasil testpack positif raba tubuh janin periksa,F5,8,8
277,34,â€¢ Tanda pasti hamil: terlihatnya gerakan janin dan denyut jantung janin melalui USG Beberapa tips untuk mengatasi gangguan menstruasi yang dapat Anda lakukan diantaranya : â€¢ Cukup istirahat,tanda hamil lihat gerak janin denyut jantung janin usg tips ganggu menstruasi laku istirahat,F5,8,8
277,35,â€¢ Konsumsi makanan yang bergizi secara teratur,konsumsi makan gizi atur,F5,9,9
277,36,â€¢ Membatasi aktivitas fisik yang berat,batas aktivitas fisik berat,F5,9,9
277,37,â€¢ Menjaga berat badan ideal,jaga berat badan ideal,F5,9,9
277,38,â€¢ Mengelola stres dengan baik,kelola stres,F5,9,9
277,39,â€¢ Menjaga kebersihan organ intim,jaga bersih organ intim,F5,9,9
277,40,"â€¢ Kenakan pakaian dalam yang berbahan katun dan tidak ketat, serta menggantinya secara teratur",kena pakai bahan katun ketat ganti atur,F5,10,10
277,41,â€¢ Biasakan membasuh organ intim dari arah depan ke belakang untuk mencegah kontaminasi bakteri dari anus ke vagina,basuh organ intim arah cegah kontaminasi bakteri anus vagina,F5,11,11
277,42,"â€¢ Hindari penggunaan pantyliner, pembalut, atau pembersih kewanitaan beraroma",hindar pantyliner balut bersih wanita aroma,F5,12,12
277,43,"Demikian jawaban dari saya, semoga bermanfaat",moga manfaat,F1,12,12
277,44,"Salam, dr Sylvia",salam dr sylvia,F1,13,13
278,0,Halo Mayang,halo mayang,F1,0,0
278,1,Terima kasih Atas pertanyaan Anda,terima kasih,F1,0,0
278,2,Apakah Anda sudah melakukan tes kehamilan ( testpack ) sebelumnya ????,laku tes hamil testpack,F2,1,1
278,3,Tanda - tanda kehamilan yang perlu Anda ketahui diantaranya sebagai berikut ini : Hasil tes kehamilan (Testpack) positif,tanda tanda hamil hasil tes hamil testpack positif,F3,1,1
278,4,"Payudara terlihat lebih sensitif, padat, dan lebih kencang",payudara lihat sensitif padat kencang,F3,2,2
278,5,Lebih sering Buang Air Kecil,buang air,F3,2,2
278,6,Merasa sangat lelah,lelah,F3,2,2
278,7,Mual dan muntah,mual muntah,F3,2,2
278,8,Hilangnya nafsu makan,hilang nafsu makan,F3,2,2
278,9,Konstipasi,konstipasi,F3,2,2
278,10,Suasana hati yang berubah,suasana hati ubah,F3,2,2
278,11,Pusing,pusing,F3,2,2
278,12,Terlambat datang bulan dan lain - lain,lambat,F3,2,2
278,13,"Untuk membedakannya apakah ini suatu gejala yang timbul akibat awal munculnya menstruasi ataukah suatu tanda kehamilan, maka kami sangat menyarankan kepada Anda untuk melakukan tes kehamilan (testpack) terlebih dahulu",beda gejala timbul akibat muncul menstruasi tanda hamil saran laku tes hamil testpack,F3,3,3
278,14,"Apabila hasil negatif, maka Anda dapat mengulanginya seminggu kemudian",hasil negatif ulang minggu,F3,3,3
278,15,"Apabila Anda khawatir berlebih, konsultasikan hal ini dengan Dokter Spesialis Kebidanan dan Kandungan agar segala sesuatunya terang dan jelas",khawatir konsultasi dokter spesialis bidan kandung terang,F5,4,4
278,16,Klik artikel di bawah ini yang sesuai dengan pertanyaan Anda : TANDA KEHAMILAN MENSTRUASI TEST PACK,klik artikel sesuai tanda hamil menstruasi test pack,F5,5,5
278,17,"Demikian penjelasan yang dapat kami sampaikan, semoga bermanfaat",moga manfaat,F1,6,6
278,18,"Salam, dr Jati",salam dr jati,F1,6,6
279,0,Halo Shintia,halo shintia,F1,0,0
279,1,Apakah sebelumnya haid Anda selalu teratur?,haid atur,F2,0,0
279,2,"Jika sebelumnya haid Anda juga tidak teratur, maka jika Anda terlambat haid selama 4 bulan tetapi kehamilannya baru 5 minggu, hal tersebut bisa saja masih wajar atau dalam batas normal",haid atur lambat haid hamil minggu wajar batas normal,F4,0,0
279,3,"Namun jika sebelumnya riwayat haid Anda teratur, maka harus dipikirkan kemungkinan yang lainnya misalnya hamil anggur, dan kehamilan kosong / blighted ovum (muncul kantung kehamilan tetapi janin tidak ada)",riwayat haid atur pikir hamil anggur hamil kosong blighted ovum muncul kantung hamil janin,F4,0,0
279,4,"Hamil anggur, atau mola hidatidosa, merupakan suatu kondisi dimana sel telur gagal membelah secara normal dan akhirnya justru menjadi kantung - kantung kecil berisi cairan yang menyerupai anggur",hamil anggur mola hidatidosa rupa kondisi sel telur gagal belah normal kantung kantung isi cair rupa anggur,F4,1,1
279,5,"Hamil anggur bisa menimbulkan beberapa keluhan seperti perdarahan, mual, muntah, dan nyeri panggul",hamil anggur timbul keluh darah mual muntah nyeri panggul,F3,1,1
279,6,Penanganan hamil anggur adalah dengan kuretase dan observasi kadar hormon HCG secara rutin selama 6 bulan sampai 1 tahun,tangan hamil anggur kuretase observasi kadar hormon hcg rutin,F3,1,1
279,7,Untuk saat ini sebaiknya Anda tidak perlu khawatir dulu ya,khawatir ya,F5,2,2
279,8,Saya sarankan agar Anda mengikuti anjuran dokter untuk kembali kontrol 3 minggu lagi agar bisa dilakukan USG ulang untuk mengetahui perkembangan janin,saran anjur dokter kontrol minggu laku usg ulang kembang janin,F5,2,2
279,9,"Bisa saja sebelumnya memang haid sedang tidak teratur dan mengalami keterlambatan karena suatu penyebab (misalnya stres dan kelelahan), dan memang baru terjadi pembuahan 5 minggu yang lalu",haid atur alam lambat stres lelah buah minggu,F5,2,2
279,10,"Namun jika ternyata kehamilan tidak berkembang atau justru terjadi kondisi hamil anggur, sebaiknya Anda mengikuti saran penanganan dari dokter kandungan ya",nyata hamil kembang kondisi hamil anggur saran tangan dokter kandung ya,F5,3,3
279,11,Jangan lupa untuk selalu berpikir positif mengenai kehamilan Anda ya,lupa pikir positif kena hamil ya,F5,3,3
279,12,Berikut ini artikel yang berhubungan dengan topik pertanyaan Anda: Hamil anggur,artikel hubung topik hamil anggur,F5,3,3
279,13,Telat haid,telat haid,F5,3,3
279,14,"Terima kasih dan semoga membantu, dr Devika Y",terima kasih moga bantu dr devika y,F1,4,4
280,0,"Halo Meta, terima kasih ya sudah bertanya di Alodokter",halo meta terima kasih ya alodokter,F1,0,0
280,1,"Keluhan yang anda alami, memang dapat saja merupakan tanda tidak pasti kehamilan (terutama jika memang anda melakukan hubungan intim setelah haid), tetapi keluhan anda juga dapat saja disebabkan oleh kondisi lain seperti : Gangguan keseimbangan hormon",keluh alami rupa tanda hamil utama laku hubung intim haid keluh kondisi ganggu imbang hormon,F4,1,1
280,2,Tanda pelepasan sel telur yang subur dari indung telur,tanda lepas sel telur subur indung telur,F4,1,1
280,3,Infeksi pada vagina,infeksi vagina,F4,1,1
280,4,"Dikarenakan bercak hanya muncul sekali dan tidak banyak, maka masih ada kemungkinan hal ini disebabkan oleh suatu kondisi yang wajar dan tidak memerlukan terapi lebih lanjut serta anda tidak disarankan mengonsumsi obat - obatan apapun tanpa anjuran jelas dari dokter",bercak muncul kondisi wajar terapi saran konsumsi obat obat anjur dokter,F4,1,1
280,5,"Apabila memang bercak terjadi berkelanjutan bahkan hingga mencapai 1 minggu atau lebih, atau darah yang keluar semakin banyak, maka sangat disarankan anda memeriksakan diri lebih lanjut ke dokter untuk dilakukan evaluasi dan terapi lanjutan dari dokter spesialis kandungan",bercak capai minggu darah saran periksa dokter laku evaluasi terapi dokter spesialis kandung,F5,1,1
280,6,Untuk memastikan apakah anda hamil atau tidak ada baiknya anda melakukan pemeriksaan kehamilan minimal 1 minggu setelah anda merasa anda mengalami keterlambatan haid di bulan selanjutnya,hamil laku periksa hamil minimal minggu alam lambat haid,F5,1,1
280,7,Semoga membantu,moga bantu,F1,1,1
281,0,Hai Sindy Putri,hai sindy putri,F1,0,0
281,1,"Cyco Progynova merupakan suatu obat yang berisi hormon estradiol dan norgestrel yang umumnya berguna dalam terapi pengganti hormon pada mereka dengan gejala menopause yang mengganggu seperti rasa panas dalam tubuh, keringat malam, vagina yang kering atau untuk mencegah osteoporosis pada mereka dengan post menopause yang memiliki kontraindikasi dengan pengobatan osteoporosis lain",cyco progynova rupa obat isi hormon estradiol norgestrel terapi ganti hormon gejala menopause ganggu panas tubuh keringat malam vagina kering cegah osteoporosis post menopause milik kontraindikasi obat osteoporosis,F3,1,1
281,2,"Selain itu, membantu melancarkan menstruasi pada mereka yang memiliki gangguan menstruasi",bantu lancar menstruasi milik ganggu menstruasi,F3,1,1
281,3,"Jika anda telah melewatkan dosis harian anda, segera minum pil anda sesegera mungkin kecuali anda telah melewatkannya lebih dari 12 jam",dosis minum pil kecuali jam,F3,2,2
281,4,"Jika anda telah melewatkannya lebih dari 12 jam, maka anda harus membiarkan dosis anda terlewat dan minum dosis selanjutnya yang seharusnya",jam biar dosis minum dosis,F3,2,2
281,5,Efek dari terlewatnya dosis biasanya berupa adanya bercak darah,efek dosis rupa bercak darah,F4,2,3
281,6,Konsultasikan dengan dokter anda mengenai kondisi yang anda alami untuk informasi lebih jauh,konsultasi dokter kena kondisi alami informasi,F6,3,3
281,7,"Efek samping yang mungkin terjadi dalam pemakaian obat ini yakni adanya peningkatan berat badan, nyeri kepala, mual, gatal, dan adanya bercak darah",efek samping pakai obat tingkat berat badan nyeri kepala mual gatal bercak darah,F5,3,3
281,8,"Jika adanya gejala seperti sulit bernafas, mati rasa tiba - tiba dan pusing, adanya ruam pada kulit, nyeri dan bengkak pada kaki, maka anda harus segera berkonsultasi dengan dokter",gejala sulit nafas mati pusing ruam kulit nyeri bengkak kaki konsultasi dokter,F6,3,3
281,9,Usahakan untuk mengikuti setiap petunjuk dokter dalam pemakaian untuk mencapai hasil terapi yang diharapkan serta jaga pola hidup sehat,usaha dokter pakai capai hasil terapi harap jaga pola hidup sehat,F5,4,4
281,10,Semoga bermanfaat dan terima kasih,moga manfaat terima kasih,F1,4,4
281,11,"Salam, dr Alyssa",salam dr alyssa,F1,5,5
282,0,"Halo, terima kasih atas pertanyaannya untuk Alodokter",halo terima kasih alodokter,F1,0,0
282,1,Pada dasarnya tidak semua perempuan yang mengalami menstruasi akan merasakan nyeri menstruasi,dasar perempuan alam menstruasi nyeri menstruasi,F4,0,0
282,2,"Bila anda sudah melihat adanya perkembangan ciri kelamin sekunder pada anak (sudah ada pertumbuhan payudara, pertumbuhan rambut ketiak dan rambut pubis, perubahan bentuk tubuh, dan lain - lain) dan anak anda sudah mengalami menstruasi juga, maka tidak ada yang perlu anda khawatirkan",lihat kembang ciri kelamin sekunder anak tumbuh payudara tumbuh rambut ketiak rambut pubis ubah bentuk tubuh anak alam menstruasi khawatir,F4,0,0
282,3,"Nyeri menstruasi bukan salah satu tanda perkembangan ciri kelamin sekunder ataupun tanda menstruasi berjalan normal, melainkan hanya salah satu gejala yang bisa muncul saat seorang perempuan mengalami menstruasi",nyeri menstruasi salah tanda kembang ciri kelamin sekunder tanda menstruasi jalan normal salah gejala muncul orang perempuan alam menstruasi,F3,0,0
282,4,"Di awal - awal menstruasi seperti sekarang ini (dari menstruasi pertama hingga 1 - 2 tahun ke depan), datangnya menstruasi juga bisa belum teratur",menstruasi menstruasi menstruasi atur,F3,0,0
282,5,Oleh karena itu anda juga tidak perlu terlalu khawatir bila menstruasi anak anda datangnya tidak teratur atau warna darahnya masih berubah - ubah (tidak selalu merah segar seperti darah menstruasi anda misalnya),khawatir menstruasi anak atur warna darah ubah ubah merah segar darah menstruasi,F4,0,0
282,6,"Berikan pendidikan seksualitas dasar juga pada anak anda, termasuk juga kemungkinan terjadinya kehamilan (karena saat ini anak sudah menstruasi, maka anak sudah bisa hamil) dan penyakit menular seksual bila anak anda melakukan hubungan seksual yang tidak aman",ikan didik seksualitas dasar anak masuk hamil anak menstruasi anak hamil sakit tular seksual anak laku hubung seksual aman,F3,1,1
282,7,"Akan lebih baik bila informasi semacam ini didapatkan anak dari orang tua, sekolah, atau dokter dibandingkan bila anak mencari informasi sendiri dari orang yang tidak terpercaya",informasi anak orang tua sekolah dokter banding anak cari informasi orang terpercaya,F3,1,1
282,8,"Bila memang ada yang anda khawatirkan terkait perkembangan anak anda, anda dapat konsultasikan juga dengan dokter anaknya",khawatir kait kembang anak konsultasi dokter anak,F3,1,1
282,9,"Sekian informasi dari saya, semoga cukup menjawab",sekian informasi moga,F1,1,1
283,0,"Halo, Terima kasih sudah bertanya",halo terima kasih,F1,0,0
283,1,"Makanan yang mengandung mint, sering digunakan sebagai pelega keluhan pencernaan, pada penyakit irritable bowel syndrom (IBS), dan penyakit pencernaan lainnya",makan kandung mint lega keluh cerna sakit irritable bowel syndrom ibs sakit cerna,F3,0,0
283,2,Karena bahan utamanya memiliki efek antispasmodik dan efek menenangkan pada saluran pencernaan,bahan utama milik efek antispasmodik efek tenang salur cerna,F3,1,1
283,3,Tidak ada alasan khusus mengapa wanita hamil tidak boleh mengkonsumsi mint,alas khusus wanita hamil mengkonsumsi mint,F3,1,1
283,4,"Konsumsi mint, dalam bentuk teh satu - dua kali tidak masalah, karena dapat membantu morning sickness atau rasa tidak enak di perut",konsumsi mint bentuk teh kali bantu morning sickness enak perut,F3,1,1
283,5,"Tetapi perlu diingat, mint dapat menyebabkan rasa terbakar di dada ( GERD ), yang sering dialami oleh Ibu pada saat kehamilan",mint bakar dada gerd alami hamil,F3,1,1
283,6,"Pappermint meningkatkan risiko terjadinya GERD dikarenakan, efeknya yang merelaksasi, termasuk spinchter yang berada di antara esofagus dan lambung, sehingga dapat memperburuk gejala GERD",pappermint tingkat risiko gerd efek relaksasi masuk spinchter esofagus lambung buruk gejala gerd,F3,1,1
283,7,"Kandungan mint biasanya hanya dalam jumlah kecil dalam makanan, sehingga konsumsinya pada Ibu hamil tergolong aman, namun sampai saat ini belum diketahui bahaya konsumsi mint dalam jumlah besar",kandung mint makan konsumsi hamil golong aman bahaya konsumsi mint,F4,1,1
283,8,Karena itu sebaiknya Ibu mengkonsultasikan kembali dengan Dokter Spesialis Kebidanan dan Kandungan yang biasa menangani Ibu,mengkonsultasikan dokter spesialis bidan kandung tangan,F5,2,2
283,9,"Semoga bermanfaat, dr Fildzah",moga manfaat dr fildzah,F1,2,2
284,0,"Selamat sore Bu Lia, saya bantu jawab ya",selamat sore bu lia bantu ya,F1,0,0
284,1,"Untuk mengetahui apakah suatu kehamilan kosong atau tidak, dinilai dari ada atau tidaknya janin dalam kantung kehamilan, tidak bergantung pada ukuran kantung kehamilan",hamil kosong nilai janin kantung hamil gantung ukur kantung hamil,F3,0,0
284,2,"Jadi, jika pada saat USG dokter mengatakan bahwa terdapat janin pada kantung kehamilan anda, berarti anda tidak hamil kosong",usg dokter janin kantung hamil arti hamil kosong,F4,0,0
284,3,"Adanya perdarahan disertai gumpalan bisa saja menjadi tanda sudah terjadi keguguran, tetapi ada keadaan lain juga yang dapat menyebabkan perdarahan, seperti ancaman terjadinya keguguran, hamil anggur, luka pada jalan lahir, dan lain - lain",darah gumpal tanda gugur darah ancam gugur hamil anggur luka jalan lahir,F4,0,0
284,4,"Untuk mengetahui keadaan janin anda, sebaiknya anda segera kontrol kembali ke dokter kandungan, dokter mungkin akan melakukan pemeriksaan menggunakan alat yang dimasukkan ke dalam jalan lahir dan juga USG untuk menilai keadaan janin anda",janin kontrol dokter kandung dokter laku periksa alat masuk jalan lahir usg nilai janin,F5,1,1
284,5,"Sementara di rumah, usahakan agar anda beristirahat total dan tidak melakukan aktivitas terutama aktivitas berat",rumah usaha istirahat total laku aktivitas utama aktivitas berat,F5,1,1
284,6,"Setelah menemui dokter, ikuti anjuran dokter",temu dokter anjur dokter,F5,1,1
284,7,Semoga membantu,moga bantu,F1,1,1
285,0,Mandasari yang baik,mandasari,F1,0,0
285,1,haid adalah proses medis dari organ reproduksi wanita dalam usia subur yang seharusnya biasanya terjadi setiap 21 - 35 hari terhitung dari hari pertama haid terakhir dengan lama durasi berkisar antara 3 - 7 hari,haid proses medis organ reproduksi wanita usia subur hitung haid durasi kisar,F3,0,0
285,2,"Namun demikian, sebagaimana kasus Anda, haid seringkali datang dengan tidak teratur, entah terlalu cepat, terlalu lambat, atau justru tak kunjung datang",haid seringkali atur cepat lambat kunjung,F3,0,0
285,3,Kondisi ini sejatinya disebabkan oleh hormon reproduksi yang cenderung tidak stabil yang dipengaruhi banyak hal seperti : kehamilan,kondisi sejati hormon reproduksi cenderung stabil pengaruh hamil,F3,0,0
285,4,proses menyusui,proses susu,F3,0,0
285,5,penggunaan kontrasepsi,kontrasepsi,F3,0,0
285,6,pola makan dan gaya hidup,pola makan gaya hidup,F3,0,0
285,7,penyakit tiroid,sakit tiroid,F3,1,1
285,8,stres psikis,stres psikis,F3,1,1
285,9,penyakit kista,sakit kista,F3,1,1
285,10,Ovarium,ovarium,F3,2,2
285,11,"Penggunaan pil KB sebagai terapi dapat dibenarkan oleh karena pil KB dalam hal ini berupaya memodifikasi hormon reproduksi dan diharapkan yang tadinya kacau, dapat menjadi teratur seiring dengan pemakaian pil KB",pil kb terapi pil kb upaya modifikasi hormon reproduksi harap kacau atur iring pakai pil kb,F4,2,2
285,12,Adapun kebanyakan kondisi terganggunya haid disebabkan oleh faktor ringan yang dapat membaik dengan sendirinya,kondisi ganggu haid faktor ringan,F4,2,3
285,13,Namun demikian jika kondisi terus berlanjut penting bagi Anda untuk memeriksakan diri ke dokter kandungan,kondisi periksa dokter kandung,F5,3,3
285,14,"Bila penanganan yang diberikan belum maksimal, Anda dapat meminta second opinion pada ahli kandungan lain untuk mengevaluasi keluhan serta penanganan yang Anda dapatkan",tangan maksimal second opinion ahli kandung evaluasi keluh tangan,F5,3,3
285,15,Berikut kami lampirkan artikel mengenai haid tidak lancar,lampir artikel kena haid lancar,F5,3,3
285,16,Semoga bermanfaat,moga manfaat,F1,3,3
285,17,dr N K Arief,dr n k arief,F1,4,4
286,0,"Selamat pagi, terima kasih telah bertanya di Alodokter",selamat pagi terima kasih alodokter,F1,0,0
286,1,Metformin memang merupakan salah satu obat antidiabetes (OAD) yang berfungsi untuk menurunkan kadar gula darah pada penderita diabetes (kelainan kadar gula darah) tipe 2,metformin rupa salah obat antidiabetes oad fungsi turun kadar gula darah derita diabetes kadar gula darah tipe,F3,1,1
286,2,"Cara kerja obat ini dalam menurunkan kadar gula darah adalah dengan memperlambat penyerapan gula pada usus, meningkatkan sensitifitas hormon yang menyimpan gula dari darah, dan menghambat proses pembentukan gula dari dalam tubuh",kerja obat turun kadar gula darah lambat serap gula usus tingkat sensitifitas hormon simpan gula darah hambat proses bentuk gula tubuh,F3,1,1
286,3,"Mengenai pertanyaan Anda, sebenarnya tidak ada masalah untuk mengonsumsi obat ini dalam waktu lama, karena diabetes sendiri merupakan penyakit yang tidak bisa sembuh, dan hanya bisa dikontrol",kena konsumsi obat diabetes rupa sakit sembuh kontrol,F4,2,2
286,4,"Dikontrolnya itu dengan menggunakan obat, jadi memang penggunaan obat dalam jangka waktu lama pada konteks ini tidak masalah untuk dilakukan",kontrol obat obat jangka konteks laku,F4,2,2
286,5,"Sama halnya dengan mereka yang mengalami penyakit kronis lain, seperti hipertensi atau tekanan darah tinggi, dan penyakit jantung",alam sakit kronis hipertensi tekan darah sakit jantung,F4,2,2
286,6,Obat yang selalu diberikan dokter pada mereka memang sudah dinilai akan lebih bermanfaat ketimbang potensi risikonya,obat dokter nilai manfaat ketimbang potensi risiko,F4,2,2
286,7,"Yang perlu dikoreksi dari tindakan ayah Anda sebenarnya adalah bukan mengonsumsi obat dalam waktu lamanya, melainkan keputusannya untuk tidak kontrol ke dokter",koreksi tindak ayah konsumsi obat putus kontrol dokter,F4,2,2
286,8,"Meskipun kelihatannya setiap kali kontrol ke dokter, dokter hanya meresepkan obat yang sama berulang - ulang, kenyataannya disitu dokter juga mengontrol gejala yang ayah Anda rasakan, kondisi tubuhnya setelah minum obat, dan yang paling penting, kadar gula darahnya",lihat kali kontrol dokter dokter resep obat ulang ulang nyata situ dokter kontrol gejala ayah kondisi tubuh minum obat kadar gula darah,F4,2,2
286,9,"Metformin itu dosisnya akan dikurangi, ditambah, atau bisa saja diganti obat lain bila saat kontrol, hasil kadar gula darahnya masih belum normal",metformin dosis ganti obat kontrol hasil kadar gula darah normal,F4,3,3
286,10,"Jika ayah Anda tidak kontrol, obatnya bisa saja tetap diminum, tapi Anda tidak tahu apakah dosisnya masih tepat",ayah kontrol obat minum dosis,F4,3,3
286,11,"Yang dikhawatirkan, ayah Anda tetap mengonsumsi dosis yang sama padahal kadar gula darahnya sudah rendah, menjadikan dia justru mengalami hipoglikemia , atau gula darah rendah, atau sebaliknya, sebenarnya kadar gula darahnya sudah sangat tinggi dan tidak terkontrol namun dosis obatnya masih tidak ditambah",khawatir ayah konsumsi dosis kadar gula darah rendah alam hipoglikemia gula darah rendah kadar gula darah kontrol dosis obat,F4,3,3
286,12,Kedua kondisi ini bisa jadi sama bahaya dan sama fatalnya bagi kelangsungan hidup ayah Anda,kondisi bahaya fatal langsung hidup ayah,F4,4,4
286,13,"Sehingga sekali lagi, kontrol itu penting, dan jika ayah Anda merasa malas, diskusikan pada dokter Anda bagaimana penyelesaiannya, apakah diperbolehkan membeli alat kontrol mandiri dirumah atau lain sebagainya, yang jelas, jangan tidak kontrol karena ini demi kebaikan ayah Anda sendiri",kontrol ayah malas diskusi dokter selesai beli alat kontrol mandiri rumah kontrol ayah,F4,4,4
286,14,"Sekian, semoga menjawab pertanyaan Anda",sekian moga,F1,4,4
287,0,Halo bunda,halo bunda,F1,0,0
287,1,"MPASI dimulai dari usia 6 bulan dan diberikan bertahap, jenis yang terbaik adalah menggunakan bahan alami dan dibuat sendiri oleh ibu dirumah",mpasi usia tahap jenis bahan alami rumah,F3,0,0
287,2,Perhatikan pemilihan bahan makanan hindari dengan kontaminasi bahan pestisida atau bahan kimia pewarna pengawet atau perisa makanan,perhati pilih bahan makan hindar kontaminasi bahan pestisida bahan kimia warna awet perisa makan,F3,0,0
287,3,"Pilih bahan makanan yang dalam kondisi fresh dan tidak terkontaminasi binatang seperti ulat, bersihkan dengan air yang mengalir",pilih bahan makan kondisi fresh kontaminasi binatang ulat bersih air alir,F3,0,0
287,4,"Awalnya diberikan yang berkonsistensi bubur saring halus, diberikan sebagai pengenalan dulu sekitar 3 kali sehari, banyaknya dimulai sesuai kemampuan bayi seperti 20 - 40 cc perporsi kemudian semakin ditingkatkan bertahap jumlahnya dan dikentalkan teksturnya, hindari kekenyangan, tepuk punggung setelah makan dan hindari tidur setelah makan, beri jarak sekitar 15 - 30 menit",konsistensi bubur saring halus kenal kali sesuai bayi cc porsi tingkat tahap kental tekstur hindar kenyang tepuk punggung makan hindar tidur makan jarak menit,F3,1,1
287,5,"Pembuatan makanan umumnya seperti makanan pada normalnya ada kandungan karbohidrat, protein, serat dan vitamin",makan makan normal kandung karbohidrat protein serat vitamin,F3,1,1
287,6,"Pada awal pengenalan diberikan perkandungan seperti bubur saring dengan susu atau kaldu, kemudian bertahap ditambahkan kandungannya seperti wortel halus dan ikan yang dihaluskan",kenal kandung bubur saring susu kaldu tahap kandung wortel halus ikan halus,F4,1,1
287,7,Selingan dapat dengan buah yang dihaluskan,seling buah halus,F4,1,1
287,8,berikut artikel infromatif : Tips memulai MPASI diusia 6 bulan,artikel infromatif tips pulai mpasi usia,F4,1,1
287,9,Urutan MPASI,urut mpasi,F4,1,1
287,10,Contoh Menu MPASI,contoh menu mpasi,F4,1,1
288,0,"Alo, terima kasih sudah bertanya di alodokter",alo terima kasih alodokter,F1,0,0
288,1,Siklus haid memang mudah sekali mengalami perubahan ibu,siklus haid mudah alam ubah,F3,0,0
288,2,"Banyak hal yang dapat mempengaruhinya, seperti stres psikologis, diet ketat, tidak berolahraga dan banyak melakukan aktivitas sedenter (seperti menonton TV, mendengar musik, main game dan lain - lain), kurang waktu istirahat tidur dan lain - lain",pengaruh stres psikologis diet ketat olahraga laku aktivitas sedenter tonton tv dengar musik main game istirahat tidur,F3,0,0
288,3,"Anda tidak perlu khawatir, patokan siklus menstruasi normal adalah antara 21 - 35 hari dengan paling tidak seminimalnya lama siklus sama dalam 3 bulan berturut - turut",khawatir patok siklus menstruasi normal minimal siklus,F3,0,0
288,4,Anda dapat menunggu hingga telat haid 2 Minggu dari tanggal haid seharusnya pada bulan April,tunggu telat haid minggu tanggal haid april,F4,1,1
288,5,"Dari perhitungan saya, harusnya anda haid tanggal 16 April",hitung haid tanggal april,F4,1,1
288,6,"Apabila 2 Minggu setelah tanggal tersebut anda masih belum haid, saya sarankan sebaiknya anda melakukan tes kehamilan atau tes pack",minggu tanggal haid saran laku tes hamil tes pack,F3,1,1
288,7,Tes dilakukan menggunakan urin atau air kencing pertama dari bangun tidur pagi hari,tes laku urin air kencing bangun tidur pagi,F3,2,2
288,8,"Pada waktu tersebut hormon kehamilan akan ditemukan dalam kadar yang tinggi, sehingga hasil negatif palsu (hasil tes negatif padahal sebenarnya positif hamil) dapat dihindari",hormon hamil temu kadar hasil negatif palsu hasil tes negatif positif hamil hindar,F3,2,2
288,9,"Kemudian, bawalah hasilnya ke fasilitas kesehatan terdekat agar dapat dilakukan pemeriksaan lebih lanjut",bawa hasil fasilitas sehat laku periksa,F3,2,2
288,10,"Sementara itu, jalanilah pola hidup sehat dengan mengonsumsi makanan bergizi, konsumsi banyak air putih, istirahat cukup yaitu minimal 6 - 8 jam sehari dan kelolah stress secara bijak",jalan pola hidup sehat konsumsi makan gizi konsumsi air putih istirahat minimal jam kelolah stress bijak,F3,3,3
288,11,"Sebaiknya anda menghindari makanan berpengawet, berpenyedap, mentah, separuh matang dan makanan yang diolah secara dibakar",hindar makan berpengawet berpenyedap mentah paruh matang makan olah bakar,F3,3,3
288,12,"Konsumsilah asam folat hingga persalinan terjadi, hal ini untuk mencegah bayi lahir dengan cacat bawaan dan mencegah anemia pada ibu hamil",konsumsi asam folat salin cegah bayi lahir cacat bawa cegah anemia hamil,F3,3,3
288,13,Demikian semoga bermanfaat,moga manfaat,F1,3,3
289,0,Salam Alodokter,salam alodokter,F1,0,0
289,1,Terima kasih sudah bertanya di Alodokter,terima kasih alodokter,F1,0,0
289,2,"Adanya rencana penggunaan KB 3 bulan yang akan Anda jalani setelah haid, dan saat ini Anda sedang merasakan keluhan lambung dan rasa sesak, maka sebaiknya Anda mengusahakan pemulihan lambung Anda",rencana kb jalan haid keluh lambung sesak usaha pulih lambung,F4,1,1
289,3,"Bila keluhan lambung Anda mengganggu Anda, maka segera kunjungi dokter Anda untuk perawatan dan penanganan yang tepat",keluh lambung ganggu kunjung dokter rawat tangan,F5,1,1
289,4,"Pada umumnya, penggunaan suntik KB atau KB hormonal dapat menyebabkan efek samping berupa: Gangguan siklus haid",suntik kb kb hormonal efek samping rupa ganggu siklus haid,F3,1,2
289,5,Berat badan naik,berat badan,F3,1,3
289,6,Mual,mual,F3,1,3
289,7,Gangguan lambung,ganggu lambung,F3,1,3
289,8,Sakit kepala,sakit kepala,F3,1,3
289,9,Terasa capai,capai,F3,1,3
289,10,"Sehingga bila Anda mempunyai keluhan lambung, tanpa perawatan dan pemulihan awal sebelum suntik KB dapat berisiko meningkatkan keluhan Anda",keluh lambung rawat pulih suntik kb risiko tingkat keluh,F3,1,3
289,11,"Sedangkan suntik KB, dapat Anda lakukan saat Anda masih haid, dapat dilakukan 3 atau 5 hari sejak haid pertama dimulai",suntik kb laku haid laku haid,F3,2,4
289,12,Hal ini untuk membantu siklus hormonal Anda berjalan baik dan sesuai waktunya terhadap suntik KB,bantu siklus hormonal jalan sesuai hadap suntik kb,F3,3,4
289,13,Anda dapat menyampaikan ke dokter kandungan Anda atau bidan Anda bahwa saat ini Anda sedang merasakan keluhan pencernaan,dokter kandung bidan keluh cerna,F4,4,5
289,14,"Sehingga, bilapun Anda mendapatkan suntikan KB, maka dokter atau bidan Anda dapat memberikan pengawasan dan perawatan selama minggu - minggu pertama setelah suntuk KB",suntik kb dokter bidan awas rawat minggu minggu suntuk kb,F4,4,5
289,15,"Namun, bilapun Anda ingin melakukan suntik KB setelah gangguan lambung membaik atau setelah masa haid selesai, maka hal ini juga tidak menjadi kendala bagi Anda untuk melakukan suntik KB",laku suntik kb ganggu lambung haid selesai kendala laku suntik kb,F4,5,6
289,16,"Dari semua hal diatas, sebaiknya Anda mengunjungi dokter kandungan Anda atau bidan Anda berkaitan dengan rencana KB yang akan dilakukan",kunjung dokter kandung bidan kait rencana kb laku,F4,5,6
289,17,Dokter akan melakukan wawancara berkaitan dengan keluhan Anda saat ini,dokter laku wawancara kait keluh,F4,6,6
289,18,Selanjutnya dokter dapat melakukan pemeriksaan fisik untuk memastikan kondisi klinis Anda saat ini,dokter laku periksa fisik kondisi klinis,F4,6,6
289,19,Sehingga dokter dapat memastikan apakah suntik KB dapat dilakukan atau perlu ditunda,dokter suntik kb laku tunda,F4,6,6
289,20,"Semua ini perlu dipastikan langsung oleh dokter, tanpa pemeriksaan langsung, maka tidak dapat dipastikan apakah suntik KB berefek berat terhadap keluhan Anda saat ini",langsung dokter periksa langsung suntik kb efek berat hadap keluh,F4,7,7
289,21,"Oleh karena itu, kunjungi dokter Anda dan jagalah kondisi kesehatan Anda untuk membantu pemulihan, dengan cara: Hindari makanan pedas",kunjung dokter jaga kondisi sehat bantu pulih hindar makan pedas,F5,8,8
289,22,Hindari stres,hindar stres,F5,8,8
289,23,Hindari tidur larut malam,hindar tidur larut malam,F5,8,8
289,24,Hindari makanan instan dan berminyak,hindar makan instan minyak,F5,8,8
289,25,Hindari kelelahan fisik,hindar lelah fisik,F5,8,8
289,26,Cukupi kebutuhan air putih,butuh air putih,F5,9,9
289,27,Demikian info yang bisa kami sampaikan,info,F1,9,9
289,28,Terima kasih,terima kasih,F1,10,10
290,0,Halo Wulandari,halo wulandari,F1,0,0
290,1,Adanya flek atau perdarahan saat hamil bukanlah hal yang normal,flek darah hamil normal,F4,1,1
290,2,Beberapa kemungkinan penyebab perdarahan saat hamil diantaranya yaitu: Kelelahan,darah hamil lelah,F4,1,1
290,3,Tanda keguguran,tanda gugur,F4,1,1
290,4,Kehamilan ektopik / diluar rahim,hamil ektopik rahim,F4,1,1
290,5,Hamil anggur,hamil anggur,F4,1,1
290,6,Adanya masalah pada plasenta,plasenta,F4,1,1
290,7,Perdarahan pasca berhubungan seksual,darah pasca hubung seksual,F4,1,1
290,8,Iritasi dan infeksi pada vagina dan leher rahim serta penyakit menular seksual Polip dan keganasan,iritasi infeksi vagina leher rahim sakit tular seksual polip ganas,F4,1,1
290,9,Gangguan pembekuan darah,ganggu beku darah,F4,1,1
290,10,Gangguan hormonal,ganggu hormonal,F4,1,1
290,11,"Apabila Anda mengalami perdarahan ketika hamil, saya sangat menyarankan untuk segera memeriksakan diri ke dokter kandungan terdekat supaya bisa dilakukan pemeriksaan lebih lanjut untuk mengetahui kondisi kehamilan dan janin Anda",alam darah hamil saran periksa dokter kandung laku periksa kondisi hamil janin,F5,1,1
290,12,"Dokter akan melakukan wawancara, pemeriksaan fisik, dan penunjang dengan USG serta tes darah bila perlu",dokter laku wawancara periksa fisik tunjang usg tes darah,F5,2,2
290,13,Selanjutnya dokter akan memberikan penanganan yang tepat sesuai dengan kondisi Anda ya,dokter tangan sesuai kondisi ya,F5,2,2
290,14,Beberapa tips yang bisa dilakukan sembari menunggu ke dokter yaitu: Istirahat cukup dan bed rest bila perlu,tips laku sembari tunggu dokter istirahat bed rest,F5,2,2
290,15,Catat jumlah perdarahan,catat darah,F5,2,2
290,16,Tunda hubungan intim sampai tidak ada perdarahan atau sesuai anjuran dokter yang merawat,tunda hubung intim darah sesuai anjur dokter rawat,F5,2,2
290,17,Hindari mengangkat benda berat,hindar angkat benda berat,F5,3,3
290,18,Hindari stress,hindar stress,F5,3,3
290,19,Penuhi kebutuhan cairan dan nutrisi harian,penuh butuh cair nutrisi,F5,3,3
290,20,Jangan menunda periksa ke dokter,tunda periksa dokter,F5,3,4
290,21,Berikut ini artikel yang berhubungan dengan topik pertanyaan Anda: Flek saat hamil,artikel hubung topik flek hamil,F5,4,4
290,22,"Terima kasih dan semoga membantu, dr Devika Y",terima kasih moga bantu dr devika y,F1,5,5
291,0,Hai,hai,F1,0,0
291,1,Telat haid bisa disebabkan oleh: Stres / kelelahan fisik,telat haid stres lelah fisik,F3,1,1
291,2,Terlalu kurus atau terlalu gemuk,kurus gemuk,F3,1,1
291,3,Diet ketat berlebihan,diet ketat,F3,1,1
291,4,Kehamilan,hamil,F3,1,1
291,5,Efek samping KB,efek samping kb,F3,1,1
291,6,Sindrom ovarium polikistik,sindrom ovarium polikistik,F3,1,1
291,7,Gangguan hormon tiroid,ganggu hormon tiroid,F3,1,1
291,8,Telat haid belum tentu hamil,telat haid hamil,F3,1,1
291,9,Pemeriksaan testpack sendiri sebenarnya sudah cukup sensitif untuk mendeteksi kehamilan pada hari pertama keterlambatan haid,periksa testpack sensitif deteksi hamil lambat haid,F3,1,1
291,10,"Jika hasilnya negatif / meragukan, testpack dapat diulang 1 minggu kemudian untuk konfirmasi",hasil negatif ragu testpack ulang minggu konfirmasi,F3,2,2
291,11,"Jika masih negatif juga, Anda sebaiknya mengunjungi Dokter Spesialis Kebidanan (spog) untuk pemeriksaan lebih lanjut",negatif kunjung dokter spesialis bidan spog periksa,F5,3,2
291,12,Mungkin diperlukan pemeriksaan darah dan USG untuk menunjang diagnosis,periksa darah usg tunjang diagnosis,F5,3,2
291,13,"Tips berikut mungkin membantu: Tidur cukup setiap harinya, yaitu sekurangnya 7 jam per hari",tips bantu tidur jam,F5,4,3
291,14,Banyak makan buah dan sayuran,makan buah sayur,F5,4,3
291,15,"Berolahraga teratur namun tidak berlebihan, yaitu cukup lebih kurang 30 menit per sesi sebanyak 3 - 5 kali seminggu",olahraga atur menit sesi kali minggu,F5,4,4
291,16,"Sekian, semoga bermanfaat",sekian moga manfaat,F1,4,5
291,17,dr Radius Kusuma,dr radius kusuma,F1,5,5
292,0,Hai Hanny,hai hanny,F1,0,0
292,1,"Keluhan yang Anda alami kemungkinan dapat disebabkan oleh infeksi saluran kemih / ISK, yaitu peradangan pada saluran kencing akibat infeksi bakteri",keluh alami infeksi salur kemih isk radang salur kencing akibat infeksi bakteri,F4,1,1
292,2,Gejala yang dapat timbul pada ISK antara lain: sakit perut bagian bawah atau pinggang sering buang air kecil buang air kecil sedikit – sedikit / tidak tuntas (anyang - anyangan) nyeri saat buang air kecil urin berwarna keruh atau berbau menyengat,gejala timbul isk sakit perut pinggang buang air buang air tuntas anyang anyang nyeri buang air urin warna keruh bau sengat,F3,1,1
292,3,"Selain itu keluhan yang serupa dapat pula disebabkan oleh kondisi medis yang lain seperti infeksi ginjal, batu ginjal, atau penyakit menular seksual",keluh rupa kondisi medis infeksi ginjal batu ginjal sakit tular seksual,F3,1,1
292,4,Bila keluhan terus berlanjut maka sebaiknya Anda menemui dokter agar dapat diperiksa lebih lanjut,keluh temu dokter periksa,F3,2,2
292,5,"Selain melakukan pemeriksaan fisik, jika diperlukan dokter dapat pula menganjurkan tes penunjang seperti tes urine, tes darah, USG atau CT Scan untuk menelusuri penyebabnya lebih jauh",laku periksa fisik dokter anjur tes tunjang tes urine tes darah usg ct scan telusur,F3,2,2
292,6,Dengan demikian Anda dapat diberikan penanganan yang tepat dengan kondisi dasarnya,tangan kondisi dasar,F3,3,3
292,7,Untuk mengurangi timbulnya keluhan berikut ini anjuran yang dapat Anda lakukan: Perbanyak konsumsi air putih 10 - 12 gelas sehari agar saluran kemih terbilas secara teratur sehingga bakteri tidak sempat berkembang biak,timbul keluh anjur laku konsumsi air putih gelas salur kemih bilas atur bakteri kembang biak,F3,3,3
292,8,Jangan menahan keinginan untuk berkemih,tahan kemih,F3,3,3
292,9,Buang air kecil secara teratur,buang air atur,F3,3,3
292,10,Basuhlah organ intim dari depan ke belakang untuk mencegah bakteri berpindah dari anus ke saluran kemih,basuh organ intim cegah bakteri pindah anus salur kemih,F3,4,4
292,11,Bila Anda sudah menikah biasakan berkemih sebelum dan sesudah berhubungan intim,nikah kemih hubung intim,F5,4,4
292,12,Artikel berikut ini memuat informasi yang terkait: Infeksi saluran kemih / ISK,artikel muat informasi kait infeksi salur kemih isk,F5,4,4
292,13,Mencegah ISK pada wanita,cegah isk wanita,F5,4,4
292,14,Demikian semoga bermanfaat,moga manfaat,F1,4,4
292,15,dr Muliani Sukiman,dr muliani sukiman,F1,5,5
293,0,Salam,salam,F1,0,0
293,1,"Dari info yang Anda sampaikan, adanya keluhan nyeri perut ulu hati dan sebelah kiri, kemungkinan dapat disebabkan oleh adanya gangguan lambung, dimana hal ini juga pernah Anda alami",info keluh nyeri perut ulu hati belah kiri ganggu lambung alami,F4,0,0
293,2,Seringnya berulang keluhan lambung ini seharusnya dilakukan pemeriksaan dan evalausi terhadap kemungkinan resiko yang memicunya,ulang keluh lambung laku periksa evalausi hadap resiko picu,F5,0,0
293,3,"Beberapa kondisi di bawah ini dapat menyebabkan gangguan lambung sering berulang, seperti: 1 infeksi pencernaan, karena kontaminasi bakteri dari makanan yang di makan, karena makanan yang dibeli kurang terjaga kebersihannya, seperti makanan di pinggir jalan, depot, yang kurang terjaga kebersihannya",kondisi ganggu lambung ulang infeksi cerna kontaminasi bakteri makan makan makan beli jaga bersih makan pinggir jalan depot jaga bersih,F3,1,1
293,4,"2 akibat konsumsi makanan pedas, mie, bakso, nasi goreng, pecel, makanan ringan, kopi, soda, alkohol, dan makanan dengan kandungan garam serta MSG berlebih",akibat konsumsi makan pedas mie bakso nasi goreng pecel makan ringan kopi soda alkohol makan kandung garam msg,F3,2,2
293,5,3 Stres atau cemas,stres cemas,F3,3,3
293,6,4 kelelahan fisik,lelah fisik,F3,3,3
293,7,5 tidur larut malam,tidur larut malam,F3,3,3
293,8,6 konsumsi obat tertentu,konsumsi obat,F3,4,4
293,9,7 gangguan liver,ganggu liver,F3,4,4
293,10,8 Tipus,tipus,F3,4,4
293,11,"Sehingga untuk memastikan penyebab keluhan ini, sebaiknya Anda berkonsultasi langsung dengan dokter penyakit dalam Anda",keluh konsultasi langsung dokter sakit,F5,4,4
293,12,Dokter akan melakukan pemeriksaan langsung terhadap keluhan ini,dokter laku periksa langsung hadap keluh,F5,4,4
293,13,"Pemeriksaan penunjang mungkin akan dilakukan untuk membantu menentukan penyebabnya, seperti pemeriksaan darah, pemeriksaan ginjal, USG, rontgen ataupun pemeriksaan Endoskopi sesuai indiaksinya",periksa tunjang laku bantu periksa darah periksa ginjal usg rontgen periksa endoskopi sesuai indiaksinya,F5,4,4
293,14,Hasil pemeriksaan akan menjadi dasar perawatan dan pengobatan,hasil periksa dasar rawat obat,F5,4,4
293,15,"Bila setelah kunjungan, keluhan Anda belum juga membaik, segera kunjungi kembali dokter Anda untuk evaluasi lanjutan terhadap keluhan yang Anda rasakan setelah pengobatan sebelumnya",kunjung keluh kunjung dokter evaluasi hadap keluh obat,F5,4,4
293,16,"Demikian info yang bisa kami sampaikan, baca juga gastritis",info baca gastritis,F1,4,4
293,17,dr Ulfi,dr ulfi,F1,4,4
294,0,"Hai, Pertama - tama, saya ingin mengucapkan terima kasih telah memberikan pertanyaan di Alodokter Saya dr Radhianie Djan akan mencoba membantu menjawab pertanyaan anda",hai tama terima kasih alodokter dr radhianie djan coba bantu,F1,0,0
294,1,"Normalnya, siklus menstruasi pada perempuan adalah 21 - 35 hari dengan durasi menstruasi 2 - 7 hari dan volume darah yang keluar saat menstruasi adalah sekitar 30 - 40 ml",normal siklus menstruasi perempuan durasi menstruasi volume darah menstruasi ml,F3,1,1
294,2,Beberapa hal yang dapat menyebabkan berhentinya menstruasi atau terlambatnya menstruasi adalah: 1 Stres,henti menstruasi lambat menstruasi stres,F3,1,1
294,3,2 Kelelahan,lelah,F3,1,1
294,4,3 Penggunaan alat kontrasepsi,alat kontrasepsi,F3,2,2
294,5,4 Penggunaan obat tertentu dan jamu tertentu,obat jamu,F3,2,2
294,6,5 Kehamilan,hamil,F3,3,3
294,7,6 Menyusui,susu,F3,3,3
294,8,7 Menopause,menopause,F3,3,3
294,9,8 Pubertas,pubertas,F3,3,3
294,10,9 Gangguan hormonal,ganggu hormonal,F3,3,3
294,11,10 Polikistik ovarian syndrome,polikistik ovarian syndrome,F3,3,3
294,12,11 Gangguan tiroid,ganggu tiroid,F3,3,3
294,13,12 Obesitas,obesitas,F3,3,3
294,14,13 Penurunan berat badan secara drastis,turun berat badan drastis,F3,4,4
294,15,Beberapa hal yang dapat anda lakukan terkait dengan keluhan anda adalah: 1 Istirahat yang cukup,laku kait keluh istirahat,F3,4,4
294,16,2 Hindari stres berlebih,hindar stres,F3,4,4
294,17,3 Hindari aktifitas berlebih,hindar aktifitas,F3,4,4
294,18,4 Hindari diet ketat,hindar diet ketat,F3,4,4
294,19,5 Olahraga teratur,olahraga atur,F3,5,5
294,20,6 Ganti pilihan alat kontrasepsi,ganti pilih alat kontrasepsi,F3,5,5
294,21,7 Olahraga teratur,olahraga atur,F3,5,5
294,22,"Untuk mengetahui apakah anda sedang hamil atau tidak ada beberapa macam hal yang harus anda ketahui seperti: 1 Payudara anda akan terasa lebih padat, sensitif dan terasa kencang",hamil payudara padat sensitif kencang,F3,6,6
294,23,Putting akan terlihat lebih muncul dengan warna lebih gelap dan pembuluh darah yang lebih tampak pada permukaan kulit payudara,putting lihat muncul warna gelap buluh darah muka kulit payudara,F3,6,6
294,24,"2 Seiiring dengan perubahan hormon yang terjadi saat hamil, anda akan merasakan dorongan lebih untuk sering buang air kecil",seiiring ubah hormon hamil dorong buang air,F3,7,7
294,25,Hal ini terjadi lebih sering di awal kehamilan,hamil,F3,7,7
294,26,"3 Pada trimester awal kehamilan, anda pun akan merasa lebih lelah yang diakibatkan oleh meningkatnya kadar progesterone dan perubahan produksi darah, metabolisme tubuh dan detak jantung",trimester hamil lelah akibat tingkat kadar progesterone ubah produksi darah metabolisme tubuh detak jantung,F3,7,7
294,27,4 Mual muntah sering terjadi sekitar sebulan setelah haid terakhir yang biasanya terjadi pada pagi hari atau dikenal juga sebagai morning sickness,mual muntah haid pagi kenal morning sickness,F3,8,8
294,28,5 Perempuan hamil akan lebih sensitif pada bau - bauan,perempuan hamil sensitif bau bau,F3,9,9
294,29,6 Hilang nafsu makan,hilang nafsu makan,F3,9,9
294,30,7 Konstipasi,konstipasi,F3,9,9
294,31,8 Pusing,pusing,F3,9,9
294,32,9 Bercak darah yang terjadi sekitar 10 hari setelah pembuahan,bercak darah buah,F3,9,9
294,33,10 Terlambat menstruasi,lambat menstruasi,F3,9,9
294,34,Untuk memastikan kehamilan anda positif atau tidak anda dapat menggunakan alat tes kehamilan atau test pack,hamil positif alat tes hamil test pack,F3,10,10
294,35,Tes kehamilan ini berguna untuk mendeteksi hormone hCG,tes hamil deteksi hormone hcg,F3,10,10
294,36,Tes ini dilakukan dengan cara mengambil sampel urin (terutama di pagi hari),tes laku ambil sampel urin utama pagi,F3,10,10
294,37,Tempatkan urin pada wadah bersih kemudian celupkan alat tes kehamilan ke dalamnya,urin wadah bersih celup alat tes hamil,F3,10,10
294,38,Hasil positif berupa dua garis merah dan negatif berupa 1 garis merah,hasil positif rupa garis merah negatif rupa garis merah,F3,11,11
294,39,Pembuahan adalah proses bertemunya sel telur dengan sel sperma,buah proses temu sel telur sel sperma,F3,12,12
294,40,Proses ini merupakan awal terjadinya kehamilan,proses rupa hamil,F3,12,12
294,41,Awal percobaan pembuahan terjadi ketika Anda dan pasangan sedang menikmati hubungan seksual,coba buah pasang nikmat hubung seksual,F3,12,12
294,42,Kontraksi lembut pada rahim membantu sperma hidup dalam saluran reproduksi mencapai sel telur,kontraksi lembut rahim bantu sperma hidup salur reproduksi capai sel telur,F3,12,12
294,43,Sperma pertama yang bertemu dengan sel telur akan berusaha menembus cangkang sel agar terjadi pembuahan,sperma temu sel telur usaha tembus cangkang sel buah,F3,12,12
294,44,"Umumnya sperma - sperma ini dapat berenang dengan kecepatan 2,5 cm tiap 15 menit",sperma sperma renang cepat cm menit,F3,12,12
294,45,Pembuahan harus terjadi dalam waktu 24 jam setelah sel telur dihasilkan,buah jam sel telur hasil,F3,12,12
294,46,"Setelah salah satu sperma berhasil menembus sel telur, sel tersebut berubah bentuk sehingga sperma lain tidak bisa menembus masuk",salah sperma hasil tembus sel telur sel ubah bentuk sperma tembus masuk,F3,12,12
294,47,Saat itulah janin terbentuk,janin bentuk,F3,12,12
294,48,"Namun jika sperma tidak juga menemukan sel telur untuk dibuahi, mereka dapat tetap bertahan dalam tuba falopi hingga 7 hari setelah hubungan seksual",sperma temu sel telur buah tahan tuba falopi hubung seksual,F3,12,12
294,49,"Jika dalam 7 hari tersebut wanita mengalami ovulasi (masa subur), maka pasangan tersebut akan mendapatkan keturunan",wanita alam ovulasi subur pasang turun,F3,13,13
294,50,"Oleh karena itu kami menyarankan kepada anda untuk memeriksakan diri anda ke dokter spesialis Obstetri dan Gynecologi untuk dilakukan pemeriksaan lebih lanjut berupa wawancara medis, pemeriksaan fisik dan pemeriksaan penunjang untuk mengetahui penyebab dari keluhan yang anda alami saat ini",saran periksa dokter spesialis obstetri gynecologi laku periksa rupa wawancara medis periksa fisik periksa tunjang keluh alami,F5,14,14
294,51,Berikut ini merupakan informasi yang dapat anda pelajari mengenai Tanda kehamilan Pembuahan Ovulasi,rupa informasi ajar kena tanda hamil buah ovulasi,F5,15,15
294,52,"Sekian informasi yang dapat kami sampaikan, semoga informasi ini dapat bermanfaat untuk mengatasi keluhan anda",sekian informasi moga informasi manfaat keluh,F1,15,15
294,53,"Salam, dr Radhianie Djan, BmedSc",salam dr radhianie djan bmedsc,F1,16,16
295,0,"Halo, terima kasih atas pertanyaan yang Anda sampaikan",halo terima kasih,F1,0,0
295,1,"Sakit mata pada bayi saya kira tidak boleh disepelekan, dan jika tidak membaik, bawa bayi Anda untuk mengunjungi dokter mata dan menjalani pemeriksaan lanjutan",sakit mata bayi sepele bawa bayi kunjung dokter mata jalan periksa,F5,1,0
295,2,"Dari penuturan Anda bahwa terdapat kotoran mata, maka setidaknya terdapat keterlibatan peradangan pada selaput lendir mata (konjungtivitis) dengan atau tanpa keterlibatan kornea mata (keratitis)",kotor mata libat radang selaput lendir mata konjungtivitis libat kornea mata keratitis,F4,1,0
295,3,"kondisi ini pada bayi dapat disebabkan oleh infeksi virus, bakteri atau bahkan jamur",kondisi bayi infeksi virus bakteri jamur,F4,1,1
295,4,Dengan adanya kondisi yang mendasari seperti ini maka akan sangat logis untuk berfikir bahwa darah tersebut disebabkan karena infeksi tersebut,kondisi dasar logis berfikir darah infeksi,F4,1,1
295,5,Peradangan / infeksi dapat menyebabkan kelemahan / kerusakan pada jaringan dan membuatnya rapuh dan mudah berdarah,radang infeksi lemah rusak jaring rapuh mudah darah,F4,1,1
295,6,"Masalah salep, saya tidak dapat berkomentar, karena tergantung dari isi salep tersebut",salep komentar gantung isi salep,F4,2,2
295,7,dan apa penyebab sakit matanya,sakit mata,F4,2,2
295,8,Akan tetapi jika Anda ragu sebaiknya dihentikan saja dan segera bawa anak ke dokter untuk pemeriksaan dan penanganan lebih lanjut,ragu henti bawa anak dokter periksa tangan,F4,2,2
295,9,sakit mata pada bayi,sakit mata bayi,F5,2,2
295,10,"Demikian yang dapat saya sampaikan, semoga bermanfaat",moga manfaat,F1,2,2
295,11,dr Lili,dr lili,F1,2,2
296,0,Terima kasih Piraaprilia atas pertanyaannya,terima kasih piraaprilia,F1,0,0
296,1,Kehamilan dapat terjadi jika sel telur yang telah matang dibuahi oleh sperma yang sehat,hamil sel telur matang buah sperma sehat,F3,1,1
296,2,"Memang kehamilan mempunyai beberapa tanda dan gejala, namun hal - hal tersebut biasanya tidak langsung terjadi dalam 2 hari",hamil tanda gejala langsung,F3,2,1
296,3,Beberapa tanda kehamilan adalah: 1 Terlambat menstruasi,tanda hamil lambat menstruasi,F3,2,1
296,4,2 Payudara lebih sensitif,payudara sensitif,F3,2,2
296,5,3 Mudah lelah,mudah lelah,F3,2,2
296,6,4 Mual,mual,F3,2,2
296,7,5 Lebih sering BAK,bak,F3,2,2
296,8,6 Sensitif terhadap bau - bauan,sensitif hadap bau bau,F3,2,2
296,9,Sebenarnya testpack dapat dilakukan kapan saja ketika Anda sudah terlambat menstruasi,testpack laku lambat menstruasi,F4,2,2
296,10,"Jika hasilnya negatif, Anda dapat mengulangnya 1 minggu kemudian jika masih belum mendapatkan menstruasi juga",hasil negatif ulang minggu menstruasi,F4,3,3
296,11,Anda dapat membaca artikel terkait: Tanda kehamilan,baca artikel kait tanda hamil,F5,3,3
296,12,"Demikian jawaban dari saya, semoga membantu dr Andika Surya",moga bantu dr andika surya,F1,4,4
297,0,"Halo Rhach Permata, terima kasih sudah bertanya di Alodokter",halo rhach permata terima kasih alodokter,F1,0,0
297,1,Keterlambatan menstruasi memang salah satunya dapat saja disebabkan oleh kehamilan,lambat menstruasi salah hamil,F3,1,1
297,2,"Keterlambatan haid juga dapat pula diakibatkan oleh berbagai hal, diantaranya: Aktivitas fisik yang terlalu berat / kelelahan",lambat haid akibat aktivitas fisik berat lelah,F3,1,1
297,3,Stres yang berlebih,stres,F3,1,1
297,4,Ketidakseimbangan hormonal,ketidakseimbangan hormonal,F3,1,1
297,5,Menyusui,susu,F3,1,1
297,6,Penggunaan KB,kb,F3,1,1
297,7,Penurunan berat badan yang drastis,turun berat badan drastis,F3,1,1
297,8,Obesitas,obesitas,F3,1,1
297,9,Gangguan hormon tiroid,ganggu hormon tiroid,F3,1,1
297,10,Olahraga berlebihan,olahraga,F3,1,1
297,11,Pola gizi yang kurang nutrisi,pola gizi nutrisi,F3,1,1
297,12,Sindrom polikistik ovarii / PCOS,sindrom polikistik ovarii pcos,F3,1,1
297,13,Menopause dini dan sebagainya,menopause,F3,1,1
297,14,Untuk memastikan keterlambatan menstruasi diakibatkan kehamilan perlu pemeriksaan tes kehamilan menggunakan alat tes kehamilam / testpack yang dijual bebas di apotik,lambat menstruasi akibat hamil periksa tes hamil alat tes kehamilam testpack jual bebas apotik,F3,1,1
297,15,"Kemunculan hasil positif (2 strip yang muncul) kemungkinan akurat - walaupun yang muncul hanya samar, namun bila hasil negatif (1 strip) anda perlu mengulangi tes seminggu kemudian untuk memastikan hasilnya",muncul hasil positif strip muncul akurat muncul samar hasil negatif strip ulang tes minggu hasil,F3,2,2
297,16,Bercak kecokelatan tidak dapat menjadi tanda dari Adanya kehamilan,bercak cokelat tanda hamil,F3,3,3
297,17,"Setelah terjadinya Haid, akan terjadi masa subur bagi perempuan, dimana ditandai dengan Adanya lendir pada kemaluan (lendir dengan konsistensi lebih cair dengan jumlah lebih banyak), umumnya terjadi pada 12 - 14 hari sebelum hari pertama haid berikutnya (atau 10 - 17 hari setelah haid pertama, bila siklus menstruasi Anda 28 hari)",haid subur perempuan tanda lendir malu lendir konsistensi cair haid haid siklus menstruasi,F3,3,3
297,18,"Namun pada beberapa kasus dengan mesntruasi yang tidak teratur atau siklus yang panjang maka, hari tersebut dapat bergeser",mesntruasi atur siklus geser,F3,3,3
297,19,Berikut artikel untuk menghitung masa subur setelah haid,artikel hitung subur haid,F5,3,3
297,20,"Untuk mempersiapkan kehamilan, yang tidak kalah penting adalah mempraktikkan pola hidup sehat, antara lain dengan menjaga berat badan ideal, melakukan olahraga teratur, dan mengonsumsi makanan sehat",hamil kalah praktik pola hidup sehat jaga berat badan ideal laku olahraga atur konsumsi makan sehat,F5,4,4
297,21,Konsumsi vitamin mengandung asam folat dapat dilakukan sejak merencanakan kehamilan juga,konsumsi vitamin kandung asam folat laku rencana hamil,F5,5,5
297,22,"Saat mendekati masa subur, lakukan hubungan seksual secara rutin 2 - 3 kali per minggu, untuk meningkatkan kemungkinan terjadinya kehamilan",subur laku hubung seksual rutin kali minggu tingkat hamil,F5,5,5
297,23,"Sekian informasi yang dapat kami sampaikan, semoga bermanfaat",sekian informasi moga manfaat,F1,6,6
297,24,"Salam, dr Prasetyo",salam dr prasetyo,F1,6,6
298,0,Halo Sawiyah,halo sawiyah,F1,0,0
298,1,Menstruasi terlambat tidak selalu disebabkan karena kehamilan,menstruasi lambat hamil,F3,0,0
298,2,Menstruasi terlambat dapat disebabkan oleh beberapa faktor di bawah ini: Stress,menstruasi lambat faktor stress,F3,0,0
298,3,Penurunan berat badan drastis,turun berat badan drastis,F3,1,1
298,4,Obesitas,obesitas,F3,2,2
298,5,Penggunaan alat kontrasepsi,alat kontrasepsi,F3,2,2
298,6,Kehamilan,hamil,F3,2,2
298,7,Penyakit kronis,sakit kronis,F3,2,2
298,8,Gangguan tiroid,ganggu tiroid,F3,2,2
298,9,"Gangguan sistem reproduksi: sindroma ovarium polikistik, endometriosis",ganggu sistem reproduksi sindroma ovarium polikistik endometriosis,F3,2,2
298,10,Menopause dini,menopause,F3,2,2
298,11,"Beberapa tanda kehamilan yang dapat diketahui yaitu: Tanda tidak pasti hamil: berhentinya siklus menstruasi, mual dan muntah, sering BAK, payudara membesar, kulit hidung, pipi, dahi, puting menghitam, sulit BAB, varises",tanda hamil tanda hamil henti siklus menstruasi mual muntah bak payudara kulit hidung pipi dahi puting hitam sulit bab varises,F3,3,3
298,12,Tanda kemungkinan hamil: hasil testpack positif dan terabanya bagian tubuh janin,tanda hamil hasil testpack positif raba tubuh janin,F3,3,3
298,13,Tanda pasti hamil: terlihatnya gerakan janin dan denyut jantung janin melalui USG,tanda hamil lihat gerak janin denyut jantung janin usg,F3,3,3
298,14,Salah satu cara mendeteksi kehamilan dengan sederhana adalah menggunakan alat testpack,salah deteksi hamil sederhana alat testpack,F3,4,4
298,15,Testpack dapat mulai digunakan 8 hari setelah berhubungan,testpack hubung,F3,4,4
298,16,"Testpack negatif dapat disebabkan karena anda memang tidak hamil, alat testpack rusak, atau cara penggunaan testpack kurang tepat",testpack negatif hamil alat testpack rusak testpack,F3,4,4
298,17,"Apabila anda telah menggunakan testpack dan hasilnya negatif, anda dapat melakukan testpack ulang 1 minggu kemudian dengan memastikan anda mematuhi cara penggunaan testpack yang tertera di kemasan",testpack hasil negatif laku testpack ulang minggu patuh testpack tera kemas,F3,5,5
298,18,"Apabila anda terlambat menstruasi 90 hari dan anda tidak hamil, sebaiknya anda berkonsultasi dengan dokter kandungan agar dilakukan pemeriksaan lebih lanjut dan diberikan penanganan yang tepat",lambat menstruasi hamil konsultasi dokter kandung laku periksa tangan,F5,6,6
298,19,Berikut informasi yang dapat anda baca untuk menambah wawasan: Tanda - tanda hamil Menstruasi tidak lancar,informasi baca wawas tanda tanda hamil menstruasi lancar,F5,6,6
298,20,"Terima kasih dan semoga membantu, dr Devika Y",terima kasih moga bantu dr devika y,F1,7,7
299,0,"Hai, Terima kasih atas pertanyaannya",hai terima kasih,F1,0,0
299,1,â€¦ Untuk mengetahui masa subur Anda akan diperlukan data tambahan lain yaitu siklus menstruasi Anda minimal 3 bulan terakhir,subur data siklus menstruasi minimal,F4,1,1
299,2,Kami tidak bisa menginformasikan secara langsung mengenai masa subur Anda dengan data yang Anda sebut diatas karena kekurangan data informasi yang baik dan komplit,informasi langsung kena subur data data informasi komplit,F4,1,1
299,3,"Mengetahui kapan mentruasi Anda akan datang pun akan tergantung dari siklus menstruasi Anda selama ini, karena setiap siklus menstruasi wanita berbeda beda",mentruasi gantung siklus menstruasi siklus menstruasi wanita beda beda,F4,2,2
299,4,Siklus menstruasi normal akan berulang setiap 23 - 35 hari dengan periode lama 2 - 7 hari,siklus menstruasi normal ulang periode,F3,2,2
299,5,"Klik artikel di bawah ini untuk lebih jelasnya : menghitung masa subur setelah haid, cara mengetahui masa subur, Topik masa subur",klik artikel hitung subur haid subur topik subur,F3,3,3
299,6,"Demikian penjelasan yang dapat kami sampaikan, semoga bermanfaat",moga manfaat,F1,3,3
299,7,"Salam, dr Adriana",salam dr adriana,F1,3,3
300,0,Hai Ishaq,hai ishaq,F1,0,0
300,1,Terima kasih atas pertanyaan Anda,terima kasih,F1,0,0
300,2,Sakit pinggang merupakan rasa sakit / nyeri yang muncul pada bagian panggul dan daerah perut di bawah pusar,sakit pinggang rupa sakit nyeri muncul panggul daerah perut pusar,F3,1,1
300,3,Penyebab Sakit pinggang beberapa diantaranya : Infeksi Saluran kencing,sakit pinggang infeksi salur kencing,F3,1,1
300,4,Infeksi pada ginjal,infeksi ginjal,F3,1,2
300,5,Batu ginjal,batu ginjal,F3,1,2
300,6,Gangguan / infeksi saluran pencernaan (terutama usus),ganggu infeksi salur cerna utama usus,F3,1,2
300,7,"Gangguan organ reproduksi, dan lain – lain",ganggu organ reproduksi,F3,1,2
300,8,"Dari penjelasan yang Anda uraikan, kemungkinan besar sakit pinggang yang Anda alami memang berasal dari infeksi saluran kencing",urai sakit pinggang alami infeksi salur kencing,F4,1,2
300,9,Hal ini juga diperkuat dengan hasil laboratorium darah anda (leukosit 10000 ml / dll) yang cenderung merupakan tanda infeksi,kuat hasil laboratorium darah leukosit ml dll cenderung rupa tanda infeksi,F4,2,2
300,10,Akan tetapi kami tetap menyarankan kepada Anda untuk bertemu dengan Dokter Anda kembali agar dilakukan pemeriksaan lebih lanjut sehingga dapat diketahui dengan pasti penyebabnya dan dapat dilakukan penanganan / terapi yang tepat,saran temu dokter laku periksa laku tangan terapi,F5,3,3
300,11,Beberapa Tips yang Anda dapat lakukan untuk mencegah terjadinya ISK : Minum air putih minimal 2 liter per hari,tips laku cegah isk minum air putih minimal liter,F5,4,4
300,12,Jangan menahan keinginan BAK,tahan bak,F5,4,4
300,13,Makan makanan yang bergizi agar daya tahan tubuh meningkat,makan makan gizi daya tahan tubuh tingkat,F5,4,4
300,14,Bersihkan dengan baik alat kelamin Anda sesudah BAK dan lain – lain,bersih alat kelamin bak,F5,4,4
300,15,"Untuk mengatasi sakit pinggang yang saat ini Anda rasakan, meminum obat pereda rasa sakit misalnya",sakit pinggang minum obat reda sakit,F5,5,5
300,16,Paracetamol sangat kami anjurkan,paracetamol anjur,F5,5,5
300,17,"Artikel yang terkait dengan pertanyaan Anda, klik di SINI",artikel kait klik,F5,6,6
300,18,"Demikian penjelasan yang dapat kami sampaikan, semoga bermanfaat",moga manfaat,F1,6,6
300,19,"Salam, Dr Jati Satriyo",salam dr jati satriyo,F1,6,6
301,0,"Halo, terima kasih atas pertanyaannya",halo terima kasih,F1,0,0
301,1,"Nyeri di pinggang kanan disertai warna urin yang kemerahan mungkin menandakan ginjal atau saluran kemih Anda terganggu, misalnya karena radang, batu, infeksi, cidera, bahkan suatu keganasan",nyeri pinggang kanan warna urin merah tanda ginjal salur kemih ganggu radang batu infeksi cidera ganas,F4,1,1
301,2,"Di samping itu, bisa jadi juga, keluhan Anda muncul karena pencetus lain, misalnya pre menstrual syndrome, radang panggul, syaraf kejepit, gastroenteritis, keracunan makanan, sindroma iritasi usus, rheumatoid arthritis, miom, endometriosis, apendisitis, efek samping obat, dan sebagainya",samping keluh muncul cetus pre menstrual syndrome radang panggul syaraf jepit gastroenteritis racun makan sindroma iritasi usus rheumatoid arthritis miom endometriosis apendisitis efek samping obat,F4,1,1
301,3,Tidak selalu keluhan Anda muncul berkaitan dengan konsumsi makanan pedas yang Anda lakukan sebelumnya,keluh muncul kait konsumsi makan pedas laku,F4,1,1
301,4,"Pertanyaannya, seberapa hebat nyeri yang Anda rasakan?",hebat nyeri,F2,1,1
301,5,"Apakah Anda juga mengalami demam tinggi, muntah - muntah, anyang - anyangan, nyeri otot dan sendi, gangguan buang air, gangguan menstruasi, dan sebagainya?",alam demam muntah muntah anyang anyang nyeri otot sendi ganggu buang air ganggu menstruasi,F2,1,1
301,6,"Jika keluhan Anda terasanya ringan, kami sarankan Anda coba dulu mengatasinya secara mandiri, yakni dengan: Kompres hangat pinggang yang nyeri",keluh ringan saran coba mandiri kompres hangat pinggang nyeri,F5,2,1
301,7,Minum paracetamol agar nyeri berkurang,minum paracetamol nyeri,F5,2,2
301,8,"Minum sekurang - kurangnya 2,5 liter sehari, terutama air putih, tidak dulu minum minuman berkafein, bersoda, minuman kemasan",minum liter utama air putih minum minum berkafein soda minum kemas,F5,2,2
301,9,Jangan pernah menahan buang air besar ataupun kecil,tahan buang air,F5,2,2
301,10,Banyak beristirahat,istirahat,F5,2,2
301,11,Jangan dulu sembarangan minum obat,sembarang minum obat,F5,2,2
301,12,Kurangi makan makanan yang terlalu pedas atau jajan sembarangan,makan makan pedas jajan sembarang,F5,2,2
301,13,"Namun, jika nyeri terasa tak tertahankan apalagi disertai keluhan berat lain seperti telah kami singgung di atas, lebih aman Anda periksalah langsung ke dokter terdekat",nyeri tahan keluh berat singgung aman periksa langsung dokter,F5,3,3
301,14,"Selain memberi Anda obat, nantinya dokter bisa juga mengarahkan Anda untuk menjalani tes urin, rontgen, USG, tes darah, atau merujuk Anda ke dokter penyakit dalam, syaraf, bahkan kandungan jika perlu",obat dokter arah jalan tes urin rontgen usg tes darah rujuk dokter sakit syaraf kandung,F5,3,3
301,15,Semoga membantu ya,moga bantu ya,F1,3,3
302,0,Salam,salam,F1,0,0
302,1,"Pada pasien dengan keluhan buang air kencing yang disertai keluhan nyeri perut kiri, perlu dilakukan evaluasi lebih jauh terhadap sistem saluran kencing ataupun sistem pencernaan dan sistem lain yang terkait",pasien keluh buang air kencing keluh nyeri perut kiri laku evaluasi hadap sistem salur kencing sistem cerna sistem kait,F4,0,0
302,2,"Saat kita miksi, seharusnya perut kita terasa semakin nyaman dan rileks, karena kita sudah mengurangi beban dan tekanan tertentu dari dalam perut",miksi perut nyaman rileks beban tekan perut,F3,0,0
302,3,"Namun, bila keluhan nyeri setelah miksi muncul, kemungkinan dapat disebabkan oleh beberpa kondisi dibawah ini: 1 radang dinding panggul pada wanita",keluh nyeri miksi muncul beberpa kondisi radang dinding panggul wanita,F3,1,1
302,4,2 radang organ kewanitaan,radang organ wanita,F3,1,1
302,5,"3 endometriosis, pertumbuhan abnormal endometrium diluar endometrium",endometriosis tumbuh abnormal endometrium endometrium,F3,1,1
302,6,4 batu ginjal,batu ginjal,F3,1,1
302,7,5 infeksi pencernaan,infeksi cerna,F3,1,1
302,8,6 usus buntu,usus buntu,F3,1,1
302,9,"Bila keluhan ini semakin mengganggu, sebaiknya Anda berkonsultasi langsung dengan dokter penyakit dalam untuk pemeriksan dan evaluasi keluhan yang Anda rasakan",keluh ganggu konsultasi langsung dokter sakit pemeriksan evaluasi keluh,F5,2,2
302,10,Pemeriksaan penunjang akan direncanakan sesuai indikasinya,periksa tunjang rencana sesuai indikasi,F5,2,2
302,11,"Bila diperlukan, rujukan pemeriksaan ke bagian urologi atau bagian kandungan (pada wanita) dapat dilakukan oleh dokter",rujuk periksa urologi kandung wanita laku dokter,F5,2,2
302,12,Pengobatan akan diberikan sesuai hasil pemeriksaan yang didapatkan,obat sesuai hasil periksa,F5,2,2
302,13,Yang perlu Anda lakukan adalah: 1 hindari makanan pedas,laku hindar makan pedas,F5,3,3
302,14,"mie, bakso, kopi, soda",mie bakso kopi soda,F5,3,3
302,15,2 hindari tidur larut malam,hindar tidur larut malam,F5,3,3
302,16,3 cukupi kebutuhan air,butuh air,F5,3,3
302,17,"Demikian info yang bisa kami sampaikan, baca juga sakit perut sebelah kiri",info baca sakit perut belah kiri,F1,4,4
302,18,dr Ulfi,dr ulfi,F1,4,4
303,0,Hai,hai,F1,0,0
303,1,Saluran kemih manusia terdiri dari Ginjal beserta saluran di dalamnya,salur kemih manusia ginjal salur,F3,1,1
303,2,"Ureter, yaitu saluran yang menghubungkan ginjal dengan kandung kemih",ureter salur hubung ginjal kandung kemih,F3,1,1
303,3,"Kandung kemih, untuk penampungan urin sementara",kandung kemih tampung urin,F3,1,1
303,4,"Uretra, yaitu saluran kemih paling akhir yang terletak pada bagian kelamin",uretra salur kemih letak kelamin,F3,1,1
303,5,Batu pada saluran kemih umumnya dapat terbentuk pada ginjal dan kandung kemih,batu salur kemih bentuk ginjal kandung kemih,F3,1,1
303,6,Batu pada kandung kemih dapat terbentuk pada kandung kemih itu sendiri atau merupakan batu ginjal yang turun melalui ureter dan masuk ke dalam kandung kemih,batu kandung kemih bentuk kandung kemih rupa batu ginjal turun ureter masuk kandung kemih,F3,1,1
303,7,Batu kandung kemih seringkali tidak menimbulkan gejala,batu kandung kemih seringkali timbul gejala,F3,1,1
303,8,Beberapa kemungkinan gejala yang dapat ditimbulkan antara lain: Nyeri saat buang air kecil,gejala timbul nyeri buang air,F3,2,2
303,9,Anyang - anyangan,anyang anyang,F3,2,2
303,10,Buang air kecil tersendat - sendat,buang air sendat sendat,F3,2,2
303,11,Nyeri atau tidak enak pada perut bagian bawah,nyeri enak perut,F3,2,2
303,12,Sampai saat ini belum ada obat - obatan yang terbukti bermanfaat untuk menghancurkan batu di saluran kemih,obat obat bukti manfaat hancur batu salur kemih,F3,3,3
303,13,"Pada batu yang berukuran kecil, kemungkinan dapat keluar dengan sendirinya saat buang air kecil",batu ukur buang air,F3,4,4
303,14,Saat proses pengeluaran batu dapat disertai rasa nyeri hebat dan urin yang disertai darah,proses batu nyeri hebat urin darah,F3,4,4
303,15,"Batu yang berukuran kecil, dokter biasanya memberikan obat untuk merelaksasi saluran kemih sehingga bertujuan batu dalam keluar dengan sendirinya",batu ukur dokter obat relaksasi salur kemih tuju batu,F3,4,4
303,16,"Bila tidak berhasil atau batu yang berukuran besar dan menimbulkan sumbatan, maka satu - satunya jalan adalah dengan tindakan medis",hasil batu ukur timbul sumbat jalan tindak medis,F3,4,4
303,17,"Beberapa metode yang dapat dilakukan seperti: ESWL (Extracorporeal shock wave lithotripsy), yaitu penghancuran batu dengan gelombang suara sehingga batu menjadi berukuran kecil dan dapat keluar dari saluran kemih saat buang air kecil",metode laku eswl extracorporeal shock wave lithotripsy hancur batu gelombang suara batu ukur salur kemih buang air,F3,4,4
303,18,Bedah terbuka,bedah buka,F3,5,5
303,19,Terutama pada batu yang berukuran sangat besar dan kemungkinan tidak bermanfaat dengan metode ESWL,utama batu ukur manfaat metode eswl,F3,6,6
303,20,Informasi terkait dapat Anda ikuti pada topik berikut: Pengobatan batu ginjal,informasi kait topik obat batu ginjal,F5,6,6
303,21,Semoga membantu ya,moga bantu ya,F1,7,7
303,22,Terima kasih,terima kasih,F1,7,7
303,23,Dr Yan william,dr yan william,F1,8,8
304,0,Hai,hai,F1,0,0
304,1,Sakit perut bagian bawah dan pinggang sebelah kiri dapat diakibatkan oleh berbagai kemungkinan penyebab berikut ini: Infeksi saluran kemih / ISK,sakit perut pinggang belah kiri akibat infeksi salur kemih isk,F3,0,0
304,2,Infeksi ginjal,infeksi ginjal,F3,0,0
304,3,Batu ginjal,batu ginjal,F3,0,0
304,4,Sindrom iritasi usus,sindrom iritasi usus,F3,0,0
304,5,Gangguan usus besar,ganggu usus,F3,0,0
304,6,Penyakit radang panggul,sakit radang panggul,F3,0,0
304,7,Kista ovarium,kista ovarium,F3,0,0
304,8,Kehamilan ektopik,hamil ektopik,F3,0,0
304,9,Endometriosis dan sebagainya,endometriosis,F3,0,0
304,10,"Untuk memastikan penyebabnya diperlukan pemeriksaan lebih lanjut, baik melalui pemeriksaan fisik maupun tes penunjang seperti tes urine, tes darah, USG, X - Ray, CT Scan dan sebagainya",periksa periksa fisik tes tunjang tes urine tes darah usg x ray ct scan,F3,1,1
304,11,Jika keluhan terus berlanjut sebaiknya Anda berkonsultasi dengan dokter agar dapat ditelusuri penyebabnya sehingga dapat diberikan penanganan yang tepat,keluh konsultasi dokter telusur tangan,F5,2,1
304,12,Berikut ini anjuran yang dapat Anda lakukan: Istirahat cukup dan tidur yang cukup,anjur laku istirahat tidur,F5,3,2
304,13,Mengonsumsi makanan bergizi untuk menjaga daya tahan tubuh,konsumsi makan gizi jaga daya tahan tubuh,F5,3,2
304,14,Minum cukup air putih 2 - 3 liter sehari,minum air putih liter,F5,3,2
304,15,Jangan menahan keinginan untuk berkemih,tahan kemih,F5,3,2
304,16,Buang air kecil secara teratur,buang air atur,F5,3,2
304,17,Hindari mengurut / memijat area perut dan pinggang yang sakit,hindar urut pijat area perut pinggang sakit,F5,4,3
304,18,"Baca artikel berikut ini: Penyebab nyeri perut bagian kiri, Sakit pinggang sebelah kiri",baca artikel nyeri perut kiri sakit pinggang belah kiri,F5,4,3
304,19,Demikian semoga bermanfaat,moga manfaat,F1,4,4
304,20,dr Muliani Sukiman,dr muliani sukiman,F1,4,4
305,0,Halo,halo,F1,0,0
305,1,Gambaran USG tersebut tentunya akan lebih baik dibawa untuk diperiksa oleh dokter yang merujuk Anda,gambar usg bawa periksa dokter rujuk,F4,0,0
305,2,Baca artikel Penyakit ginjal,baca artikel sakit ginjal,F5,0,0
305,3,Secara ringkas gambaran tersebut menyatakan bahwa terdapat : Ukuran ginjal normal = merupakan hal yang baik,ringkas gambar nyata ukur ginjal normal rupa,F3,1,1
305,4,Kalsifikasi cortex pole = terdapat gambaran adanya penimbunan kalsium pada bagian ginjal dengan ukuran tersebut diatas,kalsifikasi cortex pole gambar timbun kalsium ginjal ukur,F3,1,1
305,5,Kondisi ini perlu diperhatikan lebih jauh,kondisi perhati,F3,1,1
305,6,"Ectasis pelvocalises = terdapat pelebaran saluran ginjal, perlu diperhatikan lebih jauh",ectasis pelvocalises lebar salur ginjal perhati,F3,1,1
305,7,"Tidak tampak massa, kista dan batu",massa kista batu,F3,1,1
305,8,Gambaran USG ini perlu disesuaikan dengan kondisi keluhan Anda,gambar usg sesuai kondisi keluh,F4,1,1
305,9,Tidak bisa diinterpretasikan secara langsung tanpa melihat kondisi Anda,interpretasi langsung lihat kondisi,F4,1,1
305,10,Maka itu segeralah periksakan diri Anda kembali ke dokter tersebut,periksa dokter,F5,1,2
305,11,"Perbanyak minum air putih, hindari menahan pipis, hindari konsumsi kalsium berlebih, lakukan olahraga",minum air putih hindar tahan pipis hindar konsumsi kalsium laku olahraga,F5,2,2
305,12,Semoga membantu,moga bantu,F1,3,2
305,13,dr Yusi,dr yusi,F1,3,3
306,0,Hai,hai,F1,0,0
306,1,Nyeri saat buang air kecil yang Anda alami kemungkinan tidak berhubungan dengan riwayat operasi hernia,nyeri buang air alami hubung riwayat operasi hernia,F4,0,0
306,2,Gejala ini dapat saja disebabkan oleh batu ginjal yang Anda alami,gejala batu ginjal alami,F4,0,0
306,3,Pada saat batu yang berukuran cukup besar melewati saluran kemih maka akan menggesek dinding saluran kemih sehingga menimbulkan rasa nyeri,batu ukur salur kemih gesek dinding salur kemih timbul nyeri,F3,0,0
306,4,"Selain itu gejala lain yang mungkin timbul adalah nyeri pada perut bagian bawah dan pinggang, sering buang air kecil, kencing berdarah, warna Urin keruh dan sebagainya",gejala timbul nyeri perut pinggang buang air kencing darah warna urin keruh,F3,0,0
306,5,"Selain itu keluhan nyeri buang air kecil dapat pula disebabkan oleh penyebab yang lain seperti infeksi saluran kemih / ISK, yaitu peradangan saluran kemih akibat infeksi bakteri",keluh nyeri buang air infeksi salur kemih isk radang salur kemih akibat infeksi bakteri,F3,0,0
306,6,Penderita batu ginjal akan lebih mudah mengalami ISK karena adanya hambatan aliran Urin sehingga bakteri akan lebih mudah berkembang biak,derita batu ginjal mudah alam isk hambat alir urin bakteri mudah kembang biak,F3,1,1
306,7,Penanganan ISK adalah dengan pemberian obat analgetik untuk meredakan nyeri dan antibiotik yang diresepkan oleh dokter,tangan isk obat analgetik reda nyeri antibiotik resep dokter,F3,2,2
306,8,Sebaiknya Anda berkonsultasi dengan dokter yang merawat Anda agar dapat dilakukan pemeriksaan lebih lanjut untuk memastikan penyebabnya,konsultasi dokter rawat laku periksa,F5,2,2
306,9,"Dokter akan melakukan pemeriksaan klinis dan tes penunjang yang diperlukan untuk menelusuri lebih jauh seperti tes urine, USG, X - Ray dan sebagainya",dokter laku periksa klinis tes tunjang telusur tes urine usg x ray,F5,2,2
306,10,Dengan demikian penanganan yang tepat akan dapat diberikan sesuai dengan penyebabnya,tangan sesuai,F5,2,2
306,11,Berikut anjuran bagi Anda: Perbanyak minum air putih 10 - 12 gelas sehari agar saluran kemih terbilas secara teratur,anjur minum air putih gelas salur kemih bilas atur,F5,3,3
306,12,Jangan menahan keinginan untuk berkemih,tahan kemih,F5,3,3
306,13,Buang air kecil secara teratur,buang air atur,F5,3,3
306,14,Jika nyeri terasa mengganggu dapat mengonsumsi ibuprofen atau paracetamol untuk meredakannya,nyeri ganggu konsumsi ibuprofen paracetamol reda,F5,3,3
306,15,Istirahat yang cukup dan mengonsumsi makanan bergizi agar daya tahan tubuh terjaga,istirahat konsumsi makan gizi daya tahan tubuh jaga,F5,3,3
306,16,Baca laman artikel berikut ini: Batu ginjal Penyebab nyeri saat buang air kecil Infeksi saluran kemih / ISK,baca laman artikel batu ginjal nyeri buang air infeksi salur kemih isk,F5,3,3
306,17,Demikian semoga bermanfaat,moga manfaat,F1,3,3
306,18,"Salam, dr Muliani Sukiman",salam dr muliani sukiman,F1,4,4
307,0,Halo Hadi,halo had,F1,0,0
307,1,Batu ginjal merupakan suatu kondisi terbentuknya suatu material yang menyerupai batu di dalam ginjal,batu ginjal rupa kondisi bentuk material rupa batu ginjal,F3,0,0
307,2,Material ini berasal dari limbah dari darah yang tersaring ginjal dan mengendap seiring waktu,material limbah darah saring ginjal endap iring,F3,0,0
307,3,"Gejala batu ginjal tergantung pada ukurannya, biasanya gejala akan muncul ketika ukuran batu melebihi diameter ureter (saluran yang menghubungkan ginjal dengan kandung kemih)",gejala batu ginjal gantung ukur gejala muncul ukur batu diameter ureter salur hubung ginjal kandung kemih,F3,0,0
307,4,"Gejala yang biasanya dialami adalah: sakit pinggang, dapat disertai dengan penjalaran nyeri ke depan perut atau selangkangan",gejala alami sakit pinggang jalar nyeri perut selangkang,F3,1,1
307,5,mual - muntah dapat disertai demam dan gejala berkemih bila terdapat infeksi ginjal,mual muntah demam gejala kemih infeksi ginjal,F3,1,1
307,6,BAK berdarah,bak darah,F3,1,2
307,7,Nyeri yang menjalar ke arah depan perut atau selangkangan biasa disebabkan oleh pergerakan batu di sepanjang ureter,nyeri jalar arah perut selangkang gerak batu ureter,F3,1,2
307,8,"Untuk membantu pergerakan ini, Anda disarankan untuk banyak meminum air putih",bantu gerak saran minum air putih,F5,2,2
307,9,"Biasanya dokter juga akan meresepkan obat yang berfungsi untuk membantu kelancaran keluarnya batu ini, yaitu tamsulosin",dokter resep obat fungsi bantu lancar batu tamsulosin,F5,2,3
307,10,"Sedangkan untuk nyeri Anda disarankan untuk meminum obat NSAID (non steroidal anti - inflammatory) seperti ibuprofen, ketorolac, ketoprofen, atau obat opiat yang lebih kuat apabila nyeri tidak tertangani dengan obat di atas",nyeri saran minum obat nsaid non steroidal anti inflammatory ibuprofen ketorolac ketoprofen obat opiat kuat nyeri tangan obat,F5,2,3
307,11,"Namun apabila Anda sudah meminum obat - obat tersebut nyeri masih juga belum tertangani dengan baik, silakan Anda segera kontrol ke dokter",minum obat obat nyeri tangan sila kontrol dokter,F5,2,3
307,12,"Apabila ukuran batu kecil, biasanya tidak memerlukan tindakan pengeluaran batu dan dapat diberikan pengobatan sampai batu keluar dengan sendirinya",ukur batu tindak batu obat batu,F5,3,4
307,13,Baca juga: Pengobatan batu ginjal,baca obat batu ginjal,F5,3,4
307,14,Semoga membantu,moga bantu,F1,3,4
307,15,dr Aloisia,dr aloisia,F1,4,4
308,0,Halo Izatika,halo izatika,F1,0,0
308,1,saya coba jelaskan yah,coba yah,F1,0,0
308,2,Ginjal berfungsi sebagai alat untuk menyaring darah dan membuang sisa - sisa metabolisme zat tubuh yang tidak dibutuhkan melalui urin saat berkemih,ginjal fungsi alat saring darah buang sisa sisa metabolisme zat tubuh butuh urin kemih,F3,0,0
308,3,Adanya sisa - sisa zat dengan kadar yang tinggi dan tidak terbuang melalui urin menyebabkan zat ini akan mengendap di ginjal dan lama kelamaan akan menjadi batu ginjal,sisa sisa zat kadar buang urin zat endap ginjal batu ginjal,F3,0,0
308,4,"Jenis batu ada 4 yaitu batu kalsium (paling sering terjadi), batu asam urat, batu struvit dan batu sistin",jenis batu batu kalsium batu asam urat batu struvit batu sistin,F3,1,1
308,5,"Gejala akan muncul bila : ukuran batu besar, batu tertahan di ginjal, batu melewati ureter (saluran ginjal menuju kendung kemih), batu menyebabkan infeksi",gejala muncul ukur batu batu tahan ginjal batu ureter salur ginjal tuju kendung kemih batu infeksi,F3,1,1
308,6,Paling sering yang dirasakan yaitu nyeri di daerah pinggang,nyeri daerah pinggang,F3,1,1
308,7,Hal dirasakan karena batu mengalami gesekan dengan lapisan dinding saluran kemih,batu alam gesek lapis dinding salur kemih,F3,1,1
308,8,"Batu yang berukuran kecil dari ginjal akan berpindah sesuai gravitasi melewati ureter, kandung kemih dan uretra hingga keluar dari tubuh",batu ukur ginjal pindah sesuai gravitasi ureter kandung kemih uretra tubuh,F3,1,2
308,9,"Namun proses ini menyebabkan iritasi dapat melukai saluran kemih dan bisa menginfeksi saluran kemih sehingga muncul gejala seperti nyeri pinggang, nyeri saat buang air kecil, warna urin menjadi keruh kemerahan, demam dan lain - lain",proses iritasi luka salur kemih infeksi salur kemih muncul gejala nyeri pinggang nyeri buang air warna urin keruh merah demam,F3,2,2
308,10,Penanganan secara alami biasanya bila ukuran batu masih relatif kecil akan disarankan untuk minum air putih yang banyak agar batu dapat terdorong ke luar tubuh,tangan alami ukur batu relatif saran minum air putih batu dorong tubuh,F3,2,2
308,11,Terapi obat - obatan seperti anti nyeri diberikan hanya untuk meredakan sakit tapi tidak mengatasi batu ginjal / saluran kemih,terapi obat obat anti nyeri reda sakit batu ginjal salur kemih,F3,2,2
308,12,"Tatalaksana seperti operasi, Extracorporeal shock wave lithotripsy (menggunakan gelombang kejut) dan lain - lain diindikasikan bergantung ukuran batu dan hasil pemeriksaan oleh dokter",tatalaksana operasi extracorporeal shock wave lithotripsy gelombang kejut indikasi gantung ukur batu hasil periksa dokter,F3,2,2
308,13,"Saran sering kontrol ke dokter, konsultasikan mengenai penyakit dan rencana tindakan / terapi yang akan dilakukan",saran kontrol dokter konsultasi kena sakit rencana tindak terapi laku,F5,3,3
308,14,"Semoga bermanfaat, terima kasih",moga manfaat terima kasih,F1,3,3
308,15,dr Deni,dr den,F1,3,3
309,0,Hai Intan,hai intan,F1,0,0
309,1,Keluhan yang Anda alami kemungkinan disebabkan oleh infeksi saluran kemih / ISK,keluh alami infeksi salur kemih isk,F4,1,1
309,2,"Pada kondisi ini terjadi peradangan pada saluran kencing akibat infeksi bakteri, sehingga dapat menimbulkan berbagai gejala berikut ini: sakit saat buang air kecil",kondisi radang salur kencing akibat infeksi bakteri timbul gejala sakit buang air,F3,1,1
309,3,sering buang air kecil,buang air,F3,1,1
309,4,buang air kecil sedikit – sedikit / tidak tuntas (anyang - anyangan),buang air tuntas anyang anyang,F3,1,1
309,5,"warna Urin keruh, kadang dapat bercampur darah",warna urin keruh kadang campur darah,F3,1,1
309,6,Urin berbau menyengat dan sebagainya,urin bau sengat,F3,1,1
309,7,Penanganan pada ISK meliputi pemberian obat analgetik untuk meredakan nyeri yang timbul serta obat antibiotik yang diresepkan oleh dokter untuk mengatasi infeksi yang terjadi,tangan isk liput obat analgetik reda nyeri timbul obat antibiotik resep dokter infeksi,F3,2,2
309,8,Namun demikian keluhan yang serupa dapat pula diakibatkan oleh berbagai kondisi medis yang lain seperti: Infeksi ginjal,keluh rupa akibat kondisi medis infeksi ginjal,F3,2,2
309,9,Batu ginjal,batu ginjal,F3,2,2
309,10,Radang kandung kemih,radang kandung kemih,F3,2,2
309,11,Penyakit menular seksual / PMS dan sebagainya,sakit tular seksual pms,F3,2,2
309,12,Untuk memastikan penyebab keluhan yang dialami sebaiknya Anda berkonsultasi dengan dokter agar dapat dilakukan pemeriksaan lebih lanjut,keluh alami konsultasi dokter laku periksa,F5,3,3
309,13,"Dokter akan melakukan pemeriksaan fisik dan tes penunjang apabila diperlukan (tes urine, USG, X - Ray dan sebagainya) sehingga penanganan yang tepat dapat diberikan bagi Anda sesuai dengan kondisi yang mendasarinya",dokter laku periksa fisik tes tunjang tes urine usg x ray tangan sesuai kondisi dasar,F5,3,3
309,14,Untuk mengurangi timbulnya keluhan berikut ini anjuran yang dapat Anda lakukan di rumah: Perbanyak konsumsi air putih 10 - 12 gelas sehari agar saluran kemih terbilas secara teratur sehingga bakteri tidak dapat berkembang biak,timbul keluh anjur laku rumah konsumsi air putih gelas salur kemih bilas atur bakteri kembang biak,F5,4,4
309,15,Hindari kebiasaan menahan keinginan untuk berkemih,hindar tahan kemih,F5,4,4
309,16,Buang air kecil secara teratur,buang air atur,F5,4,4
309,17,Membasuh organ intim dengan arah yang benar (yaitu dari depan ke belakang) untuk mencegah kontaminasi bakteri dari anus ke saluran kemih,basuh organ intim arah cegah kontaminasi bakteri anus salur kemih,F5,5,5
309,18,Bila Anda sudah menikah biasakan untuk berkemih sebelum dan sesudah berhubungan intim,nikah kemih hubung intim,F5,5,5
309,19,Informasi berikut ini dapat berguna bagi Anda: Infeksi saluran kemih / ISK Penyebab anyang – anyangan,informasi infeksi salur kemih isk anyang anyang,F5,5,5
309,20,Demikian semoga bermanfaat,moga manfaat,F1,5,5
309,21,dr Muliani Sukiman,dr muliani sukiman,F1,6,6
310,0,Halo saudari Ira Kartika,halo saudari ira kartika,F1,0,0
310,1,"Batu ginjal atau nefrolitiasis adalah kondisi penyumbatan saluran ginjal akibat mineralisasi dan kristalisasi bahan tertentu, bila batu ini bergerak turun menuju kandung kemih dapat mengakibatkan nyeri dan iritasi dinding saluran kemih sehingga berpotensi mengakibatkan infeksi bahkan dapat berakibat kegagalan ginjal",batu ginjal nefrolitiasis kondisi sumbat salur ginjal akibat mineralisasi kristalisasi bahan batu gerak turun tuju kandung kemih akibat nyeri iritasi dinding salur kemih potensi akibat infeksi akibat gagal ginjal,F3,1,1
310,2,"Pengobatannya tergantung besar batu dan komplikasi yang terjadi : dapat dengan obat minum bila masih tahap awal, bila ukuran batu besar maka dilakukan terapi getaran ultrasound atau operasi",obat gantung batu komplikasi obat minum tahap ukur batu laku terapi getar ultrasound operasi,F3,1,1
310,3,"Keluhan susah BAB dapat disebabkan berbagai hal seperti gerak dan konsumsi serat yang kurang, peristaltik (gerak usus kurang) akibat gangguan elektrolit (hipokalemi) atau sumbatan pada usus",keluh susah bab gerak konsumsi serat peristaltik gerak usus akibat ganggu elektrolit hipokalemi sumbat usus,F3,1,1
310,4,Cuci darah dapat dilakukan dengan dua cara yakni dialisis Paritoneal (melalui dinding perut) dan Hemodialisa (melalui pembuluh darah tangan),cuci darah laku dialisis paritoneal dinding perut hemodialisa buluh darah tangan,F3,1,1
310,5,"Efek sampingnya dapat berupa : mual, muntah, sesak, tensi naik, anemia, kulit gatal, kering, nyeri otot, berat badan naik, atau infeksi daerah penyuntikan",efek samping rupa mual muntah sesak tensi anemia kulit gatal kering nyeri otot berat badan infeksi daerah suntik,F6,1,1
310,6,Keadaan yang ibu saudari alami saat ini seperti BAB hitam memerlukan pemeriksaan seperti konsistensinya cair dan lengket atau tidak,saudari alami bab hitam periksa konsistensi cair lengket,F4,1,1
310,7,"Bila BAB hitam, cair, lengket, dan berbau amis dapat disebabkan BAB mengandung darah, yang dapat terjadi pada kondisi Gastropati NSAID (luka pada lambung akibat konsumsi obat antinyei berlebihan), kondisi Keganasan",bab hitam cair lengket bau amis bab kandung darah kondisi gastropati nsaid luka lambung akibat konsumsi obat antinyei kondisi ganas,F4,1,1
310,8,Bila BAB hitam keras dapat diakibatkan feses yang lama dan menumpuk,bab hitam keras akibat feses tumpuk,F4,1,1
310,9,"BAK keruh adalah tanda infeksi saluran kemih, dan gangguan ginjal",bak keruh tanda infeksi salur kemih ganggu ginjal,F4,1,1
310,10,"Untuk kondisi yang dialami ibunda saudari, disarankan untuk melakukan konsultasi ke dokter spesialis urologi atau dokter spesialis penyakit dalam sehingga dapat diperiksa langsung serta diarahkan untuk pemeriksaan lanjutan sesuai indikasi seperti pemeriksaan urin, pemeriksaan USG abdomen, CT - scan atau MRI bila perlu, temuan ini akan mengarahkan pengobatan yang tepat",kondisi alami ibunda saudari saran laku konsultasi dokter spesialis urologi dokter spesialis sakit periksa langsung arah periksa sesuai indikasi periksa urin periksa usg abdomen ct scan mri temu arah obat,F5,2,2
310,11,"Infeksi saluran kemih membutuhkan terapi antibiotik, minum yang banyak, tidak menahan kencing dan keluarkan batu saat kondisi stabil",infeksi salur kemih butuh terapi antibiotik minum tahan kencing batu kondisi stabil,F5,3,3
310,12,Semoga bermanfaat :),moga manfaat,F1,3,3
310,13,"Klik artikel informatif : Gejala batu ginjal pada wanita dan penyebabnya, Efek samping cuci darah",klik artikel informatif gejala batu ginjal wanita efek samping cuci darah,F5,3,3
311,0,Halo Adhios,halo adhios,F1,0,0
311,1,Radang ginjal atau pyelonefritis merupakan bagian dari infeksi saluran kemih yang biasanya bermula dari uretra atau kandung kemih dan menyebar hingga mencapai ginjal,radang ginjal pyelonefritis rupa infeksi salur kemih uretra kandung kemih sebar capai ginjal,F3,0,0
311,2,"Kondisi ini harus diperiksakan secara seksama dan teliti, serta memerlukan kedisiplinan dalam pengobatan, jadi sebenarnya setelah pemberian obat ini, sebenarnya Anda harus memeriksakannya kembali kepada dokter tersebut agar dilakukan pemeriksaan lanjutan serta pengobatan lanjutan, seperti rujukan kepada dokter spesialis Penyakit dalam, dan lain - lain",kondisi periksa seksama teliti disiplin obat obat periksa dokter laku periksa obat rujuk dokter spesialis sakit,F5,0,1
311,3,"pemeriksaan penunjang yang biasanya dilakukan antara lain: Pemeriksaan darah lengkap, darah rutin, ureum dan kreatinin ulangan",periksa tunjang laku periksa darah lengkap darah rutin ureum kreatinin ulang,F5,0,1
311,4,"USG pada daerah Perut, khususnya pada ginjal, untuk melihat adakah batu atau gangguan lainnya pada saluran kemih dan kandung kemih",usg daerah perut khusus ginjal lihat batu ganggu salur kemih kandung kemih,F5,1,2
311,5,"Pemeriksaan BNO - IVP, yang dilakukan untuk melihat saluran kemih apakah terdapat sumbatan atau tidak, biasanya jika dengan USG tidak terlihat adanya kelainan apapun",periksa bno ivp laku lihat salur kemih sumbat usg lihat,F5,1,2
311,6,"CT Scan jika diperlukan, untuk melihat adakah kelainan lainnya pada tubuh Anda",ct scan lihat tubuh,F5,1,2
311,7,"Sebaiknya jaga pola minum Anda, perbanyak konsumsi air putih dan jangan menahan",jaga pola minum konsumsi air putih tahan,F5,2,3
311,8,Buang Air kecil dalam waktu yang lama ya,buang air ya,F5,2,3
311,9,Artikel terkait: Penyakit Ginjal Gejala Awal Penyakit ginjal ini perlu Anda kenali,artikel kait sakit ginjal gejala sakit ginjal kenal,F5,3,4
311,10,Semoga membantu ya,moga bantu ya,F1,4,4
311,11,"Salam, dr Otniel Budi Krisetya",salam dr otniel budi krisetya,F1,4,4
312,0,Dear Nirvana,dear nirvana,F1,0,0
312,1,"Sering buang air kecil dapat disebabkan oleh: terlalu banyak minum, infeksi saluran kemih, kandung kemih terlalu aktif, infeksi ginjal, batu ginjal, diabetes, konsumsi obat diuretik, gangguan prostat kecemasan, dan lain sebagainya",buang air minum infeksi salur kemih kandung kemih aktif infeksi ginjal batu ginjal diabetes konsumsi obat diuretik ganggu prostat cemas,F3,0,0
312,2,"Beberapa antibiotik dapat menimbulkan efek samping berupa sering buang air kecil, namun hal ini jarang terjadi",antibiotik timbul efek samping rupa buang air jarang,F6,0,0
312,3,Sifilis jarang menimbulkan keluhan sering buang air kecil,sifilis jarang timbul keluh buang air,F4,0,0
312,4,Gejala awal sifilis berupa luka pada penis yang tidak terasa sakit,gejala sifilis rupa luka penis sakit,F3,0,0
312,5,"Penyakit menular seksual lain seperti gonore, klamidia, trikomoniasis bisa menyebabkan sering buang air kecil sebagai komplikasi berupa urethritis (bagian dari infeksi saluran kemih)",sakit tular seksual gonore klamidia trikomoniasis buang air komplikasi rupa urethritis infeksi salur kemih,F3,0,0
312,6,Sebaiknya konsultasikan dengan dokter di mana dokter akan menganalisis gejala dan melakukan pemeriksaan fisik yang diperlukan,konsultasi dokter dokter analisis gejala laku periksa fisik,F5,1,1
312,7,Pemeriksaan penunjang seperti tes darah dan USG mungkin akan dokter anjurkan untuk membantu menegakkan diagnosis,periksa tunjang tes darah usg dokter anjur bantu tegak diagnosis,F5,1,1
312,8,Diagnosis dan terapi yang sesuai akan dokter berikan,diagnosis terapi sesuai dokter ikan,F5,1,1
312,9,"Berikut anjuran yang dapat Anda lakukan: hindari kebiasaan menahan buang air, kecil minum air putih dalam jumlah cukup, konsumsi makanan bergizi agar daya tahan tubuh terhadap infeksi menjadi baik, kelola stres dengan baik, istirahat dan tidur berkualitas, hindari berganti - ganti pasangan seksual",anjur laku hindar tahan buang air minum air putih konsumsi makan gizi daya tahan tubuh hadap infeksi kelola stres istirahat tidur kualitas hindar ganti ganti pasang seksual,F5,2,2
312,10,Berikut artikel yang dapat Anda baca: Penyebab sering buang air kecil,artikel baca buang air,F5,2,2
312,11,"Semoga bermanfaat dan salam, dr Rony Wijaya",moga manfaat salam dr rony wijaya,F1,2,2
313,0,Hai,hai,F1,0,0
313,1,"Frekuensi buang air kecil normalnya adalah 4 - 8 kali atau sebanyak 1 - 1,8 liter dalam sehari",frekuensi buang air normal kali liter,F3,0,0
313,2,Sering buang air kecil tidak selalu disebabkan oleh adanya kelainan dalam tubuh,buang air tubuh,F3,0,0
313,3,"Pada kondisi tertentu seperti lingkungan dengan suhu / cuaca yang dingin atau faktor psikologis (cemas, stres psikis, ketegangan) secara normal dapat menyebabkan seseorang buang air kecil lebih sering",kondisi lingkung suhu cuaca dingin faktor psikologis cemas stres psikis tegang normal orang buang air,F3,0,0
313,4,Namun demikian buang air kecil yang melebihi frekuensi normal dapat pula disebabkan oleh adanya kelainan tertentu seperti: Overactive bladder (kandung kemih yang terlalu aktif),buang air frekuensi normal overactive bladder kandung kemih aktif,F3,0,0
313,5,Infeksi saluran kemih / ISK Infeksi ginjal,infeksi salur kemih isk infeksi ginjal,F3,1,1
313,6,Batu ginjal,batu ginjal,F3,1,1
313,7,Gangguan prostat,ganggu prostat,F3,1,1
313,8,Diabetes,diabetes,F3,1,1
313,9,Peradangan usus besar dan sebagainya,radang usus,F3,1,1
313,10,Mengingat keluhan sudah berlangsung lama sebaiknya Anda berkonsultasi dengan dokter agar penyebabnya dapat ditelusuri,keluh langsung konsultasi dokter telusur,F5,2,2
313,11,"Melalui pemeriksaan fisik dan jika diperlukan tes penunjang (tes urine, tes darah, USG, X - Ray, tes urodinamik) dokter akan menganalisis penyebabnya dan memberikan penanganan yang tepat",periksa fisik tes tunjang tes urine tes darah usg x ray tes urodinamik dokter analisis tangan,F5,2,2
313,12,Berikut ini anjuran yang dapat Anda lakukan: Beristirahat cukup dan tidur yang cukup,anjur laku istirahat tidur,F5,3,3
313,13,Mengonsumsi makanan bergizi seimbang agar daya tahan tubuh terjaga,konsumsi makan gizi imbang daya tahan tubuh jaga,F5,3,3
313,14,Minum cukup air putih 2 - 3 liter sehari,minum air putih liter,F5,3,3
313,15,Jangan menahan keinginan untuk berkemih,tahan kemih,F5,3,3
313,16,Hindari minum terlalu banyak menjelang waktu tidur malam,hindar minum jelang tidur malam,F5,3,3
313,17,Baca laman artikel berikut ini: Penyebab sering buang air kecil,baca laman artikel buang air,F5,4,4
313,18,Demikian semoga bermanfaat,moga manfaat,F1,4,4
313,19,dr Muliani Sukiman,dr muliani sukiman,F1,5,5
314,0,Hai,hai,F1,0,0
314,1,"Sakit pinggang sebelah kiri dapat saja disebabkan oleh gangguan ginjal, seperti infeksi ginjal, infeksi saluran kemih / ISK, batu ginjal, dan sebagainya",sakit pinggang belah kiri ganggu ginjal infeksi ginjal infeksi salur kemih isk batu ginjal,F4,0,0
314,2,"Umumnya disertai dengan gejala lainnya seperti nyeri saat buang air kecil, sering buang air kecil, Urin berwarna keruh dan berbau menyengat, dan sebagainya",gejala nyeri buang air buang air urin warna keruh bau sengat,F3,0,0
314,3,Selain itu sakit pinggang sebelah kiri dapat pula diakibatkan oleh beberapa penyebab lainnya seperti: Cedera otot / tulang Siatika (iritasi dan penekanan saraf siatik),sakit pinggang belah kiri akibat cedera otot tulang siatika iritasi tekan saraf siatik,F3,0,0
314,4,Jepitan saraf akibat penyempitan tulang belakang,jepit saraf akibat sempit tulang,F3,0,0
314,5,Sindrom iritasi usus,sindrom iritasi usus,F3,0,0
314,6,Gangguan usus besar dan sebagainya,ganggu usus,F3,0,0
314,7,Untuk memastikan penyebabnya sebaiknya Anda berkonsultasi dengan dokter agar dapat dilakukan pemeriksaan lebih lanjut,konsultasi dokter laku periksa,F5,1,1
314,8,"Dokter akan melakukan pemeriksaan fisik dan tes penunjang yang diperlukan seperti tes urine, USG, X - Ray dan lain - lain",dokter laku periksa fisik tes tunjang tes urine usg x ray,F5,1,1
314,9,Dengan demikian penyebabnya dapat diidentifikasi dan ditangani secara tepat,identifikasi tangan,F5,2,2
314,10,Berikut anjuran bagi Anda: Tidur cukup dan istirahat yang cukup,anjur tidur istirahat,F5,2,2
314,11,"Batasi aktivitas fisik yang terlalu berat atau membebani pinggang (membungkuk, mengangkat beban berat dan sebagainya)",batas aktivitas fisik berat beban pinggang bungkuk angkat beban berat,F5,2,2
314,12,Banyak minum air putih 10 - 12 gelas sehari agar saluran kemih terbilas secara teratur,minum air putih gelas salur kemih bilas atur,F5,3,3
314,13,Jangan menahan keinginan berkemih,tahan kemih,F5,3,3
314,14,Buang air kecil secara teratur,buang air atur,F5,3,3
314,15,Hindari memijat / mengurut bagian pinggang yang sakit,hindar pijat urut pinggang sakit,F5,4,4
314,16,"Baca laman artikel berikut ini: Sakit pinggang, Penyebab sakit pinggang sebelah kiri",baca laman artikel sakit pinggang sakit pinggang belah kiri,F5,4,4
314,17,Demikian semoga bermanfaat,moga manfaat,F1,4,4
314,18,"Salam, dr Muliani Sukiman",salam dr muliani sukiman,F1,4,4
315,0,Hai,hai,F1,0,0
315,1,"Keluhan yang Anda alami kemungkinan disebabkan oleh infeksi saluran kemih / ISK, yaitu peradangan pada saluran kemih akibat infeksi bakteri",keluh alami infeksi salur kemih isk radang salur kemih akibat infeksi bakteri,F4,0,0
315,2,"Gejala yang dapat muncul adalah: nyeri perut bagian bawah atau pinggang, sakit saat buang air kecil, sering buang air kecil, buang air kecil sedikit – sedikit, warna Urin berubah menjadi keruh, kadang dapat bercampur dengan darah, Urin berbau menyengat dan sebagainya",gejala muncul nyeri perut pinggang sakit buang air buang air buang air warna urin ubah keruh kadang campur darah urin bau sengat,F3,0,0
315,3,Penanganan ISK adalah dengan pemberian obat analgetik untuk meredakan nyeri dan terapi dengan antibiotik yang diresepkan oleh dokter,tangan isk obat analgetik reda nyeri terapi antibiotik resep dokter,F3,1,1
315,4,Namun demikian keluhan yang serupa dapat pula diakibatkan oleh beberapa kemungkinan penyebab lainnya seperti: Infeksi ginjal,keluh rupa akibat infeksi ginjal,F3,1,2
315,5,Batu ginjal,batu ginjal,F3,2,2
315,6,Radang kandung kemih,radang kandung kemih,F3,2,2
315,7,Batu kandung kemih dan sebagainya,batu kandung kemih,F3,2,2
315,8,Untuk memastikan penyebabnya sebaiknya Anda berkonsultasi dengan dokter agar dapat dilakukan pemeriksaan lebih lanjut,konsultasi dokter laku periksa,F5,3,3
315,9,"Melalui pemeriksaan fisik dan tes penunjang (tes urine, USG, X - Ray) dokter akan menganalisis penyebabnya dan memberikan penanganan yang tepat sesuai dengan kondisi yang mendasarinya",periksa fisik tes tunjang tes urine usg x ray dokter analisis tangan sesuai kondisi dasar,F5,3,3
315,10,Berikut ini anjuran bagi Anda: Beristirahat yang cukup dan mengonsumsi makanan bergizi agar daya tahan tubuh terjaga,anjur istirahat konsumsi makan gizi daya tahan tubuh jaga,F5,4,4
315,11,Minum banyak air putih 10 - 12 gelas sehari agar saluran kemih terbilas secara teratur sehingga bakteri tidak dapat berkembang biak,minum air putih gelas salur kemih bilas atur bakteri kembang biak,F5,4,4
315,12,Jangan menahan keinginan untuk berkemih,tahan kemih,F5,4,4
315,13,Buang air kecil secara teratur,buang air atur,F5,4,4
315,14,Membasuh organ intim dengan arah yang benar (yaitu dari depan ke belakang) untuk mencegah kontaminasi bakteri dari anus ke saluran kemih,basuh organ intim arah cegah kontaminasi bakteri anus salur kemih,F5,5,5
315,15,Biasakan berkemih sebelum dan sesudah berhubungan intim,kemih hubung intim,F5,5,5
315,16,"Baca laman artikel berikut ini: Infeksi saluran kemih, Penyebab sakit perut bagian bawah",baca laman artikel infeksi salur kemih sakit perut,F5,5,5
315,17,Demikian semoga bermanfaat,moga manfaat,F1,5,5
315,18,dr Muliani Sukiman,dr muliani sukiman,F1,6,6
316,0,Hai,hai,F1,0,0
316,1,Sakit pinggang dapat disebabkan oleh berbagai kemungkinan penyebab berikut ini: Infeksi saluran kemih / ISK,sakit pinggang infeksi salur kemih isk,F4,1,1
316,2,Infeksi ginjal,infeksi ginjal,F4,1,1
316,3,Batu ginjal,batu ginjal,F4,1,1
316,4,Radang usus buntu,radang usus buntu,F4,1,1
316,5,Sindrom iritasi usus,sindrom iritasi usus,F4,1,1
316,6,Gangguan usus besar,ganggu usus,F4,1,1
316,7,Penyakit radang panggul,sakit radang panggul,F4,1,1
316,8,Kista ovarium Endometriosis dan sebagainya,kista ovarium endometriosis,F4,1,1
316,9,Mengingat keluhan sudah berlangsung lama sebaiknya kamu bersama orang tua berkonsultasi dengan dokter agar dapat ditelusuri penyebabnya,keluh langsung orang tua konsultasi dokter telusur,F5,2,2
316,10,"Selain pemeriksaan fisik jika diperlukan dokter akan menganjurkan tes penunjang seperti USG, X - Ray, tes Urin dan sebagainya",periksa fisik dokter anjur tes tunjang usg x ray tes urin,F5,2,2
316,11,Dengan demikian penyebabnya dapat diidentifikasi dan ditangani secara tepat,identifikasi tangan,F5,2,2
316,12,Berikut anjuran yang dapat dilakukan: Beristirahat cukup dan konsumsi makanan yang bergizi agar daya tahan tubuh terjaga,anjur laku istirahat konsumsi makan gizi daya tahan tubuh jaga,F5,3,3
316,13,Batasi aktivitas fisik yang terlalu berat,batas aktivitas fisik berat,F5,3,3
316,14,"Hindari konsumsi makanan yang terlalu pedas, asam atau berlemak",hindar konsumsi makan pedas asam lemak,F5,3,3
316,15,Minum cukup air putih 2 - 3 liter sehari,minum air putih liter,F5,4,4
316,16,Jangan menahan keinginan untuk berkemih,tahan kemih,F5,4,4
316,17,Buang air kecil secara teratur,buang air atur,F5,4,4
316,18,Hindari mengurut / memijat bagian pinggang yang sakit,hindar urut pijat pinggang sakit,F5,5,5
316,19,Baca laman artikel berikut ini: Sakit pinggang,baca laman artikel sakit pinggang,F5,5,5
316,20,Demikian semoga bermanfaat,moga manfaat,F1,5,5
316,21,"Salam, dr Muliani Sukiman",salam dr muliani sukiman,F1,5,5
317,0,Halo Mrdwann,halo mrdwann,F1,0,0
317,1,Terima Kasih sudah bertanya ke alodokter,terima kasih alodokter,F1,0,0
317,2,Keluhan sakit pinggang adalah sakit yang dirasakan di daerah panggul serta perut,keluh sakit pinggang sakit daerah panggul perut,F3,1,1
317,3,Penyebab terjadinya sakit pinggang antara lain : Trauma pada cakram tulang belakang,sakit pinggang trauma cakram tulang,F3,1,1
317,4,Keseleo pada otot atau tendon,keseleo otot tendon,F3,2,2
317,5,Infeksi saluran kemih / infeksi ginjal,infeksi salur kemih infeksi ginjal,F3,2,2
317,6,Batu saluran kemih,batu salur kemih,F3,2,2
317,7,Kista,kista,F3,2,2
317,8,Ginjal,ginjal,F3,2,2
317,9,Radang usus,radang usus,F3,2,2
317,10,Aktivitas berat seperti sering mengangkat beban berat,aktivitas berat angkat beban berat,F3,3,3
317,11,"Adapun gejala lainnya yang mungkin akan muncul yaitu seringnya ingin buang air kecil, BAK bercampur darah, gangguan BAB dan lainnya",gejala muncul buang air bak campur darah ganggu bab,F3,3,3
317,12,"Sebaiknya Anda konsultasi kembali ke dokter Anda sebelumnya atau ke dokter lain untuk diperiksa, Anda beritahu obat yang sudah diberikan serta hasil laboratorium jika sebelumnya sudah diperika",konsultasi dokter dokter periksa beritahu obat hasil laboratorium pika,F5,4,4
317,13,"Jika belum diperiksa, maka dokter akan melakukan pemeriksaan fisik serta pemeriksaan penunjang seperti test Urin, test darah, dan USG jika diperlukan untuk menegakan diagnosis",periksa dokter laku periksa fisik periksa tunjang test urin test darah usg tega diagnosis,F5,4,4
317,14,Setelah itu Anda akan mengetahui penyebabnya serta diberikan terapi yang tepat,terapi,F5,4,4
317,15,Jika Anda ingin melakukan pijat dengan cara tradisional atau apapun sebaiknya konsultasi terlebih dahulu kepada dokter,laku pijat tradisional konsultasi dokter,F5,4,4
317,16,Agar dokter bisa memeriksa dan menentukan terapi yang tepat,dokter periksa terapi,F5,4,4
317,17,Beberapa tips yang dapat Anda lakukan yaitu : Kompres bagian yang sakit dengan air hangat serta dingin secara gantian,tips laku kompres sakit air hangat dingin ganti,F5,5,5
317,18,"Jika sangat nyeri, lanjutkan konsumsi obat spasminal yang diberikan dokter sebelumnya",nyeri konsumsi obat spasminal dokter,F5,5,5
317,19,Perbanyak istirahat Minum air putih sebanyak - banyaknya minimal 8 gelas / hari,istirahat minum air putih minimal gelas,F5,5,5
317,20,Hindari merokok dan minum minuman alkohol Anda,hindar rokok minum minum alkohol,F5,5,5
317,21,dapat membaca artikel yang sesuai : Sakit pinggang,baca artikel sesuai sakit pinggang,F5,5,5
317,22,"Sekian info dari saya, semoga bermanfaat",sekian info moga manfaat,F1,6,6
317,23,"Salam, dr Geraldine Kenya Estuworo",salam dr geraldine kenya estuworo,F1,6,6
318,0,Terima kasih telah bertanya di Alodokter,terima kasih alodokter,F1,0,0
318,1,"Batu ginjal merupakan batu yang terbentuk di ginjal yang seringkali disebabkan penumpukan kalsium, dan material sisa metabolisme yang tidak dapat dikeluarkan oleh ginjal",batu ginjal rupa batu bentuk ginjal seringkali tumpuk kalsium material sisa metabolisme ginjal,F3,1,1
318,2,Gejala penderita batu ginjal : - nyeri pinggang,gejala derita batu ginjal nyeri pinggang,F3,1,1
318,3,- nyeri saat berkemih,nyeri kemih,F3,1,1
318,4,- urin berdarah,urin darah,F3,1,1
318,5,- produksi urin berkurang,produksi urin,F3,1,1
318,6,- saat berkemih sering terputus - putus,kemih putus putus,F3,1,1
318,7,Faktor penyebab terbentuknya batu ginjal : - Jarang minum air putih,faktor bentuk batu ginjal jarang minum air putih,F3,1,1
318,8,- Kebiasaan menahan buang air kecil,tahan buang air,F3,1,1
318,9,"- Terlalu banyak konsumsi kalsium dan makanan yang dapat meningkatkan asam urat (jeroan, kangkung, bayam, dan lain - lain)",konsumsi kalsium makan tingkat asam urat jeroan kangkung bayam,F3,1,1
318,10,- Penderita asam urat,derita asam urat,F3,1,1
318,11,Saya sarankan anda untuk berkonsultasi dengan dokter spesialis urologi (spesialis ginjal dan saluran kemih) agar mendapat penanganan yang tepat,saran konsultasi dokter spesialis urologi spesialis ginjal salur kemih tangan,F5,2,2
318,12,"Untuk mengetahui adanya batu ginjal biasanya dokter akan melakukan pemeriksaan urin, foto rontgen dan USG pada saluran kemih",batu ginjal dokter laku periksa urin foto rontgen usg salur kemih,F5,2,2
318,13,"Kemungkinan penanganan berupa pemberian obat - obatan (apabila batu jumlahnya sedikit dan berukuran kecil), menggunakan alat ESWL (gelombang kejut) untuk memecahkan batu, maupun pembedahan ginjal terbuka",tangan rupa obat obat batu ukur alat eswl gelombang kejut pecah batu bedah ginjal buka,F5,3,3
318,14,"Setelah penanganan dan batu ginjal sudah hilang, penyakit ini masih dapat kambuh kembali apabila pasien tidak merubah gaya hidupnya",tangan batu ginjal hilang sakit kambuh pasien rubah gaya hidup,F5,3,3
318,15,Berikut artikel terkait BATU GINJAL,artikel kait batu ginjal,F5,3,3
318,16,"Semoga bermanfaat Salam, dr Natalia",moga manfaat salam dr natalia,F1,4,4
319,0,Hai,hai,F1,0,0
319,1,"Menurut hasil penelitian, batu ginjal atau saluran kemih yang berukuran sangat kecil atau kurang dari 0,7 cm lah yang dapat keluar dari saluran kemih melalui buang air kecil, pada ukuran lebih dari 1 cm, kemungkinan besar tidak dapat keluar dengan sendirinya atau terjadi penyumbatan karena tersangkut",hasil teliti batu ginjal salur kemih ukur cm salur kemih buang air ukur cm sumbat sangkut,F3,0,0
319,2,Pengobatan yang mungkin dapat membantu mengeluarkan batu ginjal adalah dengan obat yang dapat melebarkan saluran kemih namun ini mungkin hanya bermanfaat pada batu yang berukuran sangat kecil seperti yang telah dijelaskan diatas,obat bantu batu ginjal obat lebar salur kemih manfaat batu ukur,F3,0,0
319,3,Batu saluran kemih yang tidak dilakukan penanganan maka dapat menimbulkan gejala nyeri saat buang air kecil akibat iritasi saluran kemih atau sumbatan dan juga berisiko terjadinya infeksi saluran kemih,batu salur kemih laku tangan timbul gejala nyeri buang air akibat iritasi salur kemih sumbat risiko infeksi salur kemih,F3,0,0
319,4,Bila memang dianjurkan untuk dilakukan penghancuran batu dengan laser atau gelombang energi (ESWL / extracorporeal shock wave lithotripsy),anjur laku hancur batu laser gelombang energi eswl extracorporeal shock wave lithotripsy,F3,1,1
319,5,Anda dapat menggunakan asuransi umum seperti BPJS sehingga meringankan biaya prosedur tersebut,asuransi bpjs ringan biaya prosedur,F4,2,2
319,6,"Diskusi dan informasi terkait dapat diikuti pada topik berikut ini: Bagaimana pengobatan batu ginjal?, Pengobatan batu ginjal",diskusi informasi kait topik obat batu ginjal obat batu ginjal,F5,2,2
319,7,Semoga membantu ya,moga bantu ya,F1,3,3
319,8,Terima kasih,terima kasih,F1,3,3
319,9,dr Yan william,dr yan william,F1,3,3
320,0,Halo,halo,F1,0,0
320,1,Terima kasih atas pertanyaanya ke Alodokter com,terima kasih pertanyaanya alodokter com,F1,0,0
320,2,Penyebab sakit pinggang yang disertai demam tersebut ada beberapa,sakit pinggang demam,F4,1,1
320,3,Penyakit yang paling memugnkinkan adalah infeksi ginjal,sakit memugnkinkan infeksi ginjal,F4,1,1
320,4,Infeksi ginjal ini disebabkan oleh masuknya bakteri ke daerah ginjal,infeksi ginjal masuk bakteri daerah ginjal,F3,1,1
320,5,"Selain infeksi ginjal, penyakit batu ginjal juga dapat memiliki gejala yang serupa",infeksi ginjal sakit batu ginjal milik gejala rupa,F3,1,1
320,6,"Biasanya, pada batu ginjal selain nyeri pinggang dan demam, terdapat darah pada BAK",batu ginjal nyeri pinggang demam darah bak,F3,1,1
320,7,"Oleh karena ada beberapa penyebab dari gejala - gejala yang Anda alami, ada baiknya Anda segera ke dokter",gejala gejala alami dokter,F5,1,1
320,8,"Dokter akan melakukan pemeriksaan kencing, USG dan pemeriksaan rontgent untuk melihat apa ada batu di saluran kencing Anda",dokter laku periksa kencing usg periksa rontgent lihat batu salur kencing,F5,1,1
320,9,"Apabila penyebabnya adalah infeksi ginjal, dokter akan memberikan antibiotik untuk menyembuhkannya",infeksi ginjal dokter antibiotik sembuh,F5,1,1
320,10,"Apabila penyebabnya adalah batu ginjal, pengobatan dapat dilakukan tanpa operasi atau dengan operasi",batu ginjal obat laku operasi operasi,F5,1,1
320,11,Keputusan ini berdasarkan besarnya batu ginjal yang ditemukan,putus dasar batu ginjal temu,F5,1,1
320,12,"Berikut ini ada beberapa tips yang dapat dijalankan sebelum ke dokter:1) meningkatkan jumlah air minum yang dikonsumsi sehari, paling tidak 8 gelas",tips jalan dokter tingkat air minum konsumsi gelas,F5,2,2
320,13,"2) meskipun tidak nafsu makan, usahakan agar makan untuk mendapatkan cukup energi",nafsu makan usaha makan energi,F5,2,2
320,14,3) perhatikan kencing dan pastikan tidak ada darah pada BAK,perhati kencing darah bak,F5,2,2
320,15,4) segera ke dokter untuk mendapatkan bantuan,dokter bantu,F5,3,3
320,16,"Semoga membantu ya, dr Aldo",moga bantu ya dr aldo,F1,3,3
321,0,"Halo Wilson, Terima kasih atas pertanyaannya",halo wilson terima kasih,F1,0,0
321,1,Apakah Anda mengetahui diagnosis dokter?,diagnosis dokter,F2,0,0
321,2,Apakah Anda sudah menjalani pemeriksaan penunjang lebih lanjut ketika memeriksakan diri ke dokter?,jalan periksa tunjang periksa dokter,F2,0,0
321,3,"Keluhan yang Anda sampaikan mungkin disebabkan oleh: infeksi ginjal, batu ginjal",keluh infeksi ginjal batu ginjal,F4,1,1
321,4,Batu ginjal umumnya menyebabkan rasa sakit jika batu melewati ureter (saluran yang menghubungkan ginjal dengan kandung kemih) karena ureter akan berkontraksi berusaha mengeluarkan batu dari saluran tersebut,batu ginjal sakit batu ureter salur hubung ginjal kandung kemih ureter kontraksi usaha batu salur,F3,1,1
321,5,"Sakit akan dirasakan dari pinggang belakang ke arah perut depan, selangkangan, dan kaki",sakit pinggang arah perut selangkang kaki,F3,1,1
321,6,Adanya batu ginjal dapat menyebabkan sumbatan aliran urin keluar tubuh dan menyebabkan bakteri dapat bertumbuh dan menyebabkan infeksi ginjal,batu ginjal sumbat alir urin tubuh bakteri tumbuh infeksi ginjal,F3,1,1
321,7,"Jika terjadi infeksi ginjal, penderitanya akan mengalami keluhan demam, menggigil, mual, muntah, sakit pinggang, sakit saat BAK, sering BAK, sulit menahan BAK, rasa tidak tuntas saat BAK",infeksi ginjal derita alam keluh demam gigil mual muntah sakit pinggang sakit bak bak sulit tahan bak tuntas bak,F3,2,2
321,8,"Untuk memastikan penyebab dari keluhan Anda, dokter biasanya akan melakukan pemeriksaan pada Anda dan melakukan pemeriksaan lain seperti pemeriksaan urin, USG, atau CT scan",keluh dokter laku periksa laku periksa periksa urin usg ct scan,F5,3,3
321,9,"Jika terbukti mengalami batu ginjal, penanganan yang diberikan oleh dokter tergantung pada ukuran batu dan posisi batu pada saluran kemih",bukti alam batu ginjal tangan dokter gantung ukur batu posisi batu salur kemih,F3,4,4
321,10,"Jika terbukti mengalami infeksi ginjal, dokter akan memberikan antibiotik untuk mengatasi infeksi untuk beberapa waktu tertentu",bukti alam infeksi ginjal dokter antibiotik infeksi,F3,5,5
321,11,Batugin merupakan salah satu produk kesehatan yang dipercaya membantu mengatasi batu ginjal,batugin rupa salah produk sehat percaya bantu batu ginjal,F3,5,5
321,12,"Bila Anda baru satu hari mengkonsumsi antibiotik, biasanya antibiotik ini belum mengatasi infeksi secara optimal sehingga Anda masih akan mengalami gejala, salah satunya adalah demam dan menggigil",mengkonsumsi antibiotik antibiotik infeksi optimal alam gejala salah demam gigil,F4,5,5
321,13,"Dengan demikian, keluhan yang Anda alami masih diharapkan akan terjadi hingga antibiotik ini bekerja mengatasi infeksi dengan optimal",keluh alami harap antibiotik kerja infeksi optimal,F4,5,5
321,14,Silakan Anda tetap melanjutkan konsumsi obat yang diberikan oleh dokter,sila konsumsi obat dokter,F5,5,5
321,15,"Selain itu, Anda juga dianjurkan untuk mengkonsumsi banyak air putih dan menghindari kebiasaan menahan BAK",anjur mengkonsumsi air putih hindar tahan bak,F5,6,6
321,16,"Bila keluhan ini tidak kunjung membaik atau memburuk, silakan Anda kembali memeriksakan diri ke dokter ya",keluh kunjung buruk sila periksa dokter ya,F5,6,6
321,17,Semoga informasi ini berguna,moga informasi,F1,6,6
322,0,"Halo Harjo, terima kasih sudah bertanya di Alodokter com",halo harjo terima kasih alodokter com,F1,0,0
322,1,"Mengonsumsi obat herbal / jamu / ramuan bersamaan dengan obat dari dokter anda, tidak kami sarankan",konsumsi obat herbal jamu ramu obat dokter saran,F4,1,1
322,2,"Dikarenakan belum terdapat data secara pasti interaksi obat yang terjadi diantara keduanya, terlebih bila tidak diketahui kandungan dari obat herbal / jamu / ramuan tersebut",data interaksi obat kandung obat herbal jamu ramu,F3,1,1
322,3,"Penggunaan obat herbal perlu dilakukan uji klinis terlebih dahulu, dimana obat herbal yang beredar di Indonesia tidak boleh mengandung Bahan Kimia Obat (BKO) karena dapat membahayakan kesehatan dan berakibat fatal",obat herbal laku uji klinis obat herbal edar indonesia kandung bahan kimia obat bko bahaya sehat akibat fatal,F3,1,1
322,4,BPOM RI dengan tegas melarang masyarakat mengonsumsi obat herbal dengan kandungan BKO dan akan menyita produk obat herbal yang mengandung zat - zat tersebut,bpom ri larang masyarakat konsumsi obat herbal kandung bko sita produk obat herbal kandung zat zat,F3,1,1
322,5,"Agar terhindar dari bahaya, berikut ini adalah tips - tips aman mengonsumsi obat herbal yaitu Pastikan membeli produk yang telah terdaftar di BPOM RI",hindar bahaya tips tips aman konsumsi obat herbal beli produk daftar bpom ri,F3,2,2
322,6,Jangan lupa cek tanggal kedaluarsa produk,lupa cek tanggal kedaluarsa produk,F3,2,2
322,7,Ikuti semua petunjuk pemakaian beserta dosis yang tercantum di kemasan,pakai dosis cantum kemas,F3,2,2
322,8,Hubungi layanan konsumen produk tersebut jika Anda ingin mengetahui lebih jelas mengenai produk mereka,hubung layan konsumen produk kena produk,F3,2,2
322,9,"Sebelum mengonsumsinya, pastikan Anda berkonsultasi terlebih dahulu kepada dokter",konsumsi konsultasi dokter,F3,2,2
322,10,"Bila melihat dari keterangan anda, dimana gangguan pada saluran kemih terutama ginjal; batu ginjal",lihat terang ganggu salur kemih utama ginjal batu ginjal,F3,3,3
322,11,"Kami sangat menyarankan anda untuk berkonsultasi terlebih dahulu, karena penggunaan obat herbal yang tidak tepat akan memperburuk kondisi ginjal anda, mengingat fungsi ginjal adalah menyaring dan membuang zat zat yang berbahaya pada tubuh, dan memiliki sederet fungsi lain yang penting",saran konsultasi obat herbal buruk kondisi ginjal fungsi ginjal saring buang zat zat bahaya tubuh milik deret fungsi,F5,3,3
322,12,"Berikut adalah beberapa hal yang dapat anda lakukan dirumah untuk mengurangi risiko terkena batu ginjal, diantaranya : Cukupi kebutuhan cairan anda setiap hari (ini yang terpenting, bila kondisi fungsi ginjal anda baik)",laku rumah risiko kena batu ginjal butuh cair kondisi fungsi ginjal,F5,3,3
322,13,Kontrol berat badan anda (terutama bila obesitas),kontrol berat badan utama obesitas,F5,3,3
322,14,Menghindari mengonsumsi obat obatan / suplemen / jamu jamuan yang tidak disarankan oleh dokter anda,hindar konsumsi obat obat suplemen jamu jamu saran dokter,F5,4,4
322,15,"Hindari terlau sering konsumsi makanan ber protein tinggi, mengandung oksalat, dan suplemen kalsium, serta perbanyak konsumsi serat",hindar terlau konsumsi makan ber protein kandung oksalat suplemen kalsium konsumsi serat,F5,4,4
322,16,Bila terasa ada tanda tanda infeksi saluran kemih segera temui dokter,tanda tanda infeksi salur kemih temu dokter,F5,4,4
322,17,"Rutin kontrol dokter bila anda memiliki kadar asam urat tinggi, kencing manis, tekanan darah tinggi, dan sebagainya, dan konsumsi obat yang telah diberikan secara teratur",rutin kontrol dokter milik kadar asam urat kencing manis tekan darah konsumsi obat atur,F5,4,4
322,18,"Sekian informasi yang dapat kami sampaikan, semoga bermanfaat",sekian informasi moga manfaat,F1,4,4
322,19,"Salam, dr Prasetyo",salam dr prasetyo,F1,5,5
323,0,Hai,hai,F1,0,0
323,1,Sering buang air kecil tersebut diantaranya dapat disebabkan oleh: infeksi kandung kemih,buang air infeksi kandung kemih,F3,0,0
323,2,Batu ginjal,batu ginjal,F3,0,0
323,3,Infeksi ginjal,infeksi ginjal,F3,0,0
323,4,"Perubahan otot atau saraf yang mempengaruhi fungsi kandung kemih, misalnya pada kondisi stroke",ubah otot saraf pengaruh fungsi kandung kemih kondisi stroke,F3,0,0
323,5,"Konsumsi kafein, alkohol",konsumsi kafein alkohol,F3,1,1
323,6,Usahakan untuk minum air mineral lebih banyak dan tidak menahan rasa saat ingin buang air kecil,usaha minum air mineral tahan buang air,F3,1,1
323,7,"Selain itu, sebaiknya membersihkan dari arah depan ke belakang setelah buang air kecil maupun besar",bersih arah buang air,F3,1,1
323,8,"Jika keluhan masih berlanjut, disarankan agar ibu Anda periksa ke dokter",keluh saran periksa dokter,F5,2,2
323,9,"Pemeriksaan fisik dengan mengetahui riwayat kesehatan sebelumnya serta tes penunjang seperti tes darah atau tes urin, dapat membantu untuk mengetahui penyebabnya",periksa fisik riwayat sehat tes tunjang tes darah tes urin bantu,F5,2,2
323,10,Sehingga diberikan penanganan sesuai dengan penyebab dasarnya,tangan sesuai dasar,F5,2,2
323,11,"Semoga bermanfaat, Dr Jessica Winoto",moga manfaat dr jessica winoto,F1,2,2
324,0,Halo okky,halo okky,F1,0,0
324,1,Terima kasih atas pertanyaan Anda,terima kasih,F1,0,0
324,2,"Sumber informasi untuk Anda, penyakit batu ginjal atau yang dalam bahasa medis disebut sebagai nefrolitiasis merupakan suatu kondisi ketika benda keras yang menyerupai batu terbentuk didalam ginjal",sumber informasi sakit batu ginjal bahasa medis nefrolitiasis rupa kondisi benda keras rupa batu bentuk ginjal,F3,1,1
324,3,Benda tersebut berasal dari sisa - sisa zat limbah di dalam darah yang disaring oleh ginjal yang kemudian mengendap dan mengkristal seiring waktu,benda sisa sisa zat limbah darah saring ginjal endap kristal iring,F3,1,1
324,4,"Gejala - gejala yang umumnya muncul jika seseorang terkena penyakit batu ginjal, gimana gejala biasanya muncul jika batu ginjal sudah sangat berukuran besar, diantaranya adalah nyeri pada pinggang, nyeri pada perut bagian bawah atau samping, mual, sakit pada saat buang air kecil",gejala gejala muncul orang kena sakit batu ginjal gimana gejala muncul batu ginjal ukur nyeri pinggang nyeri perut samping mual sakit buang air,F3,2,2
324,5,Pengobatan batu ginjal sendiri dilakukan tergantung kepada ukuran dari batu,obat batu ginjal laku gantung ukur batu,F3,3,3
324,6,"Jika batu ginjal masih tergolong kecil atau menengah, serta masih dapat melewati saluran kemih tanpa harus operasi, penderita biasanya disarankan untuk meminum air putih sesuai dengan takaran yang disarankan",batu ginjal golong salur kemih operasi derita saran minum air putih sesuai takar saran,F3,3,3
324,7,"Penanganan batu ginjal dengan prosedur khusus misalnya dengan energi laser, ultrasound, atau operasi, biasanya baru akan diterapkan jika batu berukuran lebih besar sehingga menyumbat saluran kemih pasien, dan sudah menimbulkan gejala - gejala yang mengganggu aktivitas sehari - hari",tangan batu ginjal prosedur khusus energi laser ultrasound operasi terap batu ukur sumbat salur kemih pasien timbul gejala gejala ganggu aktivitas,F3,3,3
324,8,"Berikut ini beberapa tips umum yang dapat Anda lakukan untuk mencegah batu ginjal semakin membesar, diantaranya adalah : Minum air putih minimal 2 L per hari",tips laku cegah batu ginjal minum air putih minimal l,F3,4,3
324,9,"Membatasi makanan yang berpotensi menyebabkan terbentuknya batu ginjal seperti : kacang - kacangan termasuk produk olahan kacang kedelai, ikan sarden, coklat, teh hitam, ubi, Bayam, buah anggur, Asparagus",batas makan potensi bentuk batu ginjal kacang kacang masuk produk olah kacang kedelai ikan sarden coklat teh hitam ubi bayam buah anggur asparagus,F3,4,4
324,10,Pilihlah makanan yang mengandung kadar garam yang rendah,pilih makan kandung kadar garam rendah,F3,4,5
324,11,Hindari menahan keinginan untuk buang air kecil,hindar tahan buang air,F3,4,5
324,12,Berolahraga teratur sesuai dengan kemampuan,olahraga atur sesuai,F3,5,5
324,13,"Sekali lagi kami mengingatkan kepada Anda untuk menemui dokter jika gejala - gejala yang terkait batu ginjal Anda semakin memburuk, agar Anda dapat dilakukan serangan pemeriksaan lebih lanjut, sehingga penanganan yang tepat dapat segera diberikan",temu dokter gejala gejala kait batu ginjal buruk laku serang periksa tangan,F5,5,6
324,14,"Demikian penjelasan yang dapat kami sampaikan, semoga bermanfaat",moga manfaat,F1,6,6
324,15,"Salam, @ dr jati",salam dr jati,F1,6,6
325,0,Halo Novita,halo novita,F1,0,0
325,1,Penyumbatan saluran kencing paling sering disebabkah oleh batu,sumbat salur kencing batu,F3,1,0
325,2,"Lokasinya bisa di ginjal, ureter, kandung kemih, dan uretra",lokasi ginjal ureter kandung kemih uretra,F3,1,0
325,3,"Penyebab terbentuknya batu bermacam - macam, mulai dari kurang minum, dehidrasi, makanan tinggi kalsium, asam urat tinggi, penyakit hiperparatiroidisme, obat - obatan, dan lain - lain",bentuk batu minum dehidrasi makan kalsium asam urat sakit hiperparatiroidisme obat obat,F3,1,1
325,4,Penanganan batu saluran kemih dilakukan oleh dokter ahli urologi,tangan batu salur kemih laku dokter ahli urologi,F3,2,2
325,5,"Sembuh atau tidaknya batu tidak dapat ditentukan melalui pemeriksaan fisik luar saja, tapi diperlukan konfirmasi melalui pemeriksaan rontgen, USG, atau CT scan",sembuh batu periksa fisik konfirmasi periksa rontgen usg ct scan,F4,3,2
325,6,Gejala yang dapat ditimbulkan batu di saluran kemih tersebut berupa: Nyeri punggung atau pinggang yang hilang timbul dan terasa menjalar,gejala timbul batu salur kemih rupa nyeri punggung pinggang hilang timbul jalar,F3,4,3
325,7,Nyeri ketika berkemih,nyeri kemih,F3,4,3
325,8,Ada demam,demam,F3,4,3
325,9,Kadang pipis berdarah,kadang pipis darah,F3,4,3
325,10,Mual dan muntah,mual muntah,F3,4,3
325,11,Perlu pemeriksaan secara langsung oleh dokter untuk menegakkan diagnosis batu saluran kemih,periksa langsung dokter tegak diagnosis batu salur kemih,F3,5,4
325,12,"Pemeriksaan tambahan seperti foto rontgen, USG, atau CT scan seperti yang disebutkan di atas juga diperlukan untuk mengetahui lokasi dan ukuran batu",periksa foto rontgen usg ct scan lokasi ukur batu,F3,5,4
325,13,"Setelah teridentifikasi, batu ini harus segera ditangani agar tidak terjadi komplikasi yang lebih berat, seperti infeksi saluran kemih dan gagal ginjal",identifikasi batu tangan komplikasi berat infeksi salur kemih gagal ginjal,F3,5,4
325,14,"Penanganan awal dilakukan dengan memperbaiki status dehidrasi, pemberian obat antibiotik, dan memperbaiki / menjaga fungsi ginjal",tangan laku status dehidrasi obat antibiotik jaga fungsi ginjal,F3,6,5
325,15,Obat - obatan pada tahap awal ini seringkali diberikan melalui infus atau suntikan,obat obat tahap seringkali infus suntik,F3,6,5
325,16,Batu yang ukurannya kecil ( 4 mm) diperkirakan dapat keluar sendiri melalui pipis,batu ukur mm pipis,F3,6,6
325,17,Pasien cukup diberikan obat - obatan untuk mengatasi gejalanya seperti obat pereda nyeri sekaligus demam (paracetamol),pasien obat obat gejala obat reda nyeri demam paracetamol,F3,6,7
325,18,Perawatan di rumah sakit dianjurkan jika terdapat indikasi di bawah ini: Ukuran batu lebih besar ( 5 mm),rawat rumah sakit anjur indikasi ukur batu mm,F3,6,7
325,19,Nyeri pinggang yang tidak berkurang dengan obat pereda nyeri,nyeri pinggang obat reda nyeri,F3,6,7
325,20,"Terdapat tanda - tanda infeksi seperti demam, nyeri bekemih, atau pipis darah",tanda tanda infeksi demam nyeri bekemih pipis darah,F3,6,7
325,21,Biasanya apabila ukuran batu lebih besar diperlukan terapi operasi untuk mengatasinya,ukur batu terapi operasi,F3,6,7
325,22,Anda dapat mengonsultasikan masalah ini lebih lanjut ke dokter ahli urologi,konsultasi dokter ahli urologi,F5,7,8
325,23,Semoga informasi ini bermanfaat ya dr Muhammad Fadhil Rahmadiansyah,moga informasi manfaat ya dr muhammad fadhil rahmadiansyah,F1,8,8
326,0,"Wa’alaikumsalam, terima kasih telah bertanya di Alodokter",waalaikumsalam terima kasih alodokter,F1,0,0
326,1,Batu ginjal terjadi ketika ada bahan atau kandungan tertentu yang mengendap di ginjal,batu ginjal bahan kandung endap ginjal,F3,1,1
326,2,"Tidak hanya batu ginjal, ada juga batu saluran kemih, yang terbentuk di sepanjang saluran kemih setelah dari ginjal hingga ke saluran terakhir sebelum akhirnya urin dikeluarkan",batu ginjal batu salur kemih bentuk salur kemih ginjal salur urin,F3,1,1
326,3,"Kondisi ini menyebabkan timbulnya berbagai gejala seperti nyeri punggung, nyeri berkemih, urin berwarna merah mudah, merah, atau cokelat, meningkatnya frekuensi berkemih",kondisi timbul gejala nyeri punggung nyeri kemih urin warna merah mudah merah cokelat tingkat frekuensi kemih,F3,1,1
326,4,Beberapa keadaan yang dapat memicu munculnya batu ginjal adalah: Dehidrasi atau kurang cairan,picu muncul batu ginjal dehidrasi cair,F3,1,1
326,5,"Mengonsumsi makanan tinggi protein, garam dan gula",konsumsi makan protein garam gula,F3,2,1
326,6,Memiliki riwayat batu ginjal dalam keluarga,milik riwayat batu ginjal keluarga,F3,2,2
326,7,Memiliki masalah pencernaan atau pasca operasi organ pencernaan,milik cerna pasca operasi organ cerna,F3,2,2
326,8,Memiliki berat badan berlebih atau obesitas,milik berat badan obesitas,F3,2,2
326,9,"Lebih lanjut, bahan pembentuknya bisa berbeda - beda, dan begitu pula dengan ukurannya",bahan bentuk beda beda ukur,F3,3,3
326,10,"Sehingga mengenai pertanyaan Anda, tentu untuk penyembuhan batu ginjal caranya tidak hanya dengan operasi",kena sembuh batu ginjal operasi,F4,3,3
326,11,"Metode pengobatannya beragam, mulai dari cukup minum obat dan perbanyak minum air, menggunakan gelombang suara, memasukkan alat khusus melalui saluran kemih, baru kemudian operasi bila dinilai cara lain sudah tidak bisa dilakukan",metode obat agam minum obat minum air gelombang suara masuk alat khusus salur kemih operasi nilai laku,F4,3,3
326,12,"Saran kami, sebaiknya hal ini Anda diskusikan dengan dokter spesialis urologi yang merawat ayah Anda, mengapa tindakannya harus operasi dan apa yang memicu kekambuhannya",saran diskusi dokter spesialis urologi rawat ayah tindak operasi picu kambuh,F5,4,4
326,13,"Tanpa memeriksakannya langsung, kami tidak bisa menyampaikan apakah kondisinya berbahaya atau tidak, karena kami juga tidak tahu apakah ia memiliki pemberat kondisi seperti tekanan darah tinggi, gagal ginjal, diabetes atau semacamnya",periksa langsung kondisi bahaya milik berat kondisi tekan darah gagal ginjal diabetes,F5,4,4
326,14,"Sehingga sekali lagi, untuk tingkat kegawatan kondisinya, rencana penanganan serta harapan kesembuhannya, sebaiknya Anda konsultasikan ke dokternya secara langsung",tingkat gawat kondisi rencana tangan harap sembuh konsultasi dokter langsung,F5,4,4
326,15,"Jangan ragu untuk bertanya karena itu hak Anda sebagai keluarga pasien, dan pastikan bahwa memang Anda memahami betul kondisi ayah Anda",ragu hak keluarga pasien paham kondisi ayah,F5,4,4
326,16,"Sekian, semoga menjawab pertanyaan Anda",sekian moga,F1,4,4
327,0,Terima kasih Ayu Erizta atas pertanyaannya,terima kasih ayu erizta,F1,0,0
327,1,"Keluhan BAK bercampur darah dapat disebabkan karena beberapa hal, seperti:1 Batu pada saluran kemih",keluh bak campur darah batu salur kemih,F3,1,1
327,2,2 Infeksi saluran kemih,infeksi salur kemih,F3,1,1
327,3,3 Keganasan,ganas,F3,1,1
327,4,4 Robeknya saluran kemih,robek salur kemih,F3,1,1
327,5,5 Kelainan darah,darah,F3,1,1
327,6,6 dan lain - lain,,F3,2,2
327,7,"Namun, yang paling sering terjadi pada laki - laki usia dewasa muda adalah batu saluran kencing",laki laki usia dewasa muda batu salur kencing,F4,2,2
327,8,Batu pada saluran kemih memberikan gejala yang berbeda - beda tergantung letak batunya,batu salur kemih gejala beda beda gantung letak batu,F3,3,3
327,9,"Namun, gejala yang paling umum terjadi adalah nyeri saat berkemih disertai dengan BAK berdarah",gejala nyeri kemih bak darah,F3,4,4
327,10,"Batu saluran kemih ini juga memiliki beberapa penyebab, misalnya:1 Terlalu banyak mengkonsumsi kalsium",batu salur kemih milik mengkonsumsi kalsium,F3,4,4
327,11,2 Kadar asam urat yang tinggi,kadar asam urat,F3,4,4
327,12,3 Infeksi saluran kemih,infeksi salur kemih,F3,4,4
327,13,4 dan lain - lain,,F3,5,5
327,14,"Untuk memastikannya, sebaiknya Anda memeriksakan suami Anda ke dokter khususnya dokter spesialis urologi (bedah saluran kemih) ataupun dokter spesialis bedah umum (jika tidak ada dokter spesialis urologi di daerah Anda)",periksa suami dokter khusus dokter spesialis urologi bedah salur kemih dokter spesialis bedah dokter spesialis urologi daerah,F5,5,5
327,15,"Diperlukan pemeriksaan laboratorium seperti pemeriksaan urin, pemeriksaan darah serta pencitraan seperti USG, foto rontgen khusus untuk melihat batu, dan lainnya",periksa laboratorium periksa urin periksa darah citra usg foto rontgen khusus lihat batu,F5,6,6
327,16,Penanganannya pun tergantung dari penyebab,tangan gantung,F5,6,6
327,17,"Jika penyebabnya memang batu, maka harus dilihat lagi ukuran batunya untuk menentukan terapinya",batu lihat ukur batu terapi,F5,6,6
327,18,Yang dapat suami Anda lakukan di rumah adalah:1 Tidak menahan BAK,suami laku rumah tahan bak,F5,7,7
327,19,2 Banyak mengkonsumsi air putih,mengkonsumsi air putih,F5,8,8
327,20,3 Batasi dulu konsumsi kalsium,batas konsumsi kalsium,F5,8,8
327,21,Anda juga dapat membaca artikel terkait: Batu ginjal Batu kandung kemih,baca artikel kait batu ginjal batu kandung kemih,F5,9,9
327,22,"Demikian jawaban dari saya, semoga membantu dr Andika Surya",moga bantu dr andika surya,F1,10,10
328,0,Hai,hai,F1,0,0
328,1,Sebelumnya perlu diperjelas terlebih dahulu apakah riwayat penyakit usus buntu yang Anda alami telah ditangani dengan tindakan operasi?,riwayat sakit usus buntu alami tangan tindak operasi,F2,1,1
328,2,"Jika sudah, maka kekambuhan tidak mungkin terjadi karena penyebabnya sudah tidak ada (usus buntu sudah diangkat sehingga tidak mungkin mengalami peradangan kembali)",kambuh usus buntu angkat alam radang,F3,1,1
328,3,"Namun jika Anda tidak menjalani prosedur operasi pada riwayat penyakit yang lalu, ada kemungkinan radang usus buntu menjadi kronis dan gejala yang dirasakan dapat mereda dan berkurang",jalan prosedur operasi riwayat sakit radang usus buntu kronis gejala reda,F3,1,1
328,4,Tetapi pada saat tertentu dapat saja terjadi infeksi kembali sehingga peradangan akut kembali terjadi dan keluhan yang dirasakan memberat,infeksi radang akut keluh berat,F3,1,1
328,5,"Untuk mengatasi hal ini diperlukan penanganan segera, baik melalui pemberian antibiotik maupun tindakan operasi untuk mencegah pecahnya usus buntu yang dapat mengancam jiwa",tangan antibiotik tindak operasi cegah pecah usus buntu ancam jiwa,F4,1,1
328,6,"Namun demikian, selain akibat penyakit usus buntu, keluhan sakit perut kanan bawah dapat pula diakibatkan oleh berbagai kemungkinan penyebab lainnya seperti: Infeksi saluran kemih / ISK",akibat sakit usus buntu keluh sakit perut kanan akibat infeksi salur kemih isk,F3,1,1
328,7,Infeksi ginjal,infeksi ginjal,F3,1,1
328,8,Batu ginjal,batu ginjal,F3,1,1
328,9,Sindrom iritasi usus,sindrom iritasi usus,F3,1,1
328,10,Gangguan usus besar,ganggu usus,F3,1,1
328,11,Cedera otot / tulang,cedera otot tulang,F3,1,1
328,12,dan sebagainya,,F3,1,1
328,13,Sebaiknya Anda berkonsultasi dengan dokter untuk memastikan apakah keluhan yang timbul memang disebabkan oleh penyakit usus buntu atau penyebab yang lain,konsultasi dokter keluh timbul sakit usus buntu,F5,1,1
328,14,"Dokter akan melakukan pemeriksaan klinis dan tes penunjang yang diperlukan seperti tes darah, tes urine, USG, CT Scan dan sebagainya",dokter laku periksa klinis tes tunjang tes darah tes urine usg ct scan,F5,2,2
328,15,Dengan demikian penyebabnya dapat diidentifikasi dan ditangani secara tepat,identifikasi tangan,F5,2,2
328,16,Berikut anjuran bagi Anda: Beristirahat cukup dan tidur yang cukup 7 - 8 jam sehari,anjur istirahat tidur jam,F5,3,3
328,17,Mengonsumsi makanan bergizi agar daya tahan tubuh terjaga,konsumsi makan gizi daya tahan tubuh jaga,F5,4,4
328,18,Perbanyak konsumsi buah dan sayur,konsumsi buah sayur,F5,4,4
328,19,Banyak minum air putih 2 - 3 liter sehari,minum air putih liter,F5,4,4
328,20,Jangan menahan keinginan untuk buang air kecil,tahan buang air,F5,4,4
328,21,Hindari mengurut / memijat bagian perut yang sakit,hindar urut pijat perut sakit,F5,5,5
328,22,"Baca laman artikel berikut ini: Penyakit usus buntu, Menyikapi gejala usus buntu kronis",baca laman artikel sakit usus buntu sikap gejala usus buntu kronis,F5,5,5
328,23,Demikian semoga bermanfaat,moga manfaat,F1,5,5
328,24,"Salam, dr Muliani Sukiman",salam dr muliani sukiman,F1,6,6
329,0,Salam Ina,salam ina,F1,0,0
329,1,Anyang - anyangen yang diartikan dalam bahasa indonesia yaitu buang air kencing dengan frekuensi yang meningkat tidak seperti biasa,anyang anyangen arti bahasa indonesia buang air kencing frekuensi tingkat,F3,0,0
329,2,Bila perut turun saya artikan adanya organ dalam rongga perut yang keluar dari rongga perut atau hernia perut,perut turun artik organ rongga perut rongga perut hernia perut,F3,1,1
329,3,Dua hal tersebut sebagai kondisi yang berbeda,kondisi beda,F4,1,2
329,4,Anyang - anyangen sebagai keluhan buang air kecil yang sering melebihi kebiasaan kita,anyang anyangen keluh buang air,F3,2,2
329,5,"Mungkin setiap hari, kita akan buang air kecil sekitar 5 - 6 kali dalam sehari, dengan keluhan anyang - anyangen ini, maka buang air kecil kita meningkat, mungkin setiap setengah jam atau satu jam kita memiliki keinginan untuk buang air kecil dan harus melakukannya",buang air kali keluh anyang anyangen buang air tingkat jam jam milik buang air laku,F3,2,2
329,6,Hal ini disebabkan oleh iritasi saluran kencing yang merangsang saluran kencing kita untuk meningkatkan buangan air kencing,iritasi salur kencing rangsang salur kencing tingkat buang air kencing,F3,2,2
329,7,Beberapa kondisi yang menyebabkan iritasi atau rangsangan buang air kecil kita meningkat :1 infeksi saluran kecil,kondisi iritasi rangsang buang air tingkat infeksi salur,F3,2,2
329,8,"2 kehamilan, adanya tekanan dari rahim ke kandung kemih",hamil tekan rahim kandung kemih,F3,3,3
329,9,3 kencing batu,kencing batu,F3,3,3
329,10,4 infeksi ginjal,infeksi ginjal,F3,3,3
329,11,5 kencing manis,kencing manis,F3,3,3
329,12,6 obat diuretik,obat diuretik,F3,3,3
329,13,"Sedangkan perut turun, merupakan suatu kondisi yang kita kenal dengan Hernia perut",perut turun rupa kondisi kenal hernia perut,F3,4,4
329,14,"Organ dalam rongga perut keluar melewati batas - batas yang seharusnya, seperti ke rongga dada, ke daerah lipat paha, keluar melalui pusar, dan lain - lain",organ rongga perut batas batas rongga dada daerah lipat paha pusar,F3,4,4
329,15,"Gejala yang jelas bisa kita lihat adalah timbulnya benjolan tidak wajar pada batas perut dan daerah sekitarnya, seperti di pusar atau lipat paha",gejala lihat timbul benjol wajar batas perut daerah pusar lipat paha,F3,4,4
329,16,Benjolan ini bila dilakuan observasi dan pemeriksaan merupakan organ usus yang turun atau keluar dari rongga perut,benjol laku observasi periksa rupa organ usus turun rongga perut,F3,4,4
329,17,"Bila di rongga dada, harus dilakukan pemeriksaan laboratoium yang menunjang",rongga dada laku periksa laboratoium tunjang,F3,4,4
329,18,"Beberapa jenis hernia perut yaitu:1 hernia ingunalis, hernia pada daerah lipat paha",jenis hernia perut hernia ingunalis hernia daerah lipat paha,F3,4,4
329,19,"2 hernia umbilikus, hernia pada daerah pusar",hernia umbilikus hernia daerah pusar,F3,4,4
329,20,"3 hernia hiatus, hernia kerongga dada",hernia hiatus hernia rongga dada,F3,4,4
329,21,"Bila kondisi ini kita temui atau kita rasakan, sebaiknya segera konsulkan pada dokter untuk memastikan apa penyebab utama keluhan anyang - anyangen atau hernia yang dirasakan",kondisi temu konsul dokter utama keluh anyang anyangen hernia,F5,5,5
329,22,Sehingga dokter memastikan penanganan yang tepat,dokter tangan,F5,5,5
329,23,"Anyang - anyangen, bila penyebabnya suatu infeksi, maka akan diberikan antibiotik yang sesuai",anyang anyangen infeksi antibiotik sesuai,F5,6,6
329,24,Dan penyebab lain ditangani dengan kondisi yang sesuai,tangan kondisi sesuai,F5,6,6
329,25,"Untuk hernia, maka, operasi merupakan opsi yang bisa dilakukan",hernia operasi rupa opsi laku,F5,7,7
329,26,Demikian informasi yang bisa kami sampaikan,informasi,F1,7,7
329,27,Semoga bermanfaat,moga manfaat,F1,7,7
329,28,Anda juga bisa membaca tentang anyang - anyangen dan hernia,baca anyang anyangen hernia,F5,7,7
330,0,Hai,hai,F1,0,0
330,1,Nyeri saat berkemih yang disertai sakit pada pinggul dan perut sebelah kanan dapat merupakan suatu gejala Infeksi Saluran Kemih (ISK),nyeri kemih sakit pinggul perut belah kanan rupa gejala infeksi salur kemih isk,F4,1,1
330,2,Gejalanya meliputi: Nyeri saat berkemih,gejala liput nyeri kemih,F3,1,1
330,3,Urin berwarna keruh atau bercampur darah,urin warna keruh campur darah,F3,1,1
330,4,Sering ingin berkemih,kemih,F3,1,1
330,5,Nyeri pada perut,nyeri perut,F3,1,1
330,6,Urin berbau menyengat,urin bau sengat,F3,1,1
330,7,Penanganan ISK meliputi pemberian obat pereda nyeri dan antibiotik sesuai petunjuk Dokter,tangan isk liput obat reda nyeri antibiotik sesuai dokter,F3,1,1
330,8,"Namun demikian, keluhan nyeri berkemih dapat pula diakibatkan oleh penyebab yang lain",keluh nyeri kemih akibat,F3,1,1
330,9,Beberapa kemungkinan penyebabnya adalah: Infeksi ginjal,infeksi ginjal,F3,1,1
330,10,Gonore,gonore,F3,1,1
330,11,Klamidia,klamidia,F3,1,1
330,12,Herpes genitalis,herpes genitalis,F3,1,1
330,13,Trikomoniasis,trikomoniasis,F3,1,1
330,14,dan lain – lain,,F3,1,2
330,15,Beberapa anjuran yang dapat dilakukan: Minum banyak air putih untuk membilas saluran kemih sehingga bakteri tidak sempat berkembang,anjur laku minum air putih bilas salur kemih bakteri kembang,F3,1,2
330,16,Jangan menahan keinginan berkemih,tahan kemih,F3,1,2
330,17,"Biasakan membersihkan organ intim dengan arah yang benar, yaitu dari depan ke belakang",bersih organ intim arah,F3,2,2
330,18,Menjaga kebersihan organ intim,jaga bersih organ intim,F3,2,2
330,19,Jika keluhan terus berlanjut sebaiknya Anda memeriksakan diri ke Dokter untuk menelusuri penyebabnya,keluh periksa dokter telusur,F5,3,3
330,20,"Dokter akan melakukan pemeriksaan fisik dan pemeriksaan penunjang yang dibutuhkan seperti tes urine, tes darah, USG, X - Ray dan lainnya",dokter laku periksa fisik periksa tunjang butuh tes urine tes darah usg x ray,F5,3,3
330,21,Dengan mengetahui penyebab yang mendasarinya maka akan dapat diberikan penanganan yang tepat sesuai kondisi,dasar tangan sesuai kondisi,F5,4,4
330,22,Baca laman artikel berikut ini: Nyeri saat buang air kecil,baca laman artikel nyeri buang air,F5,4,4
330,23,Demikian semoga bermanfaat,moga manfaat,F1,4,4
330,24,"Salam, dr Muliani Sukiman",salam dr muliani sukiman,F1,5,5
331,0,Hai,hai,F1,0,0
331,1,"Keluhan yang Anda alami kemungkinan dapat disebabkan oleh infeksi saluran kemih / ISK , yaitu peradangan pada saluran kemih akibat infeksi bakteri",keluh alami infeksi salur kemih isk radang salur kemih akibat infeksi bakteri,F4,1,0
331,2,"Gejala lain yang dapat timbul adalah nyeri perut bawah, buang air kecil sedikit - sedikit, Urin berwarna keruh dan berbau menyengat, dan sebagainya",gejala timbul nyeri perut buang air urin warna keruh bau sengat,F3,1,0
331,3,Selain itu keluhan yang dialami dapat pula diakibatkan oleh berbagai penyebab yang lain seperti: Infeksi ginjal Batu ginjal,keluh alami akibat infeksi ginjal batu ginjal,F3,1,0
331,4,"Penyakit menular seksual ( gonore, klamidia, herpes genital)",sakit tular seksual gonore klamidia herpes genital,F3,2,1
331,5,Overactive bladder (kandung kemih yang terlalu aktif),overactive bladder kandung kemih aktif,F3,2,1
331,6,"Faktor psikologis (stres, kecemasan, ketegangan)",faktor psikologis stres cemas tegang,F3,2,1
331,7,Kehamilan,hamil,F3,2,1
331,8,Diabetes dan sebagainya,diabetes,F3,2,1
331,9,Untuk memastikan penyebabnya sebaiknya konsultasikan dengan dokter agar dapat dilakukan pemeriksaan lanjutan,konsultasi dokter laku periksa,F5,3,2
331,10,"Dokter akan melakukan pemeriksaan klinis dan tes penunjang yang diperlukan untuk menelusuri lebih jauh seperti tes urine, tes darah, USG, dan sebagainya",dokter laku periksa klinis tes tunjang telusur tes urine tes darah usg,F5,3,2
331,11,Dengan demikian penanganan yang tepat akan dapat diberikan sesuai dengan kondisi yang mendasarinya,tangan sesuai kondisi dasar,F5,4,3
331,12,Berikut ini anjuran yang dapat Anda lakukan: Beristirahat dan tidur yang cukup,anjur laku istirahat tidur,F5,4,3
331,13,Konsumsi makanan yang bergizi dan tinggi serat,konsumsi makan gizi serat,F5,4,3
331,14,Minum banyak air putih minimal 2 liter sehari agar saluran kemih terbilas secara teratur sehingga bakteri tidak sempat berkembang biak,minum air putih minimal liter salur kemih bilas atur bakteri kembang biak,F5,5,4
331,15,Jangan menahan buang air kecil,tahan buang air,F5,5,4
331,16,Biasakan berkemih sebelum dan sesudah berhubungan seksual,kemih hubung seksual,F5,5,5
331,17,Membasuh organ intim dari arah depan ke belakang agar tidak terjadi kontaminasi bakteri dari anus ke saluran kemih atau vagina,basuh organ intim arah kontaminasi bakteri anus salur kemih vagina,F5,5,5
331,18,Mengelola stres dengan baik,kelola stres,F5,5,5
331,19,Baca laman artikel berikut ini: Penyebab sering buang air kecil,baca laman artikel buang air,F5,5,6
331,20,Demikian semoga bermanfaat,moga manfaat,F1,5,6
331,21,"Salam, dr Muliani Sukiman",salam dr muliani sukiman,F1,6,6
332,0,"Halo terima kasih sudah bertanya kepada alodokter, saya dr Ainul",halo terima kasih alodokter dr ainul,F1,0,0
332,1,Tidak bisa buang air kecil dapat terjadi karena berbagai macam hal,buang air,F3,0,0
332,2,tidak bisa air kecil dapat terjadi ketika produksi urin yang menurun atau adanya sumbatan pada saluran kemih,air produksi urin turun sumbat salur kemih,F3,0,0
332,3,"Secara umum jika tidak dapat kencing dapat disebabkan oleh Anuria pada penyakit gagal ginjal, batu saluran kemih, batu ginjal, dan juga sumbatan karena pembesaran prostat",kencing anuria sakit gagal ginjal batu salur kemih batu ginjal sumbat prostat,F3,0,0
332,4,Akan tetapi selain itu tidak bisa buang air kecil juga dapat disebabkan oleh hal hal yang lain,buang air,F3,0,0
332,5,"Untuk dapat menentukan penyebab secara tepat diperlukan wawancara secara mendalam, pemeriksaan fisik dan juga pemeriksaan penunjang hal ini diperlukan dokter untuk menegakkan diagnosa",wawancara periksa fisik periksa tunjang dokter tegak diagnosa,F3,1,1
332,6,"Untuk saat ini sebaiknya berkonsultasi kepada dokter, mungkin saja dokter sudah menjelaskan diawal terkait penyakit yang diderita",konsultasi dokter dokter kait sakit derita,F5,1,1
332,7,Jika belum maka sebaiknya berkonsultasi kepada dokter atau perawat agar diberikan arahan dan informasi yang tepat terkait penyakit dan terapi yang akan diberikan,konsultasi dokter rawat arah informasi kait sakit terapi,F5,1,1
332,8,Secara umum jika pasien masih dirawat maka terdapat permasalahan tertentu yang belum teratasi,pasien rawat,F5,1,1
332,9,Semoga membantu,moga bantu,F1,1,1
333,0,Hai,hai,F1,0,0
333,1,Nyeri pada bagian rusuk bawah dapat disebabkan karena banyak hal,nyeri rusuk,F3,1,0
333,2,"Dari keadaan yang anda alami, batu ginjal memang dapat menyebabkan rasa pegal pada daerah rusuk bawah atau daerah pinggang",alami batu ginjal pegal daerah rusuk daerah pinggang,F4,1,0
333,3,Dengan cara apakah batu ginjal anda keluar?,batu ginjal,F2,1,1
333,4,"Biasanya jika batu ginjal keluar dengan cara eswl (batu dihancurkan di dalam oleh gelombang tertentu), maka biasanya batu akan hancur dan keluar melalui urine",batu ginjal eswl batu hancur gelombang batu hancur urine,F3,1,1
333,5,Jika batu keluar dengan cara tersebut maka biasanya batu sudah bersih dari ginjal dan saluran kemih,batu batu bersih ginjal salur kemih,F3,1,1
333,6,"Dari keadaan yang anda alami, maka nyeri dan pegal pada rusuk bawah dapat disebabkan karena: batu ginjal baru",alami nyeri pegal rusuk batu ginjal,F4,1,2
333,7,Batu ginjal lama yang masih tersisa luka atau iritasi pada ginjal atau ureter,batu ginjal sisa luka iritasi ginjal ureter,F4,2,2
333,8,Gangguan fungsi ginjal infeksi ginjal cedera pada otot sekitar pinggang,ganggu fungsi ginjal infeksi ginjal cedera otot pinggang,F4,2,2
333,9,"Oleh karena itu, jika keadaan yang anda alami terus menerus terjadi maka disarankan agar anda memeriksakan diri secara langsung ke dokter sehingga dokter dapat memeriksa keadaan anda lebih lanjut",alami saran periksa langsung dokter dokter periksa,F5,3,3
333,10,"Mungkin nanti akan dilakukan pemeriksaan tambahan seperti pemeriksaan darah, rontgen jika memang diperlukan",laku periksa periksa darah rontgen,F5,4,3
333,11,Disarankan agar anda banyak konsumsi air putih,saran konsumsi air putih,F5,4,4
333,12,Olahraga teratur,olahraga atur,F5,4,4
333,13,Hindari konsumsi makanan yang mengandung pengawet,hindar konsumsi makan kandung awet,F5,4,4
333,14,Jangan merokok,rokok,F5,4,4
333,15,Lakukan olahraga secara rutin,laku olahraga rutin,F5,4,4
333,16,Berikut artikel yang dapat anda baca mengenai komplikasi batu ginjal,artikel baca kena komplikasi batu ginjal,F5,5,5
333,17,Semoga bermanfaat,moga manfaat,F1,5,5
333,18,Terima kasih dr danny,terima kasih dr danny,F1,6,6
334,0,Halo,halo,F1,0,0
334,1,Gejala - gejala yang Anda alami memang mungkin saja disebabkan infeksi saluran kemih,gejala gejala alami infeksi salur kemih,F4,0,0
334,2,"Tetapi ada keadaan - keadaan lain yang dapat menyebabkan gejala tersebut, misalnya: Batu ginjal",gejala batu ginjal,F3,0,0
334,3,Kelainan ginjal akibat asam urat,ginjal akibat asam urat,F3,0,0
334,4,Keganasan saluran kemih,ganas salur kemih,F3,0,0
334,5,"Pengobatan yang diberikan disesuaikan dengan penyebabnya, misalnya: antibiotik, operasi",obat sesuai antibiotik operasi,F3,0,1
334,6,"Penyebab infeksi saluran kemih adalah bakteri, sehingga pengobatan paling tepat adalah dengan pemberian antibiotik",infeksi salur kemih bakteri obat antibiotik,F3,0,1
334,7,"Beberapa penelitian ilmiah memuat mengenai efek jus buah berry segar (misalnya: strawberry, raspberry, cranberry) dan susu fermentasi yang mengandung Lactobacillus (probiotik) yang dikonsumsi secara teratur dapat mengurangi kekambuhan infeksi saluran kemih",teliti ilmiah muat kena efek jus buah berry segar strawberry raspberry cranberry susu fermentasi kandung lactobacillus probiotik konsumsi atur kambuh infeksi salur kemih,F3,1,1
334,8,Anda dapat berkonsultasi dengan dokter,konsultasi dokter,F5,1,1
334,9,"Dokter akan melakukan pemeriksaan fisik dan lab Urin lengkap, kultur urine, USG jika dibutuhkan",dokter laku periksa fisik lab urin lengkap kultur urine usg butuh,F5,1,1
334,10,Hasil pemeriksaan tersebut akan menentukan diagnosis dan pemilihan obat antibiotik yang terbaik,hasil periksa diagnosis pilih obat antibiotik,F5,1,1
334,11,Anda juga dapat melakukan hal - hal berikut: Minum air putih 8 gelas per hari,laku minum air putih gelas,F5,2,2
334,12,Tidak menahan keinginan BAK,tahan bak,F5,2,2
334,13,Membasuh organ intim dari depan ke belakang,basuh organ intim,F5,2,2
334,14,Menggunakan celana dalam berbahan katun yang longgar,celana bahan katun longgar,F5,2,2
334,15,"Sehabis berhubungan, organ intim dibersihkan dan segera berkemih",habis hubung organ intim bersih kemih,F5,2,2
334,16,"Mengurangi konsumsi kopi, teh, coklat",konsumsi kopi teh coklat,F5,3,3
334,17,"Jika Anda didiagnosis batu ginjal, Banyak makan buah segar seperti apel, strawberry, dan lain - lain",diagnosis batu ginjal makan buah segar apel strawberry,F5,3,3
334,18,Anda dapat membaca artikel berikut: Infeksi Saluran Kemih,baca artikel infeksi salur kemih,F5,3,3
334,19,"Semoga berguna, dr Miranti Iskandar",moga dr miranti iskandar,F1,4,4
335,0,Hai,hai,F1,0,0
335,1,Keluhan yang Anda alami kemungkinan tidak berhubungan dengan riwayat operasi usus buntu sebelumnya,keluh alami hubung riwayat operasi usus buntu,F4,1,1
335,2,Sakit perut kanan bawah dapat diakibatkan oleh berbagai kemungkinan penyebab berikut ini: Hernia inguinalis,sakit perut kanan akibat hernia inguinalis,F3,1,1
335,3,Gangguan usus besar,ganggu usus,F3,1,1
335,4,Infeksi saluran kemih / ISK,infeksi salur kemih isk,F3,1,1
335,5,Infeksi ginjal,infeksi ginjal,F3,1,1
335,6,Batu ginjal dan sebagainya,batu ginjal,F3,1,1
335,7,"Untuk memastikan penyebabnya tentunya diperlukan pemeriksaan lebih lanjut oleh dokter, yaitu melalui pemeriksaan fisik untuk menilai nyeri yang timbul (lokasi dan derajat nyeri, apakah teraba benjolan, dan sebagainya)",periksa dokter periksa fisik nilai nyeri timbul lokasi derajat nyeri raba benjol,F3,1,1
335,8,"Selain itu tes medis lanjutan akan diperlukan untuk menelusuri lebih jauh, yaitu berupa tes urine, USG, X - Ray, CT Scan dan sebagainya",tes medis telusur rupa tes urine usg x ray ct scan,F3,2,2
335,9,Oleh karena itu bila keluhan terus berlanjut sebaiknya Anda berkonsultasi dengan dokter untuk menelusuri penyebabnya dan mendapatkan penanganan yang tepat,keluh konsultasi dokter telusur tangan,F5,2,2
335,10,Berikut ini anjuran yang dapat dilakukan: Tidur yang cukup dan konsumsi makanan bergizi untuk menjaga daya tahan tubuh,anjur laku tidur konsumsi makan gizi jaga daya tahan tubuh,F5,3,3
335,11,Konsumsi banyak sayur dan buah untuk menghindari konstipasi,konsumsi sayur buah hindar konstipasi,F5,3,3
335,12,Minum banyak air putih agar saluran kemih terbilas secara teratur,minum air putih salur kemih bilas atur,F5,4,4
335,13,Jangan menahan keinginan untuk berkemih,tahan kemih,F5,4,4
335,14,Buang air kecil secara teratur,buang air atur,F5,4,4
335,15,Hindari mengangkat beban berat dan berdiri terlalu lama,hindar angkat beban berat,F5,5,5
335,16,Batasi aktivitas fisik yang melelahkan tubuh,batas aktivitas fisik lelah tubuh,F5,5,5
335,17,Baca artikel berikut ini: Penyebab sakit perut bagian kanan,baca artikel sakit perut kanan,F5,6,5
335,18,Demikian semoga bermanfaat,moga manfaat,F1,6,5
335,19,"Salam, dr Muliani Sukiman",salam dr muliani sukiman,F1,6,6
336,0,Alo!,alo,F1,0,0
336,1,Terima kasih atas pertanyaannya di Alodokter,terima kasih alodokter,F1,0,0
336,2,"Batu ginjal merupakan salah satu bagian dari batu saluran kemih, yang terbentuk akibat dari kristalisasi mineral dan garam yang berada pada saluran kemih, yaitu ginjal",batu ginjal rupa salah batu salur kemih bentuk akibat kristalisasi mineral garam salur kemih ginjal,F3,0,0
336,3,"Batu saluran kemih dapat terbentuk dari ginjal, ureter, kandung kemih, dan uretra",batu salur kemih bentuk ginjal ureter kandung kemih uretra,F3,0,0
336,4,"Pada penderita batu saluran kemih, dapat mengalami berbagai gejala klinis seperti kencing bercampur dengan darah, nyeri pada saat berkemih, nyeri pada pinggang, kencing yang berpasir, tidak dapat buang air kecil sama sekali yang menyebabkan retensi urin",derita batu salur kemih alam gejala klinis kencing campur darah nyeri kemih nyeri pinggang kencing pasir buang air retensi urin,F3,0,0
336,5,"Dalam penegakkan diagnosis batu ginjal diperlukan konsultasi pada dokter atau dokter urologi terkait pemeriksaan fisik dan pemeriksaan penunjang seperti pemeriksaan urin, pemeriksaan darah, dan pemeriksaan pencitraan seperti USG, Rontgen, atau CT Scan sesuai dengan indikasi pemeriksaan",tegak diagnosis batu ginjal konsultasi dokter dokter urologi kait periksa fisik periksa tunjang periksa urin periksa darah periksa citra usg rontgen ct scan sesuai indikasi periksa,F3,1,1
336,6,"Dengan adanya keterlibatan serangan stroke, diperlukan perhatian lebih pada saat pemberian pengobatan",libat serang stroke perhati obat,F4,1,1
336,7,Informasi mengenai kelainan ginjal yang dialami seharusnya diinformasikan atau sudah dipertimbangkan dalam pemberian pengobatan untuk menangani stroke,informasi kena ginjal alami informasi timbang obat tangan stroke,F4,1,1
336,8,Hal ini sangat penting untuk dikonsultasikan oleh dokter terkait pengobatan stroke,konsultasi dokter kait obat stroke,F4,1,1
336,9,"Jika informasi tersebut sudah diketahui, pengobatan yang diberikan akan disesuaikan dengan kondisi ginjal, serta diberikan dalam dosis yang masih dalam kisaran aman untuk dikonsumsi",informasi obat sesuai kondisi ginjal dosis kisar aman konsumsi,F4,1,1
336,10,"Jika muncul keluhan seperti nyeri mendadak pada daerah pinggang, kencing berwarna keruh atau bercampur darah, mendadak lemas tubuh sebelah dan bicara pelo, ataupun penurunan kesadaran, segera periksakan diri ke dokter atau fasilitas kesehatan terdekat",muncul keluh nyeri dadak daerah pinggang kencing warna keruh campur darah dadak lemas tubuh belah bicara pelo turun sadar periksa dokter fasilitas sehat,F5,2,2
336,11,"Semoga informasi ini dapat membantu Anda, Salam",moga informasi bantu salam,F1,2,2
337,0,Hai,hai,F1,0,0
337,1,Mual dan sakit perut kiri bawah diantaranya dapat disebabkan oleh: infeksi atau batu ginjal,mual sakit perut kiri infeksi batu ginjal,F3,0,0
337,2,radang pada kandung kemih,radang kandung kemih,F3,0,0
337,3,penyakit usus buntu,sakit usus buntu,F3,0,0
337,4,Endometriosis,endometriosis,F3,0,0
337,5,kista ovarium,kista ovarium,F3,0,0
337,6,"gangguan pada serviks (leher rahim), seperti terjadi infeksi atau peradangan",ganggu serviks leher rahim infeksi radang,F3,0,0
337,7,Divertikulitis yaitu radang kantong - kantong yang terletak pada dinding saluran cerna,divertikulitis radang kantong kantong letak dinding salur cerna,F3,0,0
337,8,penyakit radang panggul,sakit radang panggul,F3,0,0
337,9,radang pada saluran tuba falopi,radang salur tuba falopi,F3,0,0
337,10,Kehamilan dapat ditandai dengan mual maupun terlambat menstruasi,hamil tanda mual lambat menstruasi,F4,0,0
337,11,Biasanya tidak disertai dengan nyeri perut kiri bawah yang hilang timbul,nyeri perut kiri hilang timbul,F5,0,0
337,12,"Untuk mengetahui kondisi lebih lanjut, disarankan agar Anda periksa ke dokter",kondisi saran periksa dokter,F5,1,1
337,13,"Pemeriksaan fisik dan tes penunjang seperti tes darah, tes urin, atau USG, dapat membantu mengetahui penyebab medis yang terjadi",periksa fisik tes tunjang tes darah tes urin usg bantu medis,F5,1,1
337,14,Sehingga dapat segera diberikan penanganan yang tepat,tangan,F5,2,2
337,15,Halaman berikut membahas Penyebab nyeri perut kiri,halaman bahas nyeri perut kiri,F5,2,2
337,16,"Semoga bermanfaat, dr Jessica",moga manfaat dr jessica,F1,3,3
338,0,Hai Upus,hai upus,F1,0,0
338,1,"Ketika seseorang berada dalam posisi statis / kaku dalam jangka waktu yang lama, terjadi penumpukan cairan sendi di dalam ronga sendi",orang posisi statis kaku jangka tumpuk cair sendi ronga sendi,F3,1,1
338,2,"Ketika seseorang tiba - tiba bergerak atau berdiri, terjadi pemisahan antara dua sendi yang mengakibatkan cairan synovial / sendi secara tiba tiba tertarik dan mengisi ruang yang kosong tersebut",orang gerak pisah sendi akibat cair synovial sendi tarik isi ruang kosong,F3,1,1
338,3,kondisi ini akan mengakibatkan terjadinya Bunyi \popping\ atau \cracking\ seperti yang kita dengar sehari - hari,kondisi akibat bunyi popping cracking dengar,F3,2,2
338,4,Hal ini dapat terjadi secara sengaja ataupun tidak,sengaja,F3,2,2
338,5,Namun permasalahan akan timbul jika bunyi yang kamu dengar berlangsung dalam waktu yang lama atau terus menerus,timbul bunyi dengar langsung,F3,2,2
338,6,"Biasanya justru pengurangan cairan sendi akan mengakibatkan bunyi ini, karena terjadi pergesekan antar tulang yang tidak lagi memiliki bantalan / cairan sendi yang cukup",cair sendi akibat bunyi gesek tulang milik bantal cair sendi,F3,3,3
338,7,Beberapa kondisi yang menyebabkan Bunyi diantara sendi itu berbahaya adalah: Jika terjadi terus menerus dan disertai rasa nyeri yang sangat menyiksa,kondisi bunyi sendi bahaya nyeri siksa,F3,3,3
338,8,Bengkak dan kemerahan,bengkak merah,F3,3,3
338,9,"Jika setelah bunyi terdengar, sendi lutut atau sendi manapun menjadi tidak dapat digerakkan",bunyi dengar sendi lutut sendi gerak,F3,3,3
338,10,Beberapa kondisi yang menimbulkan nyeri yang sangat dan bunyi pada sendi adalah: Robekan Meniskus,kondisi timbul nyeri bunyi sendi robek meniskus,F3,3,3
338,11,Meniskus adalah bantalan alami sebagai peredam getaran yang terdapat di lutut,meniskus bantal alami redam getar lutut,F3,3,3
338,12,Meniskus juga membantu membagi beban yang diterima lutut sehingga Tulang tidak saling bergesekan satu sama lain,meniskus bantu beban terima lutut tulang gesek,F3,3,3
338,13,biasanya ini terjadi pada saat Olahraga atau melakukan gerakan yang cepat dan tiba - tiba,olahraga laku gerak cepat,F3,4,4
338,14,"semakin tua seseorang, robekan ini dapat sering terjadi Cedera tulang rawan, biasanya yang paling sering adalah osteo - arthritis",tua orang robek cedera tulang rawan osteo arthritis,F3,5,5
338,15,disebabkan adanya potongan tulang rawan yang pecah dan serpihannya masuk ke rongga sendi,potong tulang rawan pecah serpih masuk rongga sendi,F3,5,5
338,16,hal ini menyebabkan terjadinya bunyi seperti tulang bergesekan,bunyi tulang gesek,F3,5,5
338,17,biasanya pada dewasa dan lanjut usia Pada nyeri pinggang,dewasa usia nyeri pinggang,F3,6,6
338,18,banyak sekali kondisi yang dapat menyebabkan gejala ini terjadi,kondisi gejala,F3,6,6
338,19,diantaranya adalah: Low Back Pain atau nyeri pada punggung bagian bawah,low back pain nyeri punggung,F3,7,7
338,20,Infeksi saluran kemih / kandung kemih,infeksi salur kemih kandung kemih,F3,8,8
338,21,Batu ginjal,batu ginjal,F3,8,8
338,22,Konstipasi,konstipasi,F3,8,8
338,23,Kista Ovarium,kista ovarium,F3,8,8
338,24,Endometriosis,endometriosis,F3,8,8
338,25,Radang panggul,radang panggul,F3,8,8
338,26,Usus Buntu Hernia / Usus Turun,usus buntu hernia usus turun,F3,8,8
338,27,Radang usus dan lain sebagainya,radang usus,F3,8,8
338,28,Hal ini bisa berkaitan dengan kebiasaan anda yang sering duduk terlalu lama,kait duduk,F3,9,9
338,29,pola hidup seperti jarang meminum air putih juga dapat menyebabkan terjadinya gejala ini,pola hidup jarang minum air putih gejala,F3,9,9
338,30,"Sebaiknya periksakan ke dokter jika: Nyeri yang anda rasakan berlangsung terus menerus, tanpa adanya perbaikan",periksa dokter nyeri langsung,F5,10,10
338,31,"Terdapat nyeri ketika kencing atau berkemih, hal ini dapat menjadi pertanda adanya infeksi saluran kemih",nyeri kencing kemih tanda infeksi salur kemih,F5,10,10
338,32,nyeri saat menstruasi yang berlebih,nyeri menstruasi,F5,10,10
338,33,Nyeri yang menjalar ke punggung bagian belakang,nyeri jalar punggung,F5,10,10
338,34,ada demam dan menggigil,demam gigil,F5,10,10
338,35,perubahan warna kencing menjadi seperti darah,ubah warna kencing darah,F5,11,11
338,36,Perubahan pada pola buang air besar,ubah pola buang air,F5,11,11
338,37,Nyeri yang dirasakan ketika berjalan,nyeri jalan,F5,12,12
338,38,"Selalu konsultasikan dengan dokter kondisi anda, agar penanganan dan pemeriksaan yang dilakukan bisa menjadi tepat dan tuntas",konsultasi dokter kondisi tangan periksa laku tuntas,F5,12,12
338,39,beberapa hal yang dapat anda lakukan untuk mengurangi keluhan anda adalah: Minum air putih yang cukup,laku keluh minum air putih,F5,13,13
338,40,Selalu menjaga kebersihan setelah buang air kecil dan besar,jaga bersih buang air,F5,13,13
338,41,bersihkan area kemaluan dari depan dan ke belakang,bersih area malu,F5,13,13
338,42,Istirahat yang teratur,istirahat atur,F5,14,14
338,43,Jangan menahan kencing terlalu lama,tahan kencing,F5,14,14
338,44,"jika anda terlalu lama duduk, lakukan pemanasan minimal setiap 2 - 3 jam sekali untuk menjaga sendi anda agar tidak kaku",duduk laku panas minimal jam jaga sendi kaku,F5,14,14
338,45,lakukan senam ringan disekitar tempat anda bekerja,laku senam ringan kerja,F5,14,14
338,46,mengoleskan krim pereda nyeri dapat meringankan gejala pada kondisi seperti otot yang tegang dan tertarik,oles krim reda nyeri ringan gejala kondisi otot tegang tarik,F5,15,15
338,47,Segera periksa ke dokter jika nyeri yang anda rasakan menjadi semakin parah dan tidak tertahankan,periksa dokter nyeri parah tahan,F5,15,15
338,48,"Artikel terkait dapat anda baca di tautan berikut: Pengertian Sakit Pinggang, Penyebab Sakit Pinggang Sebelah Kiri Apa Saja?",artikel kait baca taut erti sakit pinggang sakit pinggang belah kiri,F5,16,16
338,49,Semoga penjelasan ini dapat membantu,moga bantu,F1,17,17
338,50,"Salam, dr Otniel Budi Krisetya",salam dr otniel budi krisetya,F1,17,17
339,0,Hai,hai,F1,0,0
339,1,Sakit pinggang sebelah kanan dapat diakibatkan oleh berbagai kemungkinan penyebab berikut ini: Cedera otot / tulang,sakit pinggang belah kanan akibat cedera otot tulang,F3,0,0
339,2,Posisi dan postur tubuh yang pinggang,posisi postur tubuh pinggang,F3,0,0
339,3,Skiatika (iritasi dan penekanan pada saraf skiatik),skiatika iritasi tekan saraf skiatik,F3,0,0
339,4,Penyempitan jalur tulang belakang,sempit jalur tulang,F3,0,0
339,5,Infeksi saluran kemih / ISK,infeksi salur kemih isk,F3,1,1
339,6,Infeksi ginjal,infeksi ginjal,F3,1,1
339,7,Batu ginjal,batu ginjal,F3,1,1
339,8,Gangguan empedu dan sebagainya,ganggu empedu,F3,1,1
339,9,Untuk menentukan penanganan yang tepat tentunya terlebih dahulu harus diketahui penyebabnya,tangan,F3,1,1
339,10,Bila keluhan terus berlanjut sebaiknya Anda berkonsultasi dengan dokter agar dapat dilakukan pemeriksaan lebih lanjut,keluh konsultasi dokter laku periksa,F5,2,2
339,11,"Dokter akan melakukan pemeriksaan fisik dan tes penunjang yang diperlukan seperti tes urine, X - Ray, USG dan sebagainya",dokter laku periksa fisik tes tunjang tes urine x ray usg,F5,2,2
339,12,Dengan demikian pengobatan yang tepat akan dapat diberikan,obat,F5,2,2
339,13,Berikut anjuran yang dapat Anda lakukan: Beristirahat cukup dan tidur yang cukup,anjur laku istirahat tidur,F5,3,3
339,14,"Pertahankan posisi dan postur tubuh yang benar saat duduk, berdiri maupun berbaring",tahan posisi postur tubuh duduk baring,F5,3,3
339,15,Banyak minum air putih 2 - 3 liter sehari agar saluran kemih terbilas secara teratur,minum air putih liter salur kemih bilas atur,F5,4,4
339,16,Jangan menahan keinginan berkemih,tahan kemih,F5,4,4
339,17,Buang air kecil secara teratur,buang air atur,F5,4,4
339,18,Hindari memijat / mengurut area pinggang yang sakit,hindar pijat urut area pinggang sakit,F5,4,5
339,19,Bila nyeri terasa mengganggu dapat mengonsumsi ibuprofen atau paracetamol untuk meredakannya,nyeri ganggu konsumsi ibuprofen paracetamol reda,F5,4,5
339,20,Baca laman artikel berikut ini: Penyebab sakit pinggang sebelah kanan,baca laman artikel sakit pinggang belah kanan,F5,5,5
339,21,Demikian semoga bermanfaat,moga manfaat,F1,6,5
339,22,"Salam, dr Muliani Sukiman",salam dr muliani sukiman,F1,6,6
340,0,Halo,halo,F1,0,0
340,1,Merupakan langkah yang baik bila telah melakukan pemeriksaan kepada dokter spesialis kandungan dan kebidanan,rupa langkah laku periksa dokter spesialis kandung bidan,F4,0,0
340,2,Dokter spesialis tersebut tentu saja kompeten dan memiliki pengalaman terkait dengan kondisi ibu saat ini,dokter spesialis kompeten milik alam kait kondisi,F4,0,0
340,3,Bila mana masih terjadi keluhan ibu dapat kembali kontrol kepada dokter tersebut atau mencari pendapat kedua dari dokter spesialis kandungan dan kebidanan yang lain,keluh kontrol dokter cari dokter spesialis kandung bidan,F4,0,0
340,4,"Pada umumnya nyeri pada perut bagian bawah dapat disebabkan oleh: Kista ovarium atau gangguan lain pada ovarium, Endometriosis, Abrupsi plasenta atau gangguan lain pada plasenta saat hamil, Fibroid, Gangguan pada serviks seperti infeksi, radang, atau kanker, Kanker rahim, Radang saluran tuba atau salpingitis, Sakit perut akibat menstruasi, Ovulasi, Hamil di luar kandungan atau kehamilan ektopik, Keguguran, Penyakit radang panggul, Cedera, Penyakit Crohn, Gangguan usus, Radang usus buntu, Radang kandung kemih, Infeksi ginjal, Batu ginjal, Penyakit menular seksual seperti gonore atau sifilis, Divertikulitis, Patah tulang panggul",nyeri perut kista ovarium ganggu ovarium endometriosis abrupsi plasenta ganggu plasenta hamil fibroid ganggu serviks infeksi radang kanker kanker rahim radang salur tuba salpingitis sakit perut akibat menstruasi ovulasi hamil kandung hamil ektopik gugur sakit radang panggul cedera sakit crohn ganggu usus radang usus buntu radang kandung kemih infeksi ginjal batu ginjal sakit tular seksual gonore sifilis divertikulitis patah tulang panggul,F3,1,1
340,5,Memang terdapat cukup banyak kemungkinan yang dapat menyebabkan keluhan seperti yang ibu rasakan,keluh,F3,2,2
340,6,"Jangan takut untuk kembali melakukan aktifitas hubungan suami istri, dan bila kembali terjadi keluhan serupa segeralah melakukan pemeriksaan kembali",takut laku aktifitas hubung suami istri keluh rupa laku periksa,F5,2,2
340,7,Semoga bermanfaat,moga manfaat,F1,2,2
341,0,"Halo Heny, Terima kasih atas pertanyaannya",halo heny terima kasih,F1,0,0
341,1,Sakit yang dirasakan dari bagian belakang hingga ke arah paha dapat disebabkan oleh dua kondisi berikut: batu ginjal,sakit arah paha kondisi batu ginjal,F4,1,1
341,2,Batu ginjal akan menyebabkan nyeri terutama bila melewati ureter (saluran yang menghubungkan ginjal dengan kandung kemih),batu ginjal nyeri utama ureter salur hubung ginjal kandung kemih,F3,1,1
341,3,"Nyeri berupa nyeri yang hilang timbul dari pinggang atas menuju ke area perut depan, selangkangan, atau paha bagian dalam",nyeri rupa nyeri hilang timbul pinggang tuju area perut selangkang paha,F3,1,1
341,4,"Biasanya selain nyeri, penderita juga merasakan nyeri ketika berkemih, frekuensi buang air kecil yang meningkat, perubahan warna air kencing menjadi keruh atau berdarah, air kencing berbau tidak enak, mual, muntah",nyeri derita nyeri kemih frekuensi buang air tingkat ubah warna air kencing keruh darah air kencing bau enak mual muntah,F3,1,1
341,5,"Nyeri sciatica, nyeri yang muncul sesuai dengan alur saraf sciatica yang berasal dari pinggang bawah ke arah pinggul, bokong, dan masing - masing kaki",nyeri sciatica nyeri muncul sesuai alur saraf sciatica pinggang arah pinggul bokong kaki,F3,2,2
341,6,Biasanya nyeri ini hanya terjadi pada satu kaki,nyeri kaki,F3,2,2
341,7,"Nyeri ini umumnya disebabkan oleh penonjolan bantalan tulang belakang (herniated nucleus pulposus / HNP), adanya pengapuran pada ruas tulang belakang, atau adanya penyempitan tulang belakang yang menekan saraf ini",nyeri tonjol bantal tulang herniated nucleus pulposus hnp kapur ruas tulang sempit tulang tekan saraf,F3,2,2
341,8,"Penekanan saraf ini menyebabkan peradangan, nyeri, dan rasa kebas pada kaki",tekan saraf radang nyeri kebas kaki,F3,2,2
341,9,"Nyeri biasanya terasa dari pinggang belakang bagian bawah kemudian menjalar ke bokong, paha, dan kaki bagian belakang",nyeri pinggang jalar bokong paha kaki,F3,2,2
341,10,"Nyeri dapat dideskripsikan sebagai nyeri tumpul, nyeri tajam, atau nyeri seperti tersetrum",nyeri deskripsi nyeri tumpul nyeri tajam nyeri setrum,F3,2,2
341,11,Sebaiknya Anda memeriksakan diri ke dokter terlebih dahulu agar dokter dapat memastikan penyebab keluhan Anda dengan melakukan pemeriksaan pada Anda,periksa dokter dokter keluh laku periksa,F5,3,3
341,12,"Tanpa pemeriksaan dokter, penyebabnya tidak dapat diketahui",periksa dokter,F5,3,3
341,13,"Untuk sementara, Anda dapat minum obat pereda nyeri seperti ibuprofen, diklofenak, atau ketoprofen",minum obat reda nyeri ibuprofen diklofenak ketoprofen,F5,3,3
341,14,Jagalah asupan cairan Anda setidaknya 2 liter dalam sehari,jaga asupan cair liter,F5,3,3
341,15,Semoga membantu,moga bantu,F1,3,3
341,16,Dr Aloisia,dr aloisia,F1,3,3
342,0,"Halo Nola, Terima kasih atas pertanyaannya",halo nola terima kasih,F1,0,0
342,1,"Kista ada banyak jenisnya, misalnya kista ovarium, kista dermoid, kista ginjal, kista payudara, dan sebagainya",kista jenis kista ovarium kista dermoid kista ginjal kista payudara,F3,1,1
342,2,"Kista merupakan suatu jenis tumor jinak, berupa kantung yang berisi cairan",kista rupa jenis tumor jinak rupa kantung isi cair,F3,1,1
342,3,"Tidak semua kista perlu ditangani lebih lanjut, termasuk dengan operasi",kista tangan masuk operasi,F3,1,1
342,4,"Karenanya, perlu diperjelas dulu kista apa yang ibu Anda alami?",kista alami,F2,1,1
342,5,Batu ginjal bisa terbentuk akibat komponen urin yang mengkristal,batu ginjal bentuk akibat komponen urin kristal,F3,1,1
342,6,"Kondisi ini bisa terjadi karena beragam faktor, misalnya dehidrasi, menjalani pola diet tertentu (terutama diet tinggi protein hewani, garam, dan gula), gangguan pencernaan (misalnya radang usus atau diare kronis), infeksi saluran kemih berulang",kondisi agam faktor dehidrasi jalan pola diet utama diet protein hewani garam gula ganggu cerna radang usus diare kronis infeksi salur kemih ulang,F3,1,1
342,7,"Efek samping obat tertentu, sistinuria, hiperparatiroidisme, dan banyak lagi faktor lainnya",efek samping obat sistinuria hiperparatiroidisme faktor,F3,1,1
342,8,"Sebagaimana kista, tidak semua kasus batu ginjal juga perlu ditangani dengan operasi",kista batu ginjal tangan operasi,F3,2,2
342,9,"Batu ginjal yang ukurannya kecil, kerap kali bisa luruh dengan sendirinya asalkan penderita banyak minum dan diberikan obat tertentu",batu ginjal ukur kerap kali luruh derita minum obat,F3,2,2
342,10,"Penanganan lain selain operasi, misalnya ESWL (extracorporeal shock wave lithotripsy) terkadang juga bisa dilakukan untuk mengatasi batu ginjal",tangan operasi eswl extracorporeal shock wave lithotripsy terkadang laku batu ginjal,F3,2,2
342,11,"Karena itu, sebelum khawatir berlebihan, baiknya Anda dampingi ibu Anda memeriksakan dulu kondisinya ke dokter",khawatir damping periksa kondisi dokter,F5,2,2
342,12,Yang paling berhak menentukan seperti apa penanganan terbaik atas kista dan batu ginjal yang dialaminya tentulah dokter yang memeriksanya secara langsung,hak tangan kista batu ginjal alami dokter periksa langsung,F4,2,2
342,13,"Bila pun benar perlu dilakukan operasi, maka dokter jugalah yang akan menentukan kapan operasi tersebut akan dilakukan, mana yang harus didahulukan, dan mana yang bisa ditunda",laku operasi dokter operasi laku tunda,F4,3,3
342,14,Semoga membantu ya,moga bantu ya,F1,3,3
343,0,"Halo, terima kasih atas pertanyaannya",halo terima kasih,F1,0,0
343,1,"Anyang - anyangan biasanya merupakan istilah awam yang ditujukan untuk sensasi ingin terus buang air kecil, disertai rasa nyeri, buang air kecil sedikit - sedikit, dan tidak lampias",anyang anyang rupa istilah awam tuju sensasi buang air nyeri buang air lampias,F3,0,0
343,2,Mengkonsumsi air hangat seusai air dingin semestinya tidak lantas menyebabkan anyang - anyangan,mengkonsumsi air hangat air dingin mesti lantas anyang anyang,F4,0,0
343,3,"Lebih sering, anyang - anyangan muncul karena gangguan kandung kemih dan / atau saluran kemih, seperti sistitis, infeksi saluran kemih, overactive bladder, batu kandung kemih, kanker kandung kemih, dan sebagainya",anyang anyang muncul ganggu kandung kemih salur kemih sistitis infeksi salur kemih overactive bladder batu kandung kemih kanker kandung kemih,F3,1,1
343,4,Beragam kondisi ini bisa pula mencetuskan nyeri pinggang belakang hingga ke dada sebagaimana yang kerap Anda rasakan,agam kondisi cetus nyeri pinggang dada kerap,F3,1,1
343,5,"Tidak hanya itu, anyang - anyangan dan juga nyeri di pinggang belakang hingga dada mungkin pula terjadi akibat pencetus lain, seperti: Gangguan ginjal, contohnya karena batu, infeksi, kanker Gangguan prostat (pada pria), contohnya benign prostatic hyperplasia, prostatitis, kanker Gangguan rahim dan sekitarnya (pada wanita), contohnya endometriosis, radang panggul, miom, kanker serviks",anyang anyang nyeri pinggang dada akibat cetus ganggu ginjal contoh batu infeksi kanker ganggu prostat pria contoh benign prostatic hyperplasia prostatitis kanker ganggu rahim wanita contoh endometriosis radang panggul miom kanker serviks,F3,1,1
343,6,"Faktor lain, seperti berlebihan minum minuman berkafein, dehidrasi, syaraf kejepit, fibromyalgia, gangguan cemas berlebih, gangguan psikosomatis, dan sebagainya",faktor minum minum berkafein dehidrasi syaraf jepit fibromyalgia ganggu cemas ganggu psikosomatis,F3,2,2
343,7,"Lebih tepat, Anda tangani dulu keluhan Anda dengan lebih rajin minum terutama air putih, jangan dulu minum minuman bersoda dan berkafein, jangan pula berlebihan mengkonsumsi makanan dan minuman yang berpemanis buatan, jangan gemar menahan buang air besar ataupun kecil, kompres hangat pinggang dan dada yang nyeri, perbaiki kebersihan organ intim Anda, teratur berolahraga, jangan stres atau cemas berlebihan, dan jangan juga Anda sembarangan minum obat tanpa saran dokter",tangan keluh rajin minum utama air putih minum minum soda berkafein mengkonsumsi makan minum berpemanis gemar tahan buang air kompres hangat pinggang dada nyeri bersih organ intim atur olahraga stres cemas sembarang minum obat saran dokter,F3,2,2
343,8,"Apabila keluhan justru memburuk di hari - hari ke depan, jangan segan periksa kembali ke dokter terdekat",keluh buruk segan periksa dokter,F5,3,3
343,9,"Jika dirasa perlu, bisa jadi nantinya Anda akan dirujuk ke dokter spesialis yang tepat, seperti syaraf , penyakit dalam , atau bedah urologi",rujuk dokter spesialis syaraf sakit bedah urologi,F5,3,3
343,10,Semoga membantu ya,moga bantu ya,F1,3,3
344,0,Hai,hai,F1,0,0
344,1,"Nyeri saat berkemih yang disertai dengan pengeluaran darah kemungkinan merupakan suatu Infeksi saluran kemih / ISK , yaitu infeksi dan peradangan pada saluran kemih yang disebabkan oleh bakteri",nyeri kemih darah rupa infeksi salur kemih isk infeksi radang salur kemih bakteri,F4,1,1
344,2,Gejalanya adalah: Nyeri saat berkemih,gejala nyeri kemih,F3,1,1
344,3,Sering ingin berkemih,kemih,F3,1,1
344,4,Warna Urin menjadi keruh,warna urin keruh,F3,1,1
344,5,Urin berbau menyengat,urin bau sengat,F3,1,1
344,6,Urin dapat bercampur darah,urin campur darah,F3,1,1
344,7,Penanganan ISK meliputi pemberian obat pereda nyeri dan antibiotik yang sesuai dan dikonsumsi menurut petunjuk Dokter,tangan isk liput obat reda nyeri antibiotik sesuai konsumsi dokter,F3,1,1
344,8,"Namun demikian, nyeri saat berkemih dapat pula diakibatkan oleh penyebab yang lain seperti: Batu kandung kemih Batu ginjal",nyeri kemih akibat batu kandung kemih batu ginjal,F3,1,1
344,9,Infeksi ginjal,infeksi ginjal,F3,1,1
344,10,Kanker prostat Gonore,kanker prostat gonore,F3,1,1
344,11,Trikomoniasis,trikomoniasis,F3,1,1
344,12,Klamidia,klamidia,F3,1,1
344,13,Herpes genital dan lainnya,herpes genital,F3,1,1
344,14,Untuk memastikan penyebabnya sebaiknya Anda memeriksakan diri ke Dokter,periksa dokter,F5,2,2
344,15,"Dokter akan melakukan pemeriksaan fisik dan jika diperlukan pemeriksaan penunjang seperti tes urine, tes darah, USG, X - Ray, dan lainnya",dokter laku periksa fisik periksa tunjang tes urine tes darah usg x ray,F5,2,2
344,16,Penanganan yang tepat akan diberikan sesuai dengan penyebab yang mendasarinya,tangan sesuai dasar,F5,3,3
344,17,Berikut anjuran yang dapat dilakukan: Istirahat cukup dan tidur yang cukup,anjur laku istirahat tidur,F5,3,3
344,18,Makan secara teratur dengan pola gizi seimbang untuk menjaga daya tahan tubuh,makan atur pola gizi imbang jaga daya tahan tubuh,F5,3,3
344,19,"Konsumsi banyak air putih agar saluran kemih terbilas bersih secara teratur, sehingga kuman tidak sempat berkembang biak",konsumsi air putih salur kemih bilas bersih atur kuman kembang biak,F5,4,4
344,20,Jangan menahan keinginan untuk berkemih,tahan kemih,F5,4,4
344,21,Buang air kecil secara teratur,buang air atur,F5,4,4
344,22,Menjaga kebersihan area kelamin,jaga bersih area kelamin,F5,4,4
344,23,Baca laman artikel terkait berikut ini: Infeksi saluran kemih / ISK,baca laman artikel kait infeksi salur kemih isk,F5,5,5
344,24,Demikian semoga bermanfaat,moga manfaat,F1,5,5
344,25,"Salam, dr Muliani Sukiman",salam dr muliani sukiman,F1,6,6
345,0,Halo Salsa Billa,halo salsa billa,F1,0,0
345,1,Nyeri perut banyak sekali penyebabnya,nyeri perut,F3,1,1
345,2,"Pada perut bagian kanan wanita, banyak organ yang terdapat di dalamnya, diantaranya adalah hati, usus, usus buntu, ovarium (indung telur), saluran telur, ginjal, ureter, pembuluh darah, persarafan, otot bahkan kulit",perut kanan wanita organ hati usus usus buntu ovarium indung telur salur telur ginjal ureter buluh darah saraf otot kulit,F3,1,1
345,3,Semua organ tersebut bisa saja menimbulkan nyeri jika terdapat gangguan,organ timbul nyeri ganggu,F3,2,2
345,4,"Karena itu, jika ada keluhan nyeri perut, perlu dikaji lebih lanjut, dari tanya jawab medis, pemeriksaan fisik dan pemeriksaan penunjang misalnya USG, rontgen, pemeriksaan darah dan lain sebagainya",keluh nyeri perut kaji medis periksa fisik periksa tunjang usg rontgen periksa darah,F3,2,2
345,5,Berikut ini sebagian kemungkinan penyakit yang dapat menyebabkan nyeri perut kanan : Peradangan usus buntu,sakit nyeri perut kanan radang usus buntu,F3,2,2
345,6,Hepatitis,hepatitis,F3,3,3
345,7,Peradangan empedu / batu empedu,radang empedu batu empedu,F3,3,3
345,8,Kista ovarium,kista ovarium,F3,3,3
345,9,Salpingitis (peradangan pada indung telur dan saluran telur),salpingitis radang indung telur salur telur,F3,3,3
345,10,Batu ginjal atau infeksi ginjal,batu ginjal infeksi ginjal,F3,3,3
345,11,Batu ureter Gastroenteritis atau peradangan saluran cerna,batu ureter gastroenteritis radang salur cerna,F3,3,3
345,12,Colitis (peradangan usus besar),colitis radang usus,F3,3,3
345,13,Endometriosis,endometriosis,F3,3,3
345,14,Tumor pada rongga perut,tumor rongga perut,F3,3,3
345,15,Gangguan psikis,ganggu psikis,F3,4,4
345,16,"Masih banyak penyebab lainnya, tidak bisa disebutkan satu persatu",,F3,4,4
345,17,"Mengingat nyeri yang Anda alami sudah berlangsung lama, sebaiknya segera memeriksakan diri ke dokter",nyeri alami langsung periksa dokter,F5,4,4
345,18,"Dokter akan melakuan tanya jawab, pemeriksaan fisik da jika perlu akan melakukan pemeriksaan penunjang seperti USG, rontgen, pemeriksaan darah, CT scan, dan pemeriksaan lain",dokter laku periksa fisik da laku periksa tunjang usg rontgen periksa darah ct scan periksa,F5,4,4
345,19,"Setelah itu, dokter akan menentukan penanganan yang sesuai untuk Anda",dokter tangan sesuai,F5,5,5
345,20,"Semoga bermanfaat ya, dr Mega",moga manfaat ya dr mega,F1,6,6
346,0,Hai,hai,F1,0,0
346,1,Sakit perut kiri tersebut diantaranya dapat disebabkan oleh: infeksi saluran kemih,sakit perut kiri infeksi salur kemih,F3,0,0
346,2,batu ginjal,batu ginjal,F3,0,0
346,3,kista ovarium,kista ovarium,F3,0,0
346,4,Endometriosis,endometriosis,F3,0,0
346,5,radang pada usus besar,radang usus,F3,0,0
346,6,"infeksi pada tuba falopi, ovarium, atau leher rahim",infeksi tuba falopi ovarium leher rahim,F3,0,0
346,7,Cobalah untuk perbanyak minum air mineral dan tidak menahan rasa saat ingin BAK,coba minum air mineral tahan bak,F3,1,1
346,8,Bersihkan dari arah depan ke belakang setelah buang air kecil maupun besar,bersih arah buang air,F3,1,1
346,9,"Jika keluhan masih berlanjut, disarankan agar Anda periksa ke dokter",keluh saran periksa dokter,F5,2,2
346,10,"Pemeriksaan fisik dan tes penunjang seperti tes urin, atau USG, dapat membantu untuk mengetahui penyebabnya",periksa fisik tes tunjang tes urin usg bantu,F5,2,2
346,11,Sehingga dapat segera diberikan penanganan yang tepat,tangan,F5,3,3
346,12,Halaman berikut membahas Sakit perut sebelah kiri,halaman bahas sakit perut belah kiri,F5,3,3
346,13,"Semoga bermanfaat, dr Jessica",moga manfaat dr jessica,F1,4,4
347,0,Hai,hai,F1,0,0
347,1,Sakit perut bagian bawah dapat disebabkan oleh berbagai macam kemungkinan penyebab berikut ini: Radang usus,sakit perut radang usus,F3,1,1
347,2,Gangguan usus besar,ganggu usus,F3,1,1
347,3,Infeksi saluran kemih / ISK,infeksi salur kemih isk,F3,1,1
347,4,Infeksi ginjal,infeksi ginjal,F3,1,1
347,5,Batu ginjal,batu ginjal,F3,1,1
347,6,Penyakit radang panggul,sakit radang panggul,F3,1,1
347,7,Kista ovarium,kista ovarium,F3,1,1
347,8,Endometriosis,endometriosis,F3,1,1
347,9,"Kehamilan ektopik, dan sebagainya",hamil ektopik,F3,1,1
347,10,Sakit perut yang disebabkan oleh maag umumnya dirasakan pada perut sebelah kiri atas,sakit perut maag perut belah kiri,F3,1,1
347,11,"Tifus dapat saja menimbulkan keluhan sakit perut, namun umumnya disertai dengan gejala lainnya seperti demam, mual muntah, diare / konstipasi dan sebagainya",tifus timbul keluh sakit perut gejala demam mual muntah diare konstipasi,F3,1,1
347,12,Untuk memastikan penyebab dari keluhan yang Anda alami sebaiknya Anda berkonsultasi dengan dokter,keluh alami konsultasi dokter,F5,2,2
347,13,"Selain pemeriksaan fisik dokter akan melakukan tes penunjang seperti tes darah, tes urine, USG, X - Ray dan sebagainya",periksa fisik dokter laku tes tunjang tes darah tes urine usg x ray,F5,2,2
347,14,Dengan demikian penyebabnya dapat ditelusuri dan diberikan penanganan yang tepat,telusur tangan,F5,3,3
347,15,Berikut ini anjuran bagi Anda: Beristirahat cukup dan mengonsumsi makanan bergizi agar daya tahan tubuh terjaga,anjur istirahat konsumsi makan gizi daya tahan tubuh jaga,F5,3,3
347,16,"Hindari konsumsi makanan yang terlalu pedas, asam, berlemak atau menimbulkan gas",hindar konsumsi makan pedas asam lemak timbul gas,F5,3,3
347,17,Minum banyak air putih 2 - 3 liter sehari,minum air putih liter,F5,4,4
347,18,Jangan menahan keinginan untuk berkemih,tahan kemih,F5,4,4
347,19,Buang air kecil secara teratur,buang air atur,F5,4,4
347,20,Hindari memijat / mengurut bagian perut yang sakit,hindar pijat urut perut sakit,F5,5,5
347,21,Baca laman artikel berikut ini: Penyebab sakit perut bagian bawah,baca laman artikel sakit perut,F5,5,5
347,22,Demikian semoga bermanfaat,moga manfaat,F1,6,6
347,23,"Salam, dr Muliani Sukiman",salam dr muliani sukiman,F1,6,6
348,0,Halo fitri Terima kasih atas pertanyaannya,halo fitri terima kasih,F1,0,0
348,1,"Nyeri di panggul hingga terasa ke bokong kiri bisa terjadi salah satunya karena gangguan saluran kemih, contohnya karena batu ginjal, infeksi ginjal, sistitis, batu kandung kemih, kanker kandung kemih, infeksi saluran kemih, dan sebagainya",nyeri panggul bokong kiri salah ganggu salur kemih contoh batu ginjal infeksi ginjal sistitis batu kandung kemih kanker kandung kemih infeksi salur kemih,F3,1,1
348,2,Beragam gangguan di saluran kemih ini juga bisa membuat buang air kecil terasa nyeri dan mengandung darah sebagaimana yang Anda alami sebelumnya,agam ganggu salur kemih buang air nyeri kandung darah alami,F4,1,1
348,3,"Jadi memang, bisa saja keluhan Anda saat ini masih terkait dengan yang Anda alami sebelumnya",keluh kait alami,F4,1,1
348,4,"Bisa juga, nyeri yang saat ini Anda alami muncul karena gangguan di sistem organ lain, misalnya syaraf kejepit, radang panggul, radang usus, kista ovarium, endometriosis, peritonitis, gastroenteritis, neuropati perifer, fisura ani, wasir, cidera tulang belakang, tumor jinak atau ganas di sekitar rongga perut dan rongga panggul, dan sebagainya",nyeri alami muncul ganggu sistem organ syaraf jepit radang panggul radang usus kista ovarium endometriosis peritonitis gastroenteritis neuropati perifer fisura ani wasir cidera tulang tumor jinak ganas rongga perut rongga panggul,F3,1,1
348,5,"Jika nyeri yang Anda rasakan sangat mengganggu, kami himbau Anda untuk memeriksakan diri langsung ke dokter atau dokter syaraf",nyeri ganggu himbau periksa langsung dokter dokter syaraf,F5,2,2
348,6,"Melalui pemeriksaan fisik langsung, atau dibantu dengan pemeriksaan penunjang, seperti rontgen, USG, tes urin, dan sebagainya, seringnya dokter sudah mampu mengidentifikasi penyebab keluhan Anda, lantas memberinya penanganan terbaik",periksa fisik langsung bantu periksa tunjang rontgen usg tes urin dokter identifikasi keluh lantas tangan,F5,2,2
348,7,"Untuk saat ini, keluhan Anda bisa diredakan dulu dengan: Kompres hangat area yang nyeri atau minum paracetamol guna meminimalisasi nyerinya",keluh reda kompres hangat area nyeri minum paracetamol minimal nyeri,F5,3,3
348,8,Tidak sembarangan mengurut area yang nyeri,sembarang urut area nyeri,F5,3,3
348,9,"Perbanyak beristirahat, gunakan alas yang datar dan nyaman, kenakan juga pakaian yang longgar",istirahat alas datar nyaman kena pakai longgar,F5,3,3
348,10,Jangan gemar menahan buang air kecil maupun besar,gemar tahan buang air,F5,3,3
348,11,Perbanyak minum air putih,minum air putih,F5,3,3
348,12,Teratur berolahraga,atur olahraga,F5,3,3
348,13,Jangan dulu berlebihan mengangkat benda berat,angkat benda berat,F5,3,3
348,14,Semoga membantu ya,moga bantu ya,F1,3,3
349,0,Hai Pradhytaarya,hai pradhytaarya,F1,0,0
349,1,Kencing darah pada dasarnya dapat diakibatkan oleh berbagai kemungkinan penyebab berikut ini: Infeksi saluran kemih / ISK,kencing darah dasar akibat infeksi salur kemih isk,F3,1,1
349,2,Infeksi ginjal,infeksi ginjal,F3,1,1
349,3,Batu ginjal,batu ginjal,F3,1,1
349,4,Batu kandung kemih,batu kandung kemih,F3,1,1
349,5,Pembengkakan prostat,bengkak prostat,F3,1,1
349,6,Kanker prostat dan sebagainya,kanker prostat,F3,1,1
349,7,"Untuk memastikan penyebabnya tentunya diperlukan pemeriksaan lebih lanjut oleh dokter, baik melalui pemeriksaan fisik maupun tes penunjang jika diperlukan (tes urine, tes darah, USG, X - Ray dan sebagainya)",periksa dokter periksa fisik tes tunjang tes urine tes darah usg x ray,F3,2,2
349,8,Sebaiknya Anda berkonsultasi dengan dokter agar penyebabnya dapat ditelusuri sehingga penanganan yang tepat dapat diberikan,konsultasi dokter telusur tangan,F5,2,2
349,9,Berikut ini anjuran yang dapat Anda lakukan: Perbanyak konsumsi air putih 10 - 12 gelas sehari agar saluran kemih terbilas secara teratur,anjur laku konsumsi air putih gelas salur kemih bilas atur,F5,3,3
349,10,Hindari kebiasaan menahan keinginan untuk berkemih,hindar tahan kemih,F5,3,3
349,11,Buang air kecil secara teratur,buang air atur,F5,3,3
349,12,Hindari mengurut / memijat bagian perut yang sakit,hindar urut pijat perut sakit,F5,3,3
349,13,Beristirahat cukup dan konsumsi makanan bergizi untuk menjaga daya tahan tubuh,istirahat konsumsi makan gizi jaga daya tahan tubuh,F5,3,3
349,14,Baca laman artikel berikut ini: Penyebab kencing darah,baca laman artikel kencing darah,F5,4,4
349,15,Demikian semoga bermanfaat,moga manfaat,F1,4,4
349,16,dr Muliani Sukiman,dr muliani sukiman,F1,4,4
350,0,Hai Ade,hai ade,F1,0,0
350,1,Sampai saat ini belum ada pengobatan yang terbukti secara medis bermanfaat untuk menghancurkan batu ginjal,obat bukti medis manfaat hancur batu ginjal,F4,1,1
350,2,"Berdasarkan statistik, batu ginjal yang berukuran kurang dari 0,7 cm masih dapat keluar dengan sendirinya melalui buang air kecil",dasar statistik batu ginjal ukur cm buang air,F3,1,1
350,3,Penanganan yang dilakukan antara lain: Banyak konsumsi air putih minimal 2 - 3 liter per hari untuk mendorong batu keluar,tangan laku konsumsi air putih minimal liter dorong batu,F3,1,1
350,4,Mengkonsumsi obat pereda nyeri seperti paracetamol atau ibuprofen,mengkonsumsi obat reda nyeri paracetamol ibuprofen,F3,1,1
350,5,Obat pelebar saluran kemih sehingga memudahkan batu ginjal keluar,obat lebar salur kemih mudah batu ginjal,F3,1,1
350,6,Pada batu yang berukuran lebih besar diperlukan penanganan berupa tindakan medis seperti: Penghancuran dengan gelombang suara (ESWL / extracorporeal shock wave lithotripsy),batu ukur tangan rupa tindak medis hancur gelombang suara eswl extracorporeal shock wave lithotripsy,F3,1,1
350,7,"Pengangkatan batu ginjal dengan metode operasi, ureteronoskopi, bedah terbuka, dan lain sebagainya",angkat batu ginjal metode operasi ureteronoskopi bedah buka,F3,1,1
350,8,"Informasi dan diskusi terkait dapat Anda baca pada artikel berikut: Pengobatan batu ginjal, Metode penghancuran batu ginjal",informasi diskusi kait baca artikel obat batu ginjal metode hancur batu ginjal,F5,1,1
350,9,Semoga membantu ya,moga bantu ya,F1,2,2
350,10,Terima kasih,terima kasih,F1,2,2
350,11,dr Yan william,dr yan william,F1,2,2
351,0,Lina yang baik,lina,F1,0,0
351,1,"Kondisi perut kiri seseorang berisikan organ pencernaan seperti usus, sistem kemih dan sebagian dari organ reproduksi wanita yakni ovarium",kondisi perut kiri orang berisik organ cerna usus sistem kemih organ reproduksi wanita ovarium,F3,0,0
351,2,Nyeri perut kiri bawah yang dirasakan dapat berasal dari masalah di komponen tersebut,nyeri perut kiri komponen,F3,0,0
351,3,Adapun nyeri perut kiri bawah dapat disebabkan oleh : infeksi atau batu ginjal robekan usus besar radang usus buntu (yang diikuti juga dengan nyeri perut kanan bawah),nyeri perut kiri infeksi batu ginjal robek usus radang usus buntu nyeri perut kanan,F3,0,0
351,4,Cedera gastritis atau peradangan lambung kista ovarium,cedera gastritis radang lambung kista ovarium,F3,0,0
351,5,Rasa sakit ovulasi endometriosis,sakit ovulasi endometriosis,F3,0,0
351,6,Masalah pada leher rahim,leher rahim,F3,0,0
351,7,"Sementara darah yang ditemukan pada celana dalam dapat berasal dari organ kemih seperti batu saluran kemih, organ pencernaan seperti wasir, maupun masalah pada daerah reproduksi seperti leiomyoma, polip, adenomiosis, dan lain sebagainya",darah temu celana organ kemih batu salur kemih organ cerna wasir daerah reproduksi leiomyoma polip adenomiosis,F3,0,0
351,8,"Semua ini tentu memerlukan evaluasi tambahan seperti USG, Foto Rontgen dan lain sebagainya",evaluasi usg foto rontgen,F3,1,1
351,9,Nyeri sementara dapat diatasi dengan konsumsi penahan nyeri yang dijual bebas seperti paracetamol atau ibuprofen tentunya dengan memperhatikan petunjuk pemakaian yang ada,nyeri konsumsi tahan nyeri jual bebas paracetamol ibuprofen hati pakai,F3,1,1
351,10,Konsumsilah cukup cairan dan bila keluhan berlanjut jangan ragu memeriksakan diri ke dokter,konsumsi cair keluh ragu periksa dokter,F5,1,1
351,11,Berikut kami lampirkan artikel mengenai penyebab sakit perut sebelah kiri,lampir artikel kena sakit perut belah kiri,F5,1,1
351,12,Semoga bermanfaat,moga manfaat,F1,1,1
351,13,Dr N K Arief,dr n k arief,F1,2,2
352,0,Hai,hai,F1,0,0
352,1,Sakit perut bagian bawah dan pinggang sebelah kiri dapat diakibatkan oleh berbagai kemungkinan penyebab berikut ini: Infeksi saluran kemih / ISK,sakit perut pinggang belah kiri akibat infeksi salur kemih isk,F3,0,0
352,2,Infeksi ginjal,infeksi ginjal,F3,0,0
352,3,Batu ginjal,batu ginjal,F3,0,0
352,4,Sindrom iritasi usus,sindrom iritasi usus,F3,0,0
352,5,Gangguan usus besar,ganggu usus,F3,0,0
352,6,Penyakit radang panggul,sakit radang panggul,F3,0,0
352,7,Kista ovarium,kista ovarium,F3,0,0
352,8,Kehamilan ektopik,hamil ektopik,F3,0,0
352,9,Endometriosis dan sebagainya,endometriosis,F3,0,0
352,10,"Untuk memastikan penyebabnya diperlukan pemeriksaan lebih lanjut, baik melalui pemeriksaan fisik maupun tes penunjang seperti tes urine, tes darah, USG, X - Ray, CT Scan dan sebagainya",periksa periksa fisik tes tunjang tes urine tes darah usg x ray ct scan,F3,1,1
352,11,Jika keluhan terus berlanjut sebaiknya Anda berkonsultasi dengan dokter agar dapat ditelusuri penyebabnya sehingga dapat diberikan penanganan yang tepat,keluh konsultasi dokter telusur tangan,F5,2,1
352,12,Berikut ini anjuran yang dapat Anda lakukan: Istirahat cukup dan tidur yang cukup,anjur laku istirahat tidur,F5,3,2
352,13,Mengonsumsi makanan bergizi untuk menjaga daya tahan tubuh,konsumsi makan gizi jaga daya tahan tubuh,F5,3,2
352,14,Minum cukup air putih 2 - 3 liter sehari,minum air putih liter,F5,3,2
352,15,Jangan menahan keinginan untuk berkemih,tahan kemih,F5,3,2
352,16,Buang air kecil secara teratur,buang air atur,F5,3,2
352,17,Hindari mengurut / memijat area perut dan pinggang yang sakit,hindar urut pijat area perut pinggang sakit,F5,4,3
352,18,"Baca artikel berikut ini: Penyebab nyeri perut bagian kiri, Sakit pinggang sebelah kiri",baca artikel nyeri perut kiri sakit pinggang belah kiri,F5,4,3
352,19,Demikian semoga bermanfaat,moga manfaat,F1,4,4
352,20,dr Muliani Sukiman,dr muliani sukiman,F1,4,4
353,0,Hai,hai,F1,0,0
353,1,"Keluhan tersebut dapat disebabkan oleh: infeksi saluran kemih, batu kandung kemih atau batu ginjal infeksi ginjal, penyakit menular seksual",keluh infeksi salur kemih batu kandung kemih batu ginjal infeksi ginjal sakit tular seksual,F3,0,0
353,2,"Usahakan untuk banyak minum air mineral, dan tidak menahan rasa saat ingin buang air kecil",usaha minum air mineral tahan buang air,F3,0,0
353,3,Bersihkan dari arah depan ke belakang setelah buang air kecil maupun besar,bersih arah buang air,F3,0,0
353,4,"Setelah berhubungan seksual, basuh vagina dan coba buang air kecil",hubung seksual basuh vagina coba buang air,F3,0,0
353,5,"Jika keluhan masih berlanjut, disarankan agar Anda periksa ke dokter",keluh saran periksa dokter,F5,1,1
353,6,"Sehingga dapat dilakukan pemeriksaan fisik dan tes penunjang seperti tes darah, tes urin, atau USG",laku periksa fisik tes tunjang tes darah tes urin usg,F5,1,1
353,7,"Penanganan yang tepat akan diberikan sesuai dengan hasil pemeriksaan, dengan jenis dan dosis obat yang sesuai",tangan sesuai hasil periksa jenis dosis obat sesuai,F5,1,1
353,8,"Semoga bermanfaat, dr Jessica W",moga manfaat dr jessica w,F1,1,1
354,0,Hai,hai,F1,0,0
354,1,Penyebab sakit perut bagian kanan dan pinggang kanan diantaranya: batu ginjal,sakit perut kanan pinggang kanan batu ginjal,F3,0,0
354,2,infeksi saluran kemih,infeksi salur kemih,F3,0,0
354,3,"cedera penyakit usus buntu, di mana nyeri terutama dirasakan di perut kanan bawah dan akan bertambah nyeri",cedera sakit usus buntu nyeri utama perut kanan nyeri,F3,0,0
354,4,hernia inguinal,hernia inguinal,F3,0,0
354,5,Kompres hangat dan obat pereda nyeri seperti parasetamol dapat diberikan sementara untuk meredakan nyeri yang ada,kompres hangat obat reda nyeri parasetamol reda nyeri,F3,0,0
354,6,Perbanyak minum air mineral dan tidak menahan rasa saat ingin buang air kecil,minum air mineral tahan buang air,F3,0,1
354,7,Hindari aktifitas atau olahraga yang melibatkan penggunaan otot perut atau pinggang kanan secara berlebihan,hindar aktifitas olahraga libat otot perut pinggang kanan,F3,0,2
354,8,"Jika keluhan masih berlanjut, disarankan agar Anda periksa ke dokter",keluh saran periksa dokter,F5,1,2
354,9,"Pemeriksaan fisik dan tes penunjang seperti tes urin atau USG, dapat membantu untuk mengetahui penyebabnya",periksa fisik tes tunjang tes urin usg bantu,F5,1,2
354,10,Sehingga dapat diberikan penanganan yang sesuai,tangan sesuai,F5,1,2
354,11,Halaman berikut membahas Sakit perut kanan dan Sakit pinggang,halaman bahas sakit perut kanan sakit pinggang,F5,2,2
354,12,"Semoga bermanfaat, dr Jessica",moga manfaat dr jessica,F1,3,3
355,0,Hai,hai,F1,0,0
355,1,"Nyeri saat buang air kecil dapat disebabkan oleh infeksi saluran kemih / ISK, yaitu peradangan pada saluran kemih akibat infeksi bakteri",nyeri buang air infeksi salur kemih isk radang salur kemih akibat infeksi bakteri,F4,1,1
355,2,"Gejala lain yang dapat timbul adalah nyeri perut bagian bawah, sering buang air kecil, buang air kecil sedikit - sedikit, Urin berbau, dan sebagainya",gejala timbul nyeri perut buang air buang air urin bau,F3,1,1
355,3,Selain itu nyeri saat buang air kecil dapat pula disebabkan oleh gangguan pada ginjal seperti infeksi ginjal ataupun batu ginjal,nyeri buang air ganggu ginjal infeksi ginjal batu ginjal,F3,1,1
355,4,"Beberapa jenis penyakit menular seksual seperti gonore, klamidia, atau trikomoniasis dapat pula menimbulkan gejala nyeri saat buang air kecil",jenis sakit tular seksual gonore klamidia trikomoniasis timbul gejala nyeri buang air,F3,1,1
355,5,"Gejala lain yang dapat timbul adalah keluarnya cairan dari penis, nyeri pada penis / testis, dan sebagainya",gejala timbul cair penis nyeri penis testis,F3,1,1
355,6,"Namun tidak semua keluhan ini selalu muncul, pada kasus tertentu bahkan tidak timbul gejala apapun sehingga infeksinya seringkali tidak disadari",keluh muncul timbul gejala infeksi seringkali sadar,F3,1,1
355,7,Untuk menentukan pengobatan yang tepat tentunya terlebih dahulu harus diketahui penyebab yang mendasarinya,obat dasar,F3,2,2
355,8,Jika keluhan terus berlanjut sebaiknya konsultasikan dengan dokter agar dapat dilakukan pemeriksaan lebih lanjut,keluh konsultasi dokter laku periksa,F5,2,2
355,9,"Dokter akan melakukan pemeriksaan klinis dan menganjurkan tes medis yang dibutuhkan seperti tes urine, USG dan sebagainya",dokter laku periksa klinis anjur tes medis butuh tes urine usg,F5,2,2
355,10,Dengan demikian maka penyebabnya akan dapat diidentifikasi dan diberikan penanganan yang tepat,identifikasi tangan,F5,2,2
355,11,Anda dianjurkan untuk: Tidur yang cukup dan istirahat cukup,anjur tidur istirahat,F5,3,3
355,12,Konsumsi makanan bergizi untuk menjaga daya tahan tubuh,konsumsi makan gizi jaga daya tahan tubuh,F5,3,3
355,13,Minum banyak air putih 2 - 3 liter sehari agar saluran kemih terbilas secara teratur sehingga bakteri tidak sempat berkembang biak,minum air putih liter salur kemih bilas atur bakteri kembang biak,F5,3,3
355,14,Jangan menahan keinginan untuk berkemih,tahan kemih,F5,3,3
355,15,Buang air kecil secara teratur,buang air atur,F5,3,3
355,16,Menggunakan pengaman (kondom) saat berhubungan seksual,aman kondom hubung seksual,F5,4,4
355,17,"Baca laman artikel berikut ini: Nyeri saat buang air kecil Infeksi saluran kemih / ISK, Penyakit menular seksual / PMS",baca laman artikel nyeri buang air infeksi salur kemih isk sakit tular seksual pms,F5,4,4
355,18,Demikian semoga bermanfaat,moga manfaat,F1,4,4
355,19,"Salam, dr Muliani Sukiman",salam dr muliani sukiman,F1,5,5
356,0,Hai,hai,F1,0,0
356,1,"Sakit perut bagian tengah dan kiri dapat bersumber dari gangguan pada saluran pencernaan, organ reproduksi, maupun sistem saluran kemih",sakit perut kiri sumber ganggu salur cerna organ reproduksi sistem salur kemih,F3,1,1
356,2,Berikut ini berbagai kemungkinan penyebabnya: Gastritis (peradangan dinding lambung),gastritis radang dinding lambung,F3,1,1
356,3,Tukak lambung (luka pada dinding lambung),tukak lambung luka dinding lambung,F3,1,1
356,4,Penyakit asam lambung (aliran balik cairan lambung ke kerongkongan),sakit asam lambung alir cair lambung kerongkongan,F3,1,1
356,5,Pankreatitis (peradangan pankreas),pankreatitis radang pankreas,F3,2,2
356,6,Gangguan usus besar,ganggu usus,F3,2,2
356,7,Kista ovarium,kista ovarium,F3,2,2
356,8,Endometriosis,endometriosis,F3,2,2
356,9,Infeksi saluran kemih / ISK,infeksi salur kemih isk,F3,2,2
356,10,Infeksi ginjal,infeksi ginjal,F3,2,2
356,11,Batu ginjal dan sebagainya,batu ginjal,F3,2,2
356,12,Untuk memastikan penyebabnya tentunya diperlukan pemeriksaan lebih lanjut,periksa,F5,3,3
356,13,Oleh karena itu jika keluhan terus berlanjut sebaiknya konsultasikan dengan dokter agar dapat ditelusuri penyebabnya,keluh konsultasi dokter telusur,F5,3,3
356,14,"Dokter akan melakukan wawancara dan pemeriksaan klinis untuk menilai keluhan yang timbul (lokasi nyeri, derajat nyeri, apakah nyeri menjalar dan sebagainya)",dokter laku wawancara periksa klinis nilai keluh timbul lokasi nyeri derajat nyeri nyeri jalar,F5,3,3
356,15,"Jika diperlukan tes medis tertentu akan dianjurkan untuk menelusuri lebih jauh seperti tes urine, USG, X - Ray, dan sebagainya",tes medis anjur telusur tes urine usg x ray,F5,3,3
356,16,Dengan demikian maka penanganan yang tepat akan dapat diberikan,tangan,F5,3,3
356,17,Berikut ini anjuran bagi Anda: Beristirahat dan tidur yang cukup,anjur istirahat tidur,F5,4,4
356,18,Konsumsi makanan bergizi dan jangan terlambat makan,konsumsi makan gizi lambat makan,F5,4,4
356,19,"Hindari konsumsi makanan yang asam, pedas, berlemak, atau makanan yang digoreng",hindar konsumsi makan asam pedas lemak makan goreng,F5,4,4
356,20,Jangan langsung berbaring setelah makan,langsung baring makan,F5,4,4
356,21,Minum banyak air putih minimal 2 - 3 liter sehari agar saluran kemih terbilas secara teratur,minum air putih minimal liter salur kemih bilas atur,F5,5,5
356,22,Jangan menahan keinginan untuk buang air kecil,tahan buang air,F5,5,5
356,23,Buang air kecil secara teratur,buang air atur,F5,5,5
356,24,"Hindari konsumsi kafein, alkohol dan rokok",hindar konsumsi kafein alkohol rokok,F5,6,6
356,25,Mengelola stres dengan baik,kelola stres,F5,6,6
356,26,Baca laman artikel berikut ini: Penyebab sakit perut sebelah kiri,baca laman artikel sakit perut belah kiri,F5,7,7
356,27,Demikian semoga bermanfaat,moga manfaat,F1,8,8
356,28,"Salam, dr Muliani Sukiman",salam dr muliani sukiman,F1,8,8
357,0,Hai Yuli,hai yuli,F1,0,0
357,1,Peluang seorang wanita untuk hamil dalam satu bulan adalah sekitar 15 sampai 25 persen,peluang orang wanita hamil persen,F3,1,1
357,2,"Tentu saja jika seseorang ingin cepat hamil, maka hubungan seksual harus rutin dilakukan, terutama pada masa subur",orang cepat hamil hubung seksual rutin laku utama subur,F3,1,1
357,3,"Untuk menghitung masa subur, dapat menggunakan patokan bahwa rata - rata wanita yang memiliki siklus menstruasi yang teratur mengalami masa subur pada 12 - 16 hari sebelum masa haid berikutnya",hitung subur patok wanita milik siklus menstruasi atur alam subur haid,F3,1,1
357,4,"Dengan rajin berhubungan Seksual pada masa subur tersebut, kemungkinan untuk hamil dapat meningkat",rajin hubung seksual subur hamil tingkat,F3,1,1
357,5,Pembuahan juga paling sering berhasil pada masa subur,buah hasil subur,F3,1,1
357,6,Lalu apa saja tanda - tanda dari kehamilan tersebut,tanda tanda hamil,F3,2,2
357,7,"Perubahan pada payudara, terasa lebih padat, sensitif, dan lebih kencang",ubah payudara padat sensitif kencang,F3,3,3
357,8,Puting juga menjadi lebih muncul dan lebih gelap,puting muncul gelap,F3,3,3
357,9,"Seorang wanita akan lebih sering buang air kecil, terutama pada malam hari, disebabkan adanya perubahan hormon dan pertumbuhan rahim yang dapat menekan kandung kemih, sehingga menimbulkan sensai ingin kencing yang sering",orang wanita buang air utama malam ubah hormon tumbuh rahim tekan kandung kemih timbul sensai kencing,F3,4,4
357,10,"Merasa sangat lelah, terutama pada 3 bulan masa kehamilan",lelah utama hamil,F3,4,4
357,11,"Kelelahan ini dapat terjadi karena meningkatnya kadar Progesteron dan perubahan pada produksi darah, detak jantung, dan metabolisme tubuh",lelah tingkat kadar progesteron ubah produksi darah detak jantung metabolisme tubuh,F3,5,5
357,12,Jangan mengonsumsi kafein untuk mengatasi kelelahan karena dapat membahayakan janin,konsumsi kafein lelah bahaya janin,F3,5,5
357,13,Mual dan muntah yang terjadi karena penumpukan asam lambung dan naiknya kadar hormon beta – HCG,mual muntah tumpuk asam lambung kadar hormon beta hcg,F3,5,5
357,14,"Sensitif terhadap bau, hal ini dapat juga merangsang mual yang terjadi selama masa kehamilan",sensitif hadap bau rangsang mual hamil,F3,6,6
357,15,Hilangnya nafsu makan,hilang nafsu makan,F3,6,6
357,16,"Konstipasi atau susah buang air besar karena pencernaan melambat, sehingga terjadi sembelit",konstipasi susah buang air cerna lambat sembelit,F3,6,6
357,17,"Suasana Hati yang mudah berubah, dipengaruhi oleh perubahan hormon",suasana hati mudah ubah pengaruh ubah hormon,F3,7,7
357,18,Pusing terkadang dapat ditemukan bercak darah dari Vagina selama sekitar 10 hari setelah pembuahan,pusing terkadang temu bercak darah vagina buah,F3,7,7
357,19,Terlambat datang bulan,lambat,F3,7,7
357,20,Kondisi diatas umumnya dialami oleh seorang wanita yang sedang dalam masa kehamilan,kondisi alami orang wanita hamil,F3,8,8
357,21,"Namun tetap ini bukanlah indikator pasti, seperti misalnya Nyeri perut juga dapat disebabkan karena adanya Diare atau Radang Usus, dan Sering buang air kecil juga dapat menjadi gejala dari Infeksi saluran kencing",indikator nyeri perut diare radang usus buang air gejala infeksi salur kencing,F3,9,9
357,22,"Jadi, keluhan yang dirasakan oleh teman anda masih mungkin merupakan tanda - tanda kehamilan, namun juga bisa merupakan gejala dari penyakit yang lain",keluh teman rupa tanda tanda hamil rupa gejala sakit,F3,10,10
357,23,Pemeriksaan pertama yang paling tepat dilakukan untuk membuktikan seseorang hamil atau tidak adalah Alat Pemeriksaan Kehamilan yang dijual bebas (Testpack),periksa laku bukti orang hamil alat periksa hamil jual bebas testpack,F3,11,11
357,24,"namun ini pun bisa menjadi tidak akurat, dan sebaiknya disarankan untuk menemui dokter kandungan untuk mendapatkan hasil yang pasti mengenai kehamilan",akurat saran temu dokter kandung hasil kena hamil,F3,12,11
357,25,"Namun jika hasilnya negatif, segeralah berkonsultasi dengan dokter penyakit dalam mengenai keluhan yang dirasakan",hasil negatif konsultasi dokter sakit kena keluh,F3,12,11
357,26,Beberapa Kondisi dengan gejala Nyeri perut dan sering buang air kecil adalah: Infeksi saluran kencing dan infeksi Kandung kemih,kondisi gejala nyeri perut buang air infeksi salur kencing infeksi kandung kemih,F3,13,12
357,27,Kandung kemih yang terlalu aktif,kandung kemih aktif,F3,13,12
357,28,Infeksi Ginjal,infeksi ginjal,F3,13,12
357,29,Batu ginjal,batu ginjal,F3,13,12
357,30,Kehamilan,hamil,F3,14,12
357,31,Diabetes,diabetes,F3,14,12
357,32,Gangguan Prostat,ganggu prostat,F3,14,12
357,33,Mengonsumsi obat - obatan,konsumsi obat obat,F3,14,13
357,34,Stroke atau penyakit saraf,stroke sakit saraf,F3,14,14
357,35,"Divertikulitis atau peradangan pada usus besar dan Faktor Psikologis, misalnya adalah kecemasan berlebihan",divertikulitis radang usus faktor psikologis cemas,F3,14,14
357,36,Segeralah berkonsultasi dengan dokter untuk mendapatkan pemeriksaan dan penanganan yang tepat,konsultasi dokter periksa tangan,F5,15,15
357,37,"Anda dapat juga membaca artikel berikut untuk menambah wawasan: Tanda - tanda Kehamilan Yang Wajib Diketahui, Menghitung Masa Subur Wanita Setelah Haid, Tips Jitu Cara Cepat Hamil",baca artikel wawas tanda tanda hamil wajib hitung subur wanita haid tips jitu cepat hamil,F5,15,15
357,38,Semoga penjelasan ini dapat membantu,moga bantu,F1,16,16
357,39,"Salam, dr Otniel Budi Krisetya",salam dr otniel budi krisetya,F1,16,16
358,0,"Halo Imron, terima kasih ya sudah bertanya di Alodokter",halo imron terima kasih ya alodokter,F1,0,0
358,1,"Membaca keluhan yang anda sampaikan, keluhan tersebut dapat saja disebabkan oleh : Batu ginjal / saluran kemih Infeksi saluran kemih",baca keluh keluh batu ginjal salur kemih infeksi salur kemih,F3,1,1
358,2,Peradangan pada ginjal (glomerulonefritis),radang ginjal glomerulonefritis,F3,1,1
358,3,Efek samping obat - obatan tertentu,efek samping obat obat,F3,2,2
358,4,"Dikarenakan keluhan nyeri anda sudah cukup lama dan saat ini disertai dengan perubahan BAK, maka sangat disarankan untuk memeriksakan keluhan tersebut lebih lanjut kepada dokter spesialis urologi untuk dilakukan pemeriksaan lebih lanjut",keluh nyeri ubah bak saran periksa keluh dokter spesialis urologi laku periksa,F5,2,2
358,5,"Dokter anda mungkin akan menganjurkan anda untuk melakukan beberapa pemeriksaan tambahan seperti misalnya pemeriksaan Urin rutin, USG saluran kemih, pemeriksaan fungsi ginjal atau pemeriksaan lainnya sesuai dengan pertimbangan, untuk menentukan apa penyebab keluhan anda dan juga untuk menentukan terapi / tindakan medis lanjutan yang sebaiknya diberikan / dilakukan",dokter anjur laku periksa periksa urin rutin usg salur kemih periksa fungsi ginjal periksa sesuai timbang keluh terapi tindak medis laku,F5,2,2
358,6,"Sementara ini, selain memeriksakan diri ke dokter, ada beberapa hal yang juga dianjurkan untuk anda lakukan seperti : Meningkatkan asupan cairan sehari - hari, minimal 2 liter perhari / 8 gelas perhari",periksa dokter anjur laku tingkat asupan cair minimal liter gelas,F5,2,2
358,7,Menghindari kebiasaan menahan BAK,hindar tahan bak,F5,2,2
358,8,Tetap menjaga asupan nutrisi sehari - hari agar selalu tercukupi dan seimbang,jaga asupan nutrisi imbang,F5,2,2
358,9,"Bila memiliki sakit pada kulit atau tenggorokkan, segera periksakan keluhan tersebut ke dokter untuk segera mendapatkan terapi",milik sakit kulit tenggorok periksa keluh dokter terapi,F5,2,2
358,10,"Membatasi asupan makanan / minuman yang tinggi akan kalsium, vitamin C, lemak dan asam urat",batas asupan makan minum kalsium vitamin c lemak asam urat,F5,2,2
358,11,Hindari konsumsi obat - obatan apapun tanpa anjuran yang jelas dari dokter dikarenakan dapat saja memperburuk keluhan,hindar konsumsi obat obat anjur dokter buruk keluh,F5,2,2
358,12,"Bila suatu saat timbul nyeri yang sangat hebat pada daerah pinggang / perut bagian bawah disertai muntah - muntah atau demam, segeralah ke IGD rumah sakit untuk mendapatkan pertolongan lebih lanjut",timbul nyeri hebat daerah pinggang perut muntah muntah demam igd rumah sakit tolong,F5,3,3
358,13,Semoga membantu,moga bantu,F1,3,3
359,0,"Halo, terima kasih atas pertanyaannya",halo terima kasih,F1,0,0
359,1,Sering buang air kecil (BAK) dan nyeri pinggang memang salah satunya bisa disebabkan oleh batu ginjal (urolithiasis),buang air bak nyeri pinggang salah batu ginjal urolithiasis,F3,1,1
359,2,"Batu ginjal ini ada banyak jenisnya, seperti batu kalsium, struvit, asam urat, atau sistin",batu ginjal jenis batu kalsium struvit asam urat sistin,F3,1,1
359,3,"Seseorang lebih berisiko mengalami batu ginjal jika memiliki keluarga dekat yang juga mengalami batu ginjal, jika menjalani pola diet tertentu (tinggi protein, garam, dan gula), jika mengkonsumsi obat tertentu (seperti laksatif, antasida berbasis kalsium, vitamin C), atau juga jika bermasalah dengan dehidrasi, gangguan pencernaan, hiperparatiroidisme, infeksi saluran kemih berulang, dan beragam penyakit lainnya",orang risiko alam batu ginjal milik keluarga alam batu ginjal jalan pola diet protein garam gula mengkonsumsi obat laksatif antasida basis kalsium vitamin c dehidrasi ganggu cerna hiperparatiroidisme infeksi salur kemih ulang agam sakit,F3,1,1
359,4,"Batu ginjal sendiri bisa beragam ukurannya, mulai dari yang kecil seperti pasir, hingga yang besar seperti bebatuan pada umumnya",batu ginjal agam ukur pasir bebatuan,F3,1,1
359,5,"Seringnya, jika batu berukuran kecil, maka gejala yang muncul lebih dominan berupa gangguan BAK, seperti BAK lebih sering, sedikit - sedikit, atau anyang - anyangan",batu ukur gejala muncul dominan rupa ganggu bak bak anyang anyang,F3,1,1
359,6,Adapun nyeri pinggang lebih umum dialami oleh penderita batu yang ukurannya besar,nyeri pinggang alami derita batu ukur,F3,1,1
359,7,"Meski, bukan tidak mungkin batu ginjal yang ukurannya kecil juga bisa menyumbat aliran urin atau melukai ginjal dan saluran kemih, sehingga membuat pinggang pun juga terasa nyeri",batu ginjal ukur sumbat alir urin luka ginjal salur kemih pinggang nyeri,F3,2,2
359,8,"Seringnya, batu ginjal memang tidak hanya terjadi di salah satu sisi ginjal saja, melainkan keduanya, namun mungkin dengan intensitas yang berbeda",batu ginjal salah sisi ginjal intensitas beda,F3,2,2
359,9,"Selain itu, meski hanya terjadi di salah satu ginjal, nyeri yang muncul bisa juga menjalar hingga ke sisi pinggang yang lainnya",salah ginjal nyeri muncul jalar sisi pinggang,F3,2,2
359,10,"Ditambah lagi, nyeri pinggang ini pun bisa juga diperberat dengan kondisi lain, seperti kram otot, syaraf kejepit, peritonitis, radang usus, infeksi ginjal atau saluran kemih, obstruksi usus, rheumatoid arthritis, dan sebagainya",nyeri pinggang berat kondisi kram otot syaraf jepit peritonitis radang usus infeksi ginjal salur kemih obstruksi usus rheumatoid arthritis,F3,2,2
359,11,Hal inilah mungkin yang melandasi rasa nyeri di pinggang Anda yang berlawanan dengan lokasi batu ginjalnya,landas nyeri pinggang lawan lokasi batu ginjal,F4,2,2
359,12,"Memang untuk mengeksplorasi area ginjal, kandung kemih, dan saluran kemih, pemeriksaan USG lebih optimal dilakukan dalam kondisi kandung kemih yang penuh",eksplorasi area ginjal kandung kemih salur kemih periksa usg optimal laku kondisi kandung kemih penuh,F4,2,2
359,13,"Karenanya, Anda akan disarankan untuk banyak minum dan menahan buang air kecil beberapa jam sebelum pemeriksaan dilakukan",saran minum tahan buang air jam periksa laku,F4,3,3
359,14,"Akan tetapi, jika pun hal ini tidak Anda lakukan karena sedang berpuasa, dokter yang kompeten biasanya tetap dapat mengevaluasi status kesehatan Anda dengan baik",laku puasa dokter kompeten evaluasi status sehat,F4,4,4
359,15,"Saran kami, Anda berkonsultasilah langsung dengan dokter atau dokter bedah urologi yang memeriksa Anda, terkait penanganan yang harus dilakukan pada kasus Anda",saran konsultasi langsung dokter dokter bedah urologi periksa kait tangan laku,F5,4,4
359,16,"Biasanya, untuk kasus seperti ini, dokter bisa melakukan beberapa pemeriksaan penunjang untuk mengkonfirmasi diagnosis, contohnya dengan tes urin, tes darah, rontgen, dan sebagainya",dokter laku periksa tunjang mengkonfirmasi diagnosis contoh tes urin tes darah rontgen,F5,4,4
359,17,"Selanjutnya, penanganan mungkin akan dilakukan dengan pemberian beberapa jenis obat, dan modifikasi gaya hidup, seperti minum lebih banyak, pengaturan pola makan, dan sebagainya",tangan laku jenis obat modifikasi gaya hidup minum atur pola makan,F5,5,5
359,18,Semoga membantu ya,moga bantu ya,F1,5,5
360,0,Hai,hai,F1,0,0
360,1,Nyeri perut sebelah kanan yang timbul saat buang air kecil dapat disebabkan oleh berbagai kondisi medis berikut ini: Infeksi saluran kemih / ISK,nyeri perut belah kanan timbul buang air kondisi medis infeksi salur kemih isk,F3,0,0
360,2,Infeksi ginjal,infeksi ginjal,F3,0,0
360,3,Batu ginjal,batu ginjal,F3,0,0
360,4,Infeksi menular seksual dan sebagainya,infeksi tular seksual,F3,0,0
360,5,Untuk mengurangi timbulnya keluhan dianjurkan agar Anda minum banyak air putih 10 - 12 gelas sehari sehingga saluran kemih dapat terbilas secara teratur,timbul keluh anjur minum air putih gelas salur kemih bilas atur,F3,0,0
360,6,Hindari menahan keinginan berkemih dan buang air kecil secara teratur agar bakteri tidak sempat berkembang biak pada saluran kemih,hindar tahan kemih buang air atur bakteri kembang biak salur kemih,F3,0,0
360,7,Jika keluhan tidak kunjung membaik Anda sebaiknya berkonsultasi dengan dokter agar dapat ditelusuri penyebabnya,keluh kunjung konsultasi dokter telusur,F5,1,1
360,8,"Selain pemeriksaan fisik jika diperlukan dokter akan menganjurkan tes penunjang seperti tes urine, USG, X - Ray dan sebagainya",periksa fisik dokter anjur tes tunjang tes urine usg x ray,F5,1,1
360,9,Dengan demikian penyebabnya dapat diidentifikasi dan ditangani secara tepat,identifikasi tangan,F5,2,2
360,10,"Berikut laman artikel dengan topik yang terkait: Nyeri saat buang air kecil, Penyebab sakit perut sebelah kanan",laman artikel topik kait nyeri buang air sakit perut belah kanan,F5,2,2
360,11,Demikian semoga bermanfaat,moga manfaat,F1,2,2
360,12,"Salam, dr Muliani Sukiman",salam dr muliani sukiman,F1,3,3
361,0,Halo Ujang,halo ujang,F1,0,0
361,1,"Pada penyakit batu ginjal, pada umumnya gejalanya akan muncul ketika batu berada pada ureter (saluran yang menghubungkan ginjal dengan kandung kemih) dan ketika ukuran batu lebih besar dari diameter saluran ureter",sakit batu ginjal gejala muncul batu ureter salur hubung ginjal kandung kemih ukur batu diameter salur ureter,F3,0,0
361,2,Batu ini dapat bergesekan dengan dinding ureter ketika melewati ureter dan menyebabkan luka sehingga air kencing dapat bercampur dengan darah,batu gesek dinding ureter ureter luka air kencing campur darah,F3,0,0
361,3,Batu yang berusaha melewati ureter ini juga menimbulkan rasa sakit yang biasanya dimulai sekitar pinggang menjalar ke arah perut depan dan selangkangan,batu usaha ureter timbul sakit pinggang jalar arah perut selangkang,F3,0,0
361,4,"Selain gejala di atas, penderita juga dapat mengalami nyeri perut bagian bawah, nyeri ketika berkemih, sering BAK, demam, mual, muntah, dan menggigil",gejala derita alam nyeri perut nyeri kemih bak demam mual muntah gigil,F3,0,0
361,5,"Ketika batu sudah melewati ureter, batu akan menuju kandung kemih dan kemudian ke uretra (saluran air kencing yang berada di dalam penis)",batu ureter batu tuju kandung kemih uretra salur air kencing penis,F3,0,0
361,6,"Ketika berada di uretra, batu ini juga dapat menyebabkan rasa nyeri terutama ketika BAK",uretra batu nyeri utama bak,F3,0,0
361,7,"Bila memang batu tidak kunjung keluar, cara yang dapat digunakan untuk mengelurakan batu tersebut adalah dengan memasukkannya kembali ke kandung kemih dengan bantuan selang kencing kemudian digunakan extracorporeal shock wave lithotripsy (ESWL) untuk memecahkan batu tersebut sebelum akhirnya dikeluarkan kembali melalui air kencing",batu kunjung mengelurakan batu masuk kandung kemih bantu selang kencing extracorporeal shock wave lithotripsy eswl pecah batu air kencing,F4,0,0
361,8,Silakan Anda berkonsultasi dengan dokter bedah urologi sehingga Anda dapat mendiskusikan penanganan yang tepat untuk Anda,sila konsultasi dokter bedah urologi diskusi tangan,F5,1,1
361,9,"Bila nyeri tidak tertahankan, Anda dapat mencoba meminum obat pereda nyeri seperti ibuprofen atau ketoprofen",nyeri tahan coba minum obat reda nyeri ibuprofen ketoprofen,F5,2,2
361,10,Semoga membantu ya,moga bantu ya,F1,3,3
361,11,Salam,salam,F1,3,3
362,0,Hai,hai,F1,0,0
362,1,"Keluhan yang Anda alami kemungkinan merupakan suatu infeksi menular seksual / ISK, yaitu peradangan pada saluran kemih akibat infeksi bakteri",keluh alami rupa infeksi tular seksual isk radang salur kemih akibat infeksi bakteri,F4,0,0
362,2,Gejala yang dapat timbul adalah: nyeri saat buang air kecil,gejala timbul nyeri buang air,F3,1,1
362,3,buang air kecil sedikit – sedikit,buang air,F3,1,1
362,4,sering buang air kecil,buang air,F3,1,1
362,5,"warna Urin keruh, kadang dapat bercampur dengan darah",warna urin keruh kadang campur darah,F3,1,2
362,6,Urin berbau menyengat dan sebagainya,urin bau sengat,F3,1,2
362,7,Penanganan ISK adalah dengan pemberian obat analgetik untuk meredakan nyeri dan antibiotik yang diresepkan oleh dokter,tangan isk obat analgetik reda nyeri antibiotik resep dokter,F3,2,2
362,8,Namun demikian keluhan yang serupa dapat pula disebabkan oleh beberapa kemungkinan penyebab lainnya seperti: Infeksi ginjal,keluh rupa infeksi ginjal,F3,3,3
362,9,Batu ginjal,batu ginjal,F3,3,3
362,10,Batu kandung kemih,batu kandung kemih,F3,3,3
362,11,Radang kandung kemih,radang kandung kemih,F3,3,3
362,12,"Penyakit menular seksual (gonore, trikomoniasis, klamidia)",sakit tular seksual gonore trikomoniasis klamidia,F3,3,3
362,13,Gangguan prostat dan sebagainya,ganggu prostat,F3,3,3
362,14,Penanganan yang tepat bagi setiap kondisi tentunya akan berbeda - beda tergantung pada penyebabnya,tangan kondisi beda beda gantung,F3,4,4
362,15,Untuk memastikan penyebab keluhan yang Anda alami sebaiknya Anda berkonsultasi dengan dokter agar dapat dilakukan pemeriksaan lebih lanjut,keluh alami konsultasi dokter laku periksa,F5,4,4
362,16,"Melalui pemeriksaan fisik dan tes penunjang jika diperlukan (tes urine, USG, X - Ray) dokter akan menelusuri penyebabnya dan memberikan penanganan yang tepat",periksa fisik tes tunjang tes urine usg x ray dokter telusur tangan,F5,4,4
362,17,Berikut ini anjuran yang dapat Anda lakukan: Perbanyak konsumsi air putih 10 - 12 gelas sehari agar saluran kemih terbilas secara teratur sehingga bakteri tidak sempat berkembang biak,anjur laku konsumsi air putih gelas salur kemih bilas atur bakteri kembang biak,F5,5,5
362,18,Jangan menahan keinginan untuk berkemih,tahan kemih,F5,5,5
362,19,Buang air kecil secara teratur,buang air atur,F5,5,5
362,20,Mengonsumsi makanan bergizi dan istirahat yang cukup agar daya tahan tubuh terjaga,konsumsi makan gizi istirahat daya tahan tubuh jaga,F5,5,5
362,21,"Baca laman artikel berikut ini: Penyebab kencing darah, Infeksi saluran kemih / ISK",baca laman artikel kencing darah infeksi salur kemih isk,F5,6,6
362,22,Demikian semoga bermanfaat,moga manfaat,F1,6,6
362,23,dr Muliani Sukiman,dr muliani sukiman,F1,6,6
363,0,Selamat malam,selamat malam,F1,0,0
363,1,Sakit pada saat buang air kecil umumnya sering disebabkan karena infeksi saluran kemih (ISK),sakit buang air infeksi salur kemih isk,F4,1,1
363,2,Baca topik terkait : infeksi saluran kemih,baca topik kait infeksi salur kemih,F5,1,1
363,3,Penyebab lain yang dapat menimbulkan keluhan serupa seperti : Infeksi kandung kemih,timbul keluh rupa infeksi kandung kemih,F3,1,1
363,4,Batu saluran kemih,batu salur kemih,F3,1,1
363,5,Batu ginjal,batu ginjal,F3,1,1
363,6,Peradangan rongga panggul,radang rongga panggul,F3,1,1
363,7,Keganasan,ganas,F3,1,1
363,8,"Untuk dapat menyingkirkan penyebab tersebut sebaiknya Anda memeriksakan diri ke dokter untuk dapat dilakukan pemeriksaan fisik berdasarkan riwayat Anda, tes medis yang diperlukan seperti pemeriksaan urin lengkap, kultur urin maupun USG, sehingga Anda mendapatkan penanganan dan pengobatan yang tepat",singkir periksa dokter laku periksa fisik dasar riwayat tes medis periksa urin lengkap kultur urin usg tangan obat,F5,2,2
363,9,Beberapa saran yang dapat dilakukan dirumah : Jangan menahan buang air kecil dalam waktu yang lama,saran laku rumah tahan buang air,F5,3,3
363,10,Minum banyak air putih,minum air putih,F5,3,3
363,11,Menjaga kebersihan organ intim,jaga bersih organ intim,F5,3,3
363,12,"Budayakan pola hidup sehat seperti tidak merokok dan minum alkohol, konsumsi buah dan sayur, rajin berolahraga",budaya pola hidup sehat rokok minum alkohol konsumsi buah sayur rajin olahraga,F5,3,3
363,13,Untuk sementara waktu Anda dapat meminum obat penghilang rasa nyeri yang dijual bebas seperti parasetamol sesuai dosis yang dianjurkan pada label kemasan,minum obat hilang nyeri jual bebas parasetamol sesuai dosis anjur label kemas,F5,3,3
363,14,"Semoga penjelasan diatas dapat bermanfaat, dr Rievia",moga manfaat dr rievia,F1,3,3
364,0,Hai,hai,F1,0,0
364,1,Aroma urin berhubungan dengan bahan - bahan atau substansi yang dikeluarkan oleh ginjal,aroma urin hubung bahan bahan substansi ginjal,F3,1,1
364,2,"Masih merupakan hal yang normal jika setelah mengkonsumsi kopi, maka urin berbau kopi",rupa normal mengkonsumsi kopi urin bau kopi,F4,1,1
364,3,Kandungan kafein juga dapat meningkatkan frekuensi buang air kecil,kandung kafein tingkat frekuensi buang air,F3,1,1
364,4,"Nyeri pada pinggang memiliki beberapa penyebab, misalnya: infeksi saluran kemih",nyeri pinggang milik infeksi salur kemih,F3,1,1
364,5,batu ginjal,batu ginjal,F3,1,1
364,6,"cedera konstipasi, misalnya karena kurang konsumsi serat",cedera konstipasi konsumsi serat,F3,1,1
364,7,"Cobalah untuk banyak minum air mineral dan tidak menahan rasa saat ingin buang air kecil, sehingga kuman tidak mudah berkembang biak",coba minum air mineral tahan buang air kuman mudah kembang biak,F3,2,2
364,8,"Jika keluhan masih berlanjut, Anda disarankan untuk periksa ke dokter",keluh saran periksa dokter,F5,3,3
364,9,"Pemeriksaan fisik dan tes penunjang seperti tes urin atau USG, dapat membantu untuk mengetahui penyebab medis yang terjadi",periksa fisik tes tunjang tes urin usg bantu medis,F5,3,3
364,10,Sehingga dapat diberikan penanganan yang tepat,tangan,F5,4,4
364,11,Anda dapat membaca lebih lanjut halaman : Sakit pinggang,baca halaman sakit pinggang,F5,4,4
364,12,"Semoga bermanfaat, Dr Jessica Winoto",moga manfaat dr jessica winoto,F1,5,5
365,0,Hai Nuru,hai nuru,F1,0,0
365,1,"Ada beberapa penyakit yang dapat menyebabkan nyeri saat buang air kecil, seperti: Infeksi saluran kemih (ISK)",sakit nyeri buang air infeksi salur kemih isk,F3,1,1
365,2,Batu ginjal,batu ginjal,F3,1,2
365,3,Batu saluran kencing,batu salur kencing,F3,1,2
365,4,Batu kandung kemih,batu kandung kemih,F3,1,2
365,5,Tumor saluran kemih,tumor salur kemih,F3,1,2
365,6,"Dari gejala yang sudah anda sebutkan, hal yang paling mungkin menyebabkan nyeri saat buang air kecil yang anda adalah ISK",gejala nyeri buang air isk,F4,2,3
365,7,Gejala yang sering dialami oleh penderita ISK adalah: Rasa ingin selalu buang air kecil namun hanya sedikit kencing yang dikeluarkan disebut anyang - anyangan,gejala alami derita isk buang air kencing anyang anyang,F3,2,3
365,8,Nyeri atau perih saat buang air kecil,nyeri perih buang air,F3,2,3
365,9,Nyeri pada perut bagian bawah,nyeri perut,F3,3,4
365,10,Bau urin yang menyengat,bau urin sengat,F3,3,4
365,11,Nyeri punggung,nyeri punggung,F3,3,4
365,12,Warna urin keruh atau dapat disertai darah,warna urin keruh darah,F3,3,4
365,13,Diare,diare,F3,3,4
365,14,Mual dan muntah,mual muntah,F3,3,4
365,15,Demam dan tubuh menggigil,demam tubuh gigil,F3,3,4
365,16,"Nyeri pada bagian selangkangan, pinggang dan punggung",nyeri selangkang pinggang punggung,F3,3,4
365,17,"Ada beberapa hal yang menjadi penyebab ISK, antara lain: Kurangnya konsumsi air putih",isk konsumsi air putih,F3,3,4
365,18,Sering menahan kencing,tahan kencing,F3,3,4
365,19,Infeksi bakteri seperti E Coli,infeksi bakteri e coli,F3,4,5
365,20,Jika anda mengalami gejala - gejala yang sudah disebutkan sebaiknya anda mengunjungi dokter agar dapat dilakukan pemeriksaan yang lebih spesifik seperti pemeriksaan darah dan urin dan agar dapat diberikan pengobatan yang tepat,alam gejala gejala kunjung dokter laku periksa spesifik periksa darah urin obat,F5,4,5
365,21,Beberapa tips yang dapat anda lakukan agar terhindar dari infeksi salran kemih adalah: Konsumsi air putih minimal 2 Liter satu hari atau 8 gelas karena dengan konsumsi air putih yang cukup maka anda akan banyak buang air kecil sehingga pengeluaran bakteri akan semakin lancar,tips laku hindar infeksi salran kemih konsumsi air putih minimal liter gelas konsumsi air putih buang air bakteri lancar,F5,5,6
365,22,Jangan menahan keinginan untuk buang air kecil karena jika anda menahan buang air keci makan bakteri akan memiliki banyak kesempatan untuk mengendap dan berkembang biak,tahan buang air tahan buang air keci makan bakteri milik endap kembang biak,F5,5,6
365,23,Menjaga kebersihan terutama saat buang air besar dan buang air kecil agar tidak membersihkan dari belakang ke depan namun dari depan ke belakang,jaga bersih utama buang air buang air bersih,F5,6,7
365,24,"Dan jangan menggunakan air yang mengendap, sebisa mungkin gunakanlah air yang mengalir dan bersih untuk membersihkan bagian kelamin anda",air endap air alir bersih bersih kelamin,F5,6,7
365,25,Menjaga kebersihan pada saat sebelum dan sesudah melakukan hubungan seksual,jaga bersih laku hubung seksual,F5,7,7
365,26,Anda dapat membaca artikel dan diskusi tentang ISK di bawah ini: ISK Nyeri saat BAK,baca artikel diskusi isk isk nyeri bak,F5,8,8
365,27,Terima kasih,terima kasih,F1,9,9
365,28,Semoga membantu,moga bantu,F1,9,9
365,29,dr Yosephine U L Simanungkalit,dr yosephine u l simanungkalit,F1,9,9
366,0,Salam Alodokter,salam alodokter,F1,0,0
366,1,Terima kasih sudah bertanya di Alodokter,terima kasih alodokter,F1,0,0
366,2,"Adanya keluhan nyeri perut kanan bawah dan saat ini siklus haid anda sudah berlalu, namun keluhan ini disertai juga dengan keluhan nyeri perut saat miksi atau buang air kecil, maka kondisi ini kemungkinan dapat disebabkan oleh infeksi saluran kencing",keluh nyeri perut kanan siklus haid keluh keluh nyeri perut miksi buang air kondisi infeksi salur kencing,F4,1,1
366,3,"Pada pasien dengan infeksi saluran kencing atau isk, maka pasien sering merasakan keluhan penyerta, seperti rasa anyang - anyangen atau sering kencing, nyeri perut, nyeri pinggang, serta sakit atau perih saat kencing",pasien infeksi salur kencing isk pasien keluh anyang anyangen kencing nyeri perut nyeri pinggang sakit perih kencing,F3,1,1
366,4,"Hal ini dapat menggangu kenyamanan perut dan pinggang Anda, terutama bila keluhan ini disertai demam ringan",menggangu nyaman perut pinggang utama keluh demam ringan,F4,1,1
366,5,"Adanya kebiasaan menahan kencing, kurang mencukupi kebutuhan air putih, keputihan, infeksi pada vagina, atau adanya riwayat hubungan seksual berisiko dapat memicu suatu infeksi saluran kencing",tahan kencing butuh air putih putih infeksi vagina riwayat hubung seksual risiko picu infeksi salur kencing,F3,2,1
366,6,"Sehingga mencegah pemicu keluhan ini, maka anda dapat membantu proses perawatan dan pencegahan keluhan ini berulang",cegah picu keluh bantu proses rawat cegah keluh ulang,F3,2,2
366,7,"Selain karena suatu infeksi saluran kencing, beberapankondisi lain juga dapat memicu keluhan yang hampir sama, seperti:1 Batu ginjal",infeksi salur kencing beberapankondisi picu keluh batu ginjal,F3,2,3
366,8,2 Infeksi pencernaan,infeksi cerna,F3,2,3
366,9,3 Gangguan lambung,ganggu lambung,F3,2,3
366,10,4 Usus buntu,usus buntu,F3,2,3
366,11,5 Radang panggul,radang panggul,F3,2,3
366,12,6 Gangguan pada organ reproduksi,ganggu organ reproduksi,F3,2,3
366,13,"Karena penyebab keluhan ini beragam, maka perlu dipastikan secara langsung oleh dokter anda penyebab utama keluhan ini",keluh agam langsung dokter utama keluh,F3,3,4
366,14,"Dan bila keluhan nyeri ini sangat mengganggu, maka segera kunjungi UGD di rumah sakit terdekat, semakin lama menunggu untuk pemeriksaan, maka semakin lama proses perawatan dan pemulihannya",keluh nyeri ganggu kunjung ugd rumah sakit tunggu periksa proses rawat pulih,F5,4,4
366,15,"Bila keluhan ini tidak semakin berat atau nyeri sekali, maka anda juga dapat berkonsultasi langsung ke dokter keluarga anda atau dokter bedah anda untuk evaluasi beberapa risiko yang mungkin",keluh berat nyeri konsultasi langsung dokter keluarga dokter bedah evaluasi risiko,F5,5,5
366,16,"Dokter akan melakukan wawancara berkaitan dengan keluhan ini, selanjutnya dokter akan melakukan pemeriksaan fisik dan pemeriksaan penunjang yang diperlukan, seperti pemeriksaan darah, urin atau usg",dokter laku wawancara kait keluh dokter laku periksa fisik periksa tunjang periksa darah urin usg,F5,5,5
366,17,Hasil pemeriksaan akan membantu dokter dalam menentukan penyebabnya,hasil periksa bantu dokter,F5,5,5
366,18,Selanjutnya perawatan dan penanganan akan diberikan dokter sesuai indikasinya,rawat tangan dokter sesuai indikasi,F5,5,5
366,19,"Untuk saat ini, beberapa usaha dapat anda lakukan dalam masa perawatan ini, seperti:1 Hindari kelelahan fisik",usaha laku rawat hindar lelah fisik,F5,5,5
366,20,2 Hindari tidur larut malam,hindar tidur larut malam,F5,6,6
366,21,3 Hindari stres,hindar stres,F5,6,6
366,22,4 Perbanyak air putih,air putih,F5,7,7
366,23,"5 Hindari makanan pedas, bersantan, dan makanan intan dalam kemasan",hindar makan pedas santan makan intan kemas,F5,7,7
366,24,6 Berikan kompres hangat pada daerah perut yang sakit,ikan kompres hangat daerah perut sakit,F5,7,7
366,25,Demikian info yang bisa kami sampaikan,info,F1,8,8
366,26,Terima kasih,terima kasih,F1,8,8
367,0,Hai Herdiany,hai herdiany,F1,0,0
367,1,"Nyeri pinggang dapat berasal dari: Gangguan pada otot, persarafan, persendian, tulang belakang atau ligamen",nyeri pinggang ganggu otot saraf sendi tulang ligamen,F3,0,0
367,2,"Gangguan pada saluran kemih seperti batu ginjal, infeksi saluran kemih",ganggu salur kemih batu ginjal infeksi salur kemih,F3,0,0
367,3,"Gangguan pada organ kandungan seperti kista ovarium, infeksi, dan lain - lain",ganggu organ kandung kista ovarium infeksi,F3,0,0
367,4,Gangguan pada usus besar,ganggu usus,F3,0,0
367,5,"Jika nyeri kambuh terutama saat terlalu lama duduk, mungkin nyeri yang berasal dari otot dikarenakan posisi duduk yang terlalu lama, tidak baik seperti membungkuk atau miring",nyeri kambuh utama duduk nyeri otot posisi duduk bungkuk miring,F3,1,1
367,6,"Untuk mengetahui penyebab pastinya diperlukan pemeriksaan fisik langsung oleh dokter dan juga pemeriksaan penunjang bila diperlukan seperti foto rontgen, USG, dan pemeriksaan urin",periksa fisik langsung dokter periksa tunjang foto rontgen usg periksa urin,F3,1,1
367,7,Informasi mengenai nyeri pinggang dapat Anda baca pada artikel berikut ini: Penyebab dari nyeri pinggang,informasi kena nyeri pinggang baca artikel nyeri pinggang,F3,1,1
367,8,Semoga membantu ya,moga bantu ya,F1,2,2
367,9,Terima kasih,terima kasih,F1,2,2
367,10,dr Yan william,dr yan william,F1,2,2
368,0,Halo selamat pagi Makruf,halo selamat pagi makruf,F1,0,0
368,1,"Pada batu ginjal yang berukuran besar, penanganan utamanya adalah dengan dilakukan operasi",batu ginjal ukur tangan utama laku operasi,F3,1,1
368,2,"Penanganan batu ginjal dengan cara operasi terdapat berbagai macam prosedur, yaitu: ESWL (Extracorporeal Shock Wave Lithotripsy)",tangan batu ginjal operasi prosedur eswl extracorporeal shock wave lithotripsy,F3,1,1
368,3,"Pada prosedur ini, batu akan dihancurkan menjadi serpihan - serpihan kecil melalui gelombang frekuensi tinggi, kemudian serpihan - serpihan kecil tersebut akan keluar melalui urin",prosedur batu hancur serpih serpih gelombang frekuensi serpih serpih urin,F3,1,1
368,4,"Utereskopi, pada prosedur ini dimasukan sebuah alat bernama uteroskop (sebuah kabel yang fleksibel yang dilengkapi dengan kamera), uteroskop tersebut dimasukkan melalui lubang kencing, melewati kandung kemih, ureter, sampai dengan ginjal",utereskopi prosedur masuk buah alat nama uteroskop buah kabel fleksibel lengkap kamera uteroskop masuk lubang kencing kandung kemih ureter ginjal,F3,1,1
368,5,"Setelah batu ditemukan (dilihat melalui kamera), dilakukan penghancuran batu tersebut baik dengan laser ataupun instrumen tertentu",batu temu lihat kamera laku hancur batu laser instrumen,F3,1,1
368,6,"Bedah terbuka, yaitu dibuat sayatan di permukaan kulit yang sesuai dengan lokasi batu saluran kemih berada",bedah buka sayat muka kulit sesuai lokasi batu salur kemih,F3,1,1
368,7,"Jika prosedur pembedahan yang telah dilakukan adalah prosedur uteroskopi, maka kemungkinan munculnya keluhan nyeri di kemaluan lebih besar, mengingat bahwa pada prosedur ini terdapat tindakan yang berhubungan dengan dimasukannya sebuah alat melalui lubang kencing",prosedur bedah laku prosedur uteroskopi muncul keluh nyeri malu prosedur tindak hubung masuk buah alat lubang kencing,F3,2,2
368,8,Keluhan yang anda alami dapat saja disebabkan oleh iritasi saluran kencing akibat prosedur operasi yang anda jalani,keluh alami iritasi salur kencing akibat prosedur operasi jalan,F4,2,2
368,9,"Namun karena tindakan operasi yang anda jalani sudah terjadi lebih dari 1 bulan yang lalu, maka kami menyarankan agar anda mengkonsultasikan keluhan yang anda alami saat ini kepada dokter yang sebelumnya menangani anda",tindak operasi jalan saran mengkonsultasikan keluh alami dokter tangan,F5,2,2
368,10,"Selain karena prosedur operasi yang telah dilakukan, keluhan anda juga dapat disebabkan oleh penyebab lainnya seperti: striktur urethra (penyempitan saluran kencing, dapat terjadi karena infeksi saluran kencing sebelumnya, pemasangan kateter, dan lain sebagainya), pembesaran prostat, infeksi saluran kemih, dan lain - lain",prosedur operasi laku keluh striktur urethra sempit salur kencing infeksi salur kencing pasang kateter prostat infeksi salur kemih,F5,2,2
368,11,"Untuk menegakkan diagnosis, dokter anda akan melakukan tanya jawab seputar keluhan, melakukan pemeriksaan secara langsung dengan seksama, dan jika dibutuhkan dokter anda mungkin akan menyarankan pemeriksaan tambahan seperti USG, rontgen dengan kontras, dan lain sebagainya",tegak diagnosis dokter laku putar keluh laku periksa langsung seksama butuh dokter saran periksa usg rontgen kontras,F5,2,2
368,12,"Sementara menunggu jadwal periksa ke dokter, anda dapat mencoba mengkonsumsi obat pereda nyeri yang dijual bebas, seperti paracetamol",tunggu jadwal periksa dokter coba mengkonsumsi obat reda nyeri jual bebas paracetamol,F5,3,3
368,13,"Selain itu, banyaklah konsumsi air putih minimal 2,5 liter per hari, dan hindari menahan - nahan BAK",konsumsi air putih minimal liter hindar tahan nahan bak,F5,3,3
368,14,"Sekian, semoga membantu",sekian moga bantu,F1,3,3
368,15,"Salam, dr Denisa",salam dr denisa,F1,3,3
369,0,Hai,hai,F1,0,0
369,1,Keluhan sakit perut sebelah kiri bawah yang Anda alami dapat berhubungan dengan kehamilan maupun tidak,keluh sakit perut belah kiri alami hubung hamil,F3,0,0
369,2,Beberapa kemungkinan penyebabnya adalah: Gangguan usus,ganggu usus,F3,1,1
369,3,Infeksi Saluran Kemih / ISK,infeksi salur kemih isk,F3,1,1
369,4,Infeksi ginjal,infeksi ginjal,F3,1,1
369,5,Batu ginjal,batu ginjal,F3,1,1
369,6,Kista ovarium,kista ovarium,F3,1,1
369,7,Kehamilan ektopik (kehamilan di luar kandungan) dan lainnya,hamil ektopik hamil kandung,F3,2,2
369,8,Untuk memastikan penyebabnya sebaiknya Anda memeriksakan diri ke Dokter,periksa dokter,F5,3,3
369,9,Diperlukan pemeriksaan fisik secara langsung (tatap muka) oleh Dokter untuk menilai keluhan yang timbul,periksa fisik langsung tatap muka dokter nilai keluh timbul,F5,3,3
369,10,"Jika diperlukan Dokter akan menganjurkan pemeriksaan penunjang seperti USG, tes urine, maupun tes darah",dokter anjur periksa tunjang usg tes urine tes darah,F5,3,3
369,11,Penanganan yang tepat akan diberikan sesuai dengan penyebab yang mendasarinya,tangan sesuai dasar,F5,3,3
369,12,Beberapa anjuran yang dapat Anda lakukan: Tidur yang cukup,anjur laku tidur,F5,4,4
369,13,Istirahatkan bagian yang sakit,istirahat sakit,F5,4,4
369,14,"Makan secara teratur dengan gizi seimbang, jangan melewatkan waktu makan",makan atur gizi imbang makan,F5,4,4
369,15,"Hindari jenis makanan yang terlalu pedas, asam atau berlemak",hindar jenis makan pedas asam lemak,F5,5,5
369,16,Minum banyak air putih,minum air putih,F5,5,5
369,17,"Hindari konsumsi minuman yang mengandung kafein atau berkarbonasi, seperti teh, kopi, dan minuman bersoda",hindar konsumsi minum kandung kafein berkarbonasi teh kopi minum soda,F5,5,5
369,18,Jangan menahan keinginan berkemih,tahan kemih,F5,5,6
369,19,"Biasakan membersihkan organ intim dengan arah yang benar, yaitu dari depan ke belakang",bersih organ intim arah,F5,6,6
369,20,Kelola stres secara bijak,kelola stres bijak,F5,6,6
369,21,"Baca laman artikel berikut ini: Penyebab sakit perut sebelah kiri, Hamil 4 bulan",baca laman artikel sakit perut belah kiri hamil,F5,7,7
369,22,Demikian semoga bermanfaat,moga manfaat,F1,7,8
369,23,"Salam, dr Muliani Sukiman",salam dr muliani sukiman,F1,8,8
370,0,Hai,hai,F1,0,0
370,1,"Jika sakit perut kanan hanya timbul saat buang air kecil, kemungkinan hal ini dapat disebabkan oleh infeksi saluran kemih / ISK",sakit perut kanan timbul buang air infeksi salur kemih isk,F4,1,1
370,2,ISK merupakan kondisi peradangan pada saluran kemih akibat infeksi bakteri,isk rupa kondisi radang salur kemih akibat infeksi bakteri,F3,1,1
370,3,"Gejala lain yang dapat timbul adalah nyeri saat buang air kecil, sering buang air kecil, Urin keruh dan berbau menyengat, dan sebagainya",gejala timbul nyeri buang air buang air urin keruh bau sengat,F3,1,1
370,4,Penanganan ISK adalah dengan pemberian obat analgetik dan antibiotik yang diresepkan oleh dokter,tangan isk obat analgetik antibiotik resep dokter,F3,2,2
370,5,Namun demikian sakit perut sebelah kanan dapat pula diakibatkan oleh penyebab yang lain seperti: Infeksi ginjal,sakit perut belah kanan akibat infeksi ginjal,F3,3,3
370,6,Batu ginjal,batu ginjal,F3,3,3
370,7,Radang usus buntu,radang usus buntu,F3,3,3
370,8,Hepatitis dan sebagainya,hepatitis,F3,3,3
370,9,"Untuk memastikan penyebabnya diperlukan pemeriksaan lebih lanjut oleh dokter, baik melalui pemeriksaan klinis maupun tes medis seperti tes urine, USG, X - ray, dan sebagainya",periksa dokter periksa klinis tes medis tes urine usg x ray,F3,4,4
370,10,Oleh karena itu jika nyeri terus berlanjut sebaiknya Anda berkonsultasi dengan dokter agar dapat menelusuri penyebabnya dan mendapatkan penanganan yang tepat sesuai dengan kondisi yang mendasarinya,nyeri konsultasi dokter telusur tangan sesuai kondisi dasar,F5,5,4
370,11,Berikut ini anjuran yang dapat Anda lakukan: Cukup tidur dan konsumsi makanan bergizi agar daya tahan tubuh terjaga,anjur laku tidur konsumsi makan gizi daya tahan tubuh jaga,F5,6,5
370,12,Teruskan kebiasaan baik minum banyak air putih agar saluran kemih terbilas secara teratur sehingga bakteri tidak sempat berkembang biak,minum air putih salur kemih bilas atur bakteri kembang biak,F5,6,6
370,13,Jangan menahan keinginan untuk berkemih,tahan kemih,F5,6,6
370,14,Buang air kecil secara teratur,buang air atur,F5,6,6
370,15,Hindari mengurut / memijat bagian perut yang sakit,hindar urut pijat perut sakit,F5,6,7
370,16,Jika nyeri terasa mengganggu dapat meredakannya dengan mengonsumsi paracetamol atau ibuprofen,nyeri ganggu reda konsumsi paracetamol ibuprofen,F5,6,7
370,17,Baca laman artikel berikut ini: Kenapa bisa terjadi sakit perut sebelah kanan?,baca laman artikel sakit perut belah kanan,F5,7,7
370,18,Demikian semoga bermanfaat,moga manfaat,F1,8,8
370,19,"Salam, dr Muliani Sukiman",salam dr muliani sukiman,F1,8,8
371,0,Hai,hai,F1,0,0
371,1,Nyeri perut bagian belakang yang disertai dengan keluhan sering buang air kecil dapat diakibatkan oleh beberapa kemungkinan penyebab berikut ini: Infeksi saluran kemih / ISK,nyeri perut keluh buang air akibat infeksi salur kemih isk,F3,1,1
371,2,Infeksi ginjal,infeksi ginjal,F3,1,1
371,3,Batu ginjal,batu ginjal,F3,1,1
371,4,Divertikulitis (peradangan pada dinding usus besar) dan sebagainya,divertikulitis radang dinding usus,F3,1,1
371,5,Jika keluhan terus berlanjut sebaiknya konsultasikan dengan dokter agar dapat ditelusuri penyebabnya,keluh konsultasi dokter telusur,F5,2,2
371,6,"Dokter akan melakukan pemeriksaan fisik dan tes penunjang yang diperlukan seperti tes urine, USG, X - Ray dan sebagainya",dokter laku periksa fisik tes tunjang tes urine usg x ray,F5,2,2
371,7,Dengan demikian penyebabnya dapat diidentifikasi dan ditangani secara tepat,identifikasi tangan,F5,3,2
371,8,Berikut ini anjuran bagi Anda: Minum banyak air putih 10 - 12 gelas sehari agar saluran kemih terbilas secara teratur,anjur minum air putih gelas salur kemih bilas atur,F5,3,3
371,9,Jangan menahan keinginan untuk berkemih,tahan kemih,F5,3,3
371,10,Buang air kecil secara teratur,buang air atur,F5,3,3
371,11,Hindari mengurut / memijat bagian perut yang sakit,hindar urut pijat perut sakit,F5,4,4
371,12,Mengonsumsi makanan bergizi dan beristirahat cukup untuk menjaga daya tahan tubuh,konsumsi makan gizi istirahat jaga daya tahan tubuh,F5,4,4
371,13,"Baca laman artikel berikut ini: Sakit perut sebelah kiri, Penyebab sering buang air kecil",baca laman artikel sakit perut belah kiri buang air,F5,4,4
371,14,Demikian semoga bermanfaat,moga manfaat,F1,4,4
371,15,"Salam, dr Muliani Sukiman",salam dr muliani sukiman,F1,5,5
372,0,"Halo, terima kasih sudah bertanya di alodokter com",halo terima kasih alodokter com,F1,0,0
372,1,"Batu saluran kemih dapat terbentuk di ginjal, ureter (saluran yang menghubungkan ginjal dengan kandung kemih), kandung kemih dan uretra (saluran keluar air kencing)",batu salur kemih bentuk ginjal ureter salur hubung ginjal kandung kemih kandung kemih uretra salur air kencing,F3,1,1
372,2,Batu saluran kemih terbentuk akibat penumpukan zat sisa metabolisme yang berlebihan di air kencing dan dipicu kebiasaan kurang minum sehingga produksi air kencing sedikit untuk dapat melarutkan zat sisa tersebut,batu salur kemih bentuk akibat tumpuk zat sisa metabolisme air kencing picu minum produksi air kencing larut zat sisa,F3,1,2
372,3,Maka terbentuklah batu,bentuk batu,F3,2,2
372,4,"Terdapat banyak jenis batu yang dapat terbentuk, yaitu batu kalsium, oksalat,asam urat, amonia, sistein dan struvit",jenis batu bentuk batu kalsium oksalatasam urat amonia sistein struvit,F3,2,2
372,5,"Batu dengan ukuran kurang dari 4 mm, disebut batu kecil",batu ukur mm batu,F3,3,3
372,6,Ukuran 4 - 10 mm disebut batu sedang,ukur mm batu,F3,3,3
372,7,Dan batu ukuran lebih dari 10 mm atau 1 cm disebut batu besar,batu ukur mm cm batu,F3,3,3
372,8,Tidak semua batu membutuhkan tindakan dalam penanganannya,batu butuh tindak tangan,F3,4,4
372,9,Batu ukuran kecil dan sedang dapat dengan obat dan minum air putih paling tidak 3 L sehari,batu ukur obat minum air putih l,F3,4,4
372,10,"Sedangkan batu ukuran besar umumnya memerlukan tindakan medis, seperti ESWL, sistoskopi, ureteroskopi atau Operasi pengangkatan batu ginjal (percutaneous nephrolithotomy)",batu ukur tindak medis eswl sistoskopi ureteroskopi operasi angkat batu ginjal percutaneous nephrolithotomy,F3,4,4
372,11,Adapun pemasangan Double j stent (DJ stent) pada penyakit batu saluran kemih dilakukan jika : 1 Batu terdapat pada ureter sehingga menghambat aliran air kencing menuju kandung kemih,pasang double j stent dj stent sakit batu salur kemih laku batu ureter hambat alir air kencing tuju kandung kemih,F3,4,4
372,12,2 Batu ginjal yang berjumlah banyak,batu ginjal,F3,4,4
372,13,3 Batu besar yang akan direncanakan dilakukan ESWL,batu rencana laku eswl,F3,4,4
372,14,"Jadi batu saluran kencing dengan ukuran 10 mm, dapat membutuhkan pemasangan DJ stent dan bisa juga tidak",batu salur kencing ukur mm butuh pasang dj stent,F4,4,4
372,15,"Hal ini tergantung letak batu dan kondisi saluran kemih, apakah terdapat penyulit lainnya atau tidak",gantung letak batu kondisi salur kemih sulit,F4,4,4
372,16,"Oleh karena itu, sebaiknya konsultasikan mengenai hal ini dengan dokter spesialis urologi yang menangani anda",konsultasi kena dokter spesialis urologi tangan,F5,5,5
372,17,Dokter tersebut tentu lebih tahu kondisi kesehatan anda secara menyeluruh,dokter kondisi sehat,F5,5,5
372,18,"Sementara itu, minumlah banyak air putih setiap hari, yaitu minimal 2 L sehari",minum air putih minimal l,F5,6,6
372,19,"Hindari mengonsumsi banyak natrium, yang terdapat digaram (hindari makanan yang asin)",hindar konsumsi natrium garam hindar makan asin,F5,6,6
372,20,"Apabila hendak mengonsumsi suplemen kalsium, diskusikan terlebih dahulu dengan dokter anda",konsumsi suplemen kalsium diskusi dokter,F5,6,6
372,21,Demikian semoga bermanfaat,moga manfaat,F1,6,6
373,0,Halo achmad terima kasih sudah bertanya kepada Alodokter saya mengerti akan kekhwatiran anda,halo achmad terima kasih alodokter erti kekhwatiran,F1,0,0
373,1,Dimana infeksi ginjal dalam dunia medis disebut dengan pielonefritis,infeksi ginjal dunia medis pielonefritis,F3,0,0
373,2,"Dimana sebagian besar infeksi ginjal disebabkan karena infeksi bakteri, namun bisa pula diakibatkan karena infeksi virus ataupun jamur walau jarang",infeksi ginjal infeksi bakteri akibat infeksi virus jamur jarang,F3,0,0
373,3,"Gejala dialami seperti terdapatnya darah atau nanah pada urin, sakit pinggang atau nyeri punggung bawah, demam, mual dan muntah",gejala alami darah nanah urin sakit pinggang nyeri punggung demam mual muntah,F3,0,0
373,4,Sedangkan batu ginjal atau dalam dunia medis disebut dengan nefrolitiasis dimana ini adalah terbentuknya materi keras menyerupai batu yang berasal dari mineral dan garam dalam ginjal,batu ginjal dunia medis nefrolitiasis bentuk materi keras rupa batu mineral garam ginjal,F3,0,0
373,5,"Dimana terjadinya batu ginjal dapat terjadi karena kurang konsumsi air putih, berat badan yang berlebih, pola makan tertentu, serta masalah kesehatan lain yang mendasari",batu ginjal konsumsi air putih berat badan pola makan sehat dasar,F3,0,0
373,6,"Gejala yang dialami seperti :sering buang air kecil, sakit saat buang air kecil, buang air kecil dalam jumlah sedikit, nyeri punggung bagian bawah, mual dan muntah, urin berwarna merah atau coklat",gejala alami buang air sakit buang air buang air nyeri punggung mual muntah urin warna merah coklat,F3,0,0
373,7,"Sedangkan infeksi hati hal ini harus dipastikan bisa dikarena infek virus seperti hepatitis atau infeksi bakteri seperti abses hepar dimana gejala yang dialami seperti demam, nyeri pada bagian perut, perubahan warna pada urin dan feses serta mengalami gangguan pencernaan seperti mual dan muntah",infeksi hati infek virus hepatitis infeksi bakteri abses hepar gejala alami demam nyeri perut ubah warna urin feses alam ganggu cerna mual muntah,F3,0,0
373,8,Jadi gejala yang anda alami bisa jadi diakibatkan karena ketiga penyakit yang anda derita bukan hanya karena infeksi hati,gejala alami akibat sakit derita infeksi hati,F4,0,0
373,9,"Nah untuk mendiagnosa suatu penyakit sebaiknya melakukan pemeriksaan secara langsung ke dokter dimana dokter akan melakukan proses tanya jawab, pemeriksaan fisik serta pemeriksaan tambahan seperti cek darah, tes fungsi hati, urinalisa, usg untuk memastikan kemungkinan penyebab yang anda alami, jadi saran saya anda bisa menemui dokter penyakit dalam untuk melakukan pemeriksaan lebih lanjut dan memberikan terapi atau penanganan sesuai dengan penyebab yang mendasari serta tingkat keparahan penyakit",mendiagnosa sakit laku periksa langsung dokter dokter laku proses periksa fisik periksa cek darah tes fungsi hati urinalisa usg alami saran temu dokter sakit laku periksa terapi tangan sesuai dasar tingkat parah sakit,F5,1,1
373,10,Demikian info yang bisa saya berikan terima kasih,info ikan terima kasih,F1,1,1
374,0,Halo melly29,halo melly,F1,0,0
374,1,Terima kasih atas pertanyaan Anda,terima kasih,F1,0,0
374,2,"Kondisi yang dialami oleh ayah Anda dengan keluhan utama berupa sakit pada pinggang, yaitu berupa rasa nyeri yang muncul pada bagian panggul dan daerah perut di bawah pusar dapat disebabkan oleh berbagai macam hal",kondisi alami ayah keluh utama rupa sakit pinggang rupa nyeri muncul panggul daerah perut pusar,F3,1,1
374,3,Penyebab paling sering menimbulkan sakit pinggang adalah gangguan pada ginjal,timbul sakit pinggang ganggu ginjal,F3,1,1
374,4,Sakit yang dirasakan jika disebabkan oleh gangguan pada ginjal muncul di sekitar tulang rusuk terbawah sampai dengan panggul,sakit ganggu ginjal muncul tulang rusuk panggul,F3,1,1
374,5,Batu ginjal dan infeksi ginjal merupakan gangguan ginjal yang selalu dikaitkan dapat menyebabkan nyeri pinggang,batu ginjal infeksi ginjal rupa ganggu ginjal kait nyeri pinggang,F3,1,1
374,6,"Selain dari gangguan ginjal, sakit pinggang yang berkepanjangan atau kambuh - kambuhan, dapat pula disebabkan oleh karena : siatika=== tertekannya saraf tulang belakang dan kaki, spinal spinosis=== penyempitan tulang belakang sehingga saraf tertekan, sindrom iritasi usus, infeksi saluran kemih kronis, penyakit crohn, sistitis kronis, dan lain - lain",ganggu ginjal sakit pinggang kambuh kambuh siatika tekan saraf tulang kaki spinal spinosis sempit tulang saraf tekan sindrom iritasi usus infeksi salur kemih kronis sakit crohn sistitis kronis,F3,1,1
374,7,"Karena setelah menggunakan obat, keluhan ayah Anda masih saja muncul",obat keluh ayah muncul,F5,2,2
374,8,"Maka kami sangat menyarankan kepada Ayah Anda untuk menemui Dokter Spesialis Penyakit Dalam terlebih dahulu dan mendiskusikan masalah ini, agar dilakukan serangkaian pemeriksaan lebih lanjut",saran ayah temu dokter spesialis sakit diskusi laku rangkai periksa,F5,2,2
374,9,"Dokter kemungkinan akan melakukan beberapa pemeriksaan terkait keadaan ayah Anda, meliputi : pemeriksaan fisik, tes darah, USG sistem kemih, Rontgen sistem kemih, dan lain - lain",dokter laku periksa kait ayah liput periksa fisik tes darah usg sistem kemih rontgen sistem kemih,F5,2,2
374,10,Sehingga penyebab pasti dari timbulnya sakit pinggang diketahui dan akhirnya penanganan yang tepat dapat diberikan,timbul sakit pinggang tangan,F5,2,2
374,11,Klik artikel di bawah ini yang sesuai dengan pertanyaan Anda : BATU GINJAL,klik artikel sesuai batu ginjal,F5,3,3
374,12,"Demikian penjelasan yang dapat kami sampaikan, semoga bermanfaat",moga manfaat,F1,3,3
374,13,"Salam, Dr Jati",salam dr jati,F1,3,3
375,0,Hai,hai,F1,0,0
375,1,Sakit pinggang dapat diakibatkan oleh berbagai kemungkinan penyebab berikut ini: Cedera otot / tulang,sakit pinggang akibat cedera otot tulang,F3,1,1
375,2,Skiatika (peradangan dan tekanan pada saraf skiatik),skiatika radang tekan saraf skiatik,F3,1,1
375,3,Penyempitan tulang belakang,sempit tulang,F3,1,1
375,4,Infeksi saluran kemih / ISK,infeksi salur kemih isk,F3,1,1
375,5,Infeksi ginjal,infeksi ginjal,F3,1,1
375,6,Batu ginjal,batu ginjal,F3,1,1
375,7,Penyakit radang panggul,sakit radang panggul,F3,1,1
375,8,Sindrom iritasi usus dan sebagainya,sindrom iritasi usus,F3,1,1
375,9,Untuk menentukan pengobatan yang tepat tentunya terlebih dahulu harus dipastikan penyebabnya,obat,F3,2,2
375,10,Sebaiknya ibu Anda berkonsultasi dengan dokter agar dapat dilakukan pemeriksaan lebih lanjut untuk menelusuri penyebabnya,konsultasi dokter laku periksa telusur,F5,2,2
375,11,"Pemeriksaan klinis dan tes penunjang akan dilakukan seperti tes urine, X - Ray, USG, CT Scan dan sebagainya",periksa klinis tes tunjang laku tes urine x ray usg ct scan,F5,2,2
375,12,Dengan demikian pengobatan yang tepat akan dapat diberikan,obat,F5,2,2
375,13,Berikut ini anjuran yang dapat dilakukan: Beristirahat cukup dan tidur yang cukup,anjur laku istirahat tidur,F5,3,3
375,14,Batasi aktivitas fisik yang terlalu berat,batas aktivitas fisik berat,F5,3,3
375,15,Banyak minum air putih 2 - 3 liter sehari,minum air putih liter,F5,4,4
375,16,Jangan menahan keinginan untuk buang air kecil,tahan buang air,F5,4,4
375,17,Buang air kecil secara teratur,buang air atur,F5,4,4
375,18,Hindari memijat / mengurut bagian pinggang yang sakit,hindar pijat urut pinggang sakit,F5,5,5
375,19,Jika nyeri terasa mengganggu dapat mengonsumsi ibuprofen atau paracetamol untuk meredakan nyeri,nyeri ganggu konsumsi ibuprofen paracetamol reda nyeri,F5,5,5
375,20,Baca laman artikel berikut ini: Penyebab nyeri pinggang,baca laman artikel nyeri pinggang,F5,5,5
375,21,Demikian semoga bermanfaat,moga manfaat,F1,5,5
375,22,"Salam, dr Muliani Sukiman",salam dr muliani sukiman,F1,6,6
376,0,Halo Terima kasih telah menggunakan layanan konsultasi alodokter,halo terima kasih layan konsultasi alodokter,F1,0,0
376,1,Batu ginjal dalam istilah medis sering disebut dengan batu saluran kemih,batu ginjal istilah medis batu salur kemih,F3,1,1
376,2,"Batu saluran kemih merupakan kondisi terbentuknya batu di sistem kemih manusia, mulai dari ginjal, ureter, kandung kemih hingga di uretra / muara akhir saluran kemih",batu salur kemih rupa kondisi bentuk batu sistem kemih manusia ginjal ureter kandung kemih uretra muara salur kemih,F3,1,1
376,3,Terbentuknya batu disaluran kemih seringkali disebabkan penumpukan kristal kalsium di ginjal,bentuk batu salur kemih seringkali tumpuk kristal kalsium ginjal,F3,1,1
376,4,"Penumpukan kristal kalsium dapat dipicu oleh kurangnya asupan cairan dalam tubuh, terlalu berlebihan mengkonsumsi makanan atau minuman tinggi kalsium, penggunaan vitamin c dalam jangka waktu lama, faktor lingkungan dan gaya hidup serta faktor keturunan",tumpuk kristal kalsium picu asupan cair tubuh mengkonsumsi makan minum kalsium vitamin c jangka faktor lingkung gaya hidup faktor turun,F3,2,2
376,5,"Batu saluran kemih tidak hanya dapat disebabkan oleh kristal kalsium, namun batu dapat terbentuk dari kristal asam urat, sistein dan batu sturvit yang sering ditemukan pada wanita",batu salur kemih kristal kalsium batu bentuk kristal asam urat sistein batu sturvit temu wanita,F3,3,3
376,6,"Gejala yang sering dikeluhkan adalah nyeri kolik / nyeri dengan intensitas kuat yang hilang timbul di perut maupun pinggang, namun terkadang juga ditemukan nyeri tumpul seperti pegal di area punggung",gejala keluh nyeri kolik nyeri intensitas kuat hilang timbul perut pinggang terkadang temu nyeri tumpul pegal area punggung,F3,4,4
376,7,Nyeri disebabkan karena sumbatan batu disaluran ureter / uretra,nyeri sumbat batu salur ureter uretra,F3,4,4
376,8,Nyeri dapat menjalar ke bagian atas perut maupun ke area paha hingga kaki,nyeri jalar perut area paha kaki,F3,4,4
376,9,"Beberapa kasus juga banyak ditemukan gejala seperti mual dan muntah, gangguan saat berkemih, demam, urin berwarna merah, frekuensi berkemih yang sering namun jumlahnya sedikit sedikit",temu gejala mual muntah ganggu kemih demam urin warna merah frekuensi kemih,F3,4,4
376,10,"Terkait dengan keluhan anda, berdasarkan usia, jenis kelamin dan gejala yang dirasakan oleh ayah anda, kemungkinan batu saluran kemih dapat menjadi kecurigaan penyebabnya",kait keluh dasar usia jenis kelamin gejala ayah batu salur kemih curiga,F4,5,5
376,11,"Namun, diperlukan informasi lebih lengkap lagi terkait riwayat konsumsi cairan sehari hari, riwayat keluarga lainnya yang pernah memiliki keluhan yang sama, apakah terdapat riwayat buang air kecil seperti berpasir, buang air kecil berdarah, dan lain - lain",informasi lengkap kait riwayat konsumsi cair riwayat keluarga milik keluh riwayat buang air pasir buang air darah,F2,5,6
376,12,Karena nyeri pada perut bawah atau diatas kemaluan juga dapat disebabkan oleh infeksi saluran kemih atau gangguan pada saluran pencernaan,nyeri perut malu infeksi salur kemih ganggu salur cerna,F4,5,7
376,13,Adanya kecurigaan batu saluran kemih sebaiknya dipastikan dengan melakukan serangkaian pemeriksaan,curiga batu salur kemih laku rangkai periksa,F4,5,7
376,14,Jangan ragu untuk melakukan pemeriksaan ke dokter terdekat anda guna mendapatkan pemeriksaan lengkap dan tatalaksana yang tepat,ragu laku periksa dokter periksa lengkap tatalaksana,F4,6,7
376,15,"Pemeriksaan fisik secara langsung dan dibantu dengan pemeriksaan penunjang dengan urinalisis, urin dipstick, pemeriksaan radiologi dengan rontgen perut, usg perut atau CT scan dapat membantu mengevaluasi secara visual gambaran batu yang terbentuk",periksa fisik langsung bantu periksa tunjang urinalisis urin dipstick periksa radiologi rontgen perut usg perut ct scan bantu evaluasi visual gambar batu bentuk,F3,6,7
376,16,Umumnya batu berukuran kecil dapat keluar dengan sendirinya dengan bantuan obat obatan atau mengkonsumsi air yang banyak,batu ukur bantu obat obat mengkonsumsi air,F3,7,8
376,17,"Namun, batu yang berukuran agak besar dan menyumbat cukup sulit untuk dapat keluar dengan sendirinya",batu ukur sumbat sulit,F3,7,8
376,18,Obat obatan pereda nyeri dan tindakan medis dapat dipertimbangkan untuk mengeluarkan batu,obat obat reda nyeri tindak medis timbang batu,F3,7,8
376,19,Dewasa ini metode pengeluaran batu dapat dilakukan dalam bidang kedokteran tanpa dilakukan pembedahan terbuka,dewasa metode batu laku bidang dokter laku bedah buka,F3,8,9
376,20,Konsultasikanlah lebih lanjut dengan dokter spesialis urologi untuk mendapatkan informasi yang lebih lengkap dan relevan,konsultasi dokter spesialis urologi informasi lengkap relevan,F5,8,9
376,21,Tidak disarankan menggunakan pengobatan herbal karena efektivitasnya belum diketahui dengan pasti dalam bidang medis,saran obat herbal efektivitas bidang medis,F5,8,9
376,22,Batu saluran kemih merupakan penyakit yang dapat dicegah,batu salur kemih rupa sakit cegah,F5,9,10
376,23,"Berikut ini beberapa langkah pencegahan dan perawatan dini bagi pasien dengan kecurigaan batu saluran kemih, antara lain : Mengkonsumsi banyak air putih, usahakan untuk berkemih hingga 2L per harinya",langkah cegah rawat pasien curiga batu salur kemih mengkonsumsi air putih usaha kemih l,F5,9,10
376,24,"Hindari konsumsi makanan / minuman kemasan Konsumsi makanan yang seimbang, sehat dan bergizi",hindar konsumsi makan minum kemas konsumsi makan imbang sehat gizi,F5,10,11
376,25,Masaklah air hingga mendidih saringlah air menggunakan filter,masak air didih saring air filter,F5,10,11
376,26,Hindari konsumsi makanan yang mengandung tinggi purin / asam urat,hindar konsumsi makan kandung purin asam urat,F5,10,11
376,27,Hindari mengkonsumsi suplemen multivitamin secara berlebihan,hindar mengkonsumsi suplemen multivitamin,F5,10,11
376,28,Olahraga teratur,olahraga atur,F5,11,11
376,29,Istirahat cukup,istirahat,F5,11,11
376,30,"Sekian informasi yang dapat kami sampaikan, semoga membantu",sekian informasi moga bantu,F1,11,11
377,0,Halo,halo,F1,0,0
377,1,Batu ginjal bisa disebabkan karena : Makanan yang mengandung banyak kalsium oksalat penyebab batu,batu ginjal makan kandung kalsium oksalat batu,F3,1,0
377,2,Kurangnya aktivitas / mobilisasi (lebih banyak duduk daripada berjalan),aktivitas mobilisasi duduk jalan,F3,2,1
377,3,Dehidrasi,dehidrasi,F3,3,2
377,4,Makanan mengandung purin / Asam urat tinggi,makan kandung purin asam urat,F3,3,2
377,5,Kurang minum air putih,minum air putih,F3,4,2
377,6,Bentuk ginjal yang kurang normal,bentuk ginjal normal,F3,5,3
377,7,"Infeksi saluran kemih yang tidak diobati, dan lain - lain",infeksi salur kemih obat,F3,5,3
377,8,Gejala batu ginjal adalah : Nyeri pada punggung yang menjalar ke perut dan selangkangan,gejala batu ginjal nyeri punggung jalar perut selangkang,F3,5,3
377,9,Nyeri saat BAK Sulit BAK Sering BAK,nyeri bak sulit bak bak,F3,5,4
377,10,Mual - muntah,mual muntah,F3,5,4
377,11,Rasa tidak nyaman pada pinggang dan lain - lain,nyaman pinggang,F3,5,4
377,12,"Untuk pemastian penyebab nyeri yang Anda rasakan maka sebaiknya Anda memeriksakan diri secara menyeluruh ke dokter, atau jika perlu lakukanlah tes medis seperti USG dan CT SCAN atau pemeriksaan laian untuk mengetahui apa penyebab nyeri Anda",nyeri periksa dokter laku tes medis usg ct scan periksa lai nyeri,F5,6,5
377,13,"Selain kemungkinan adanya batu ginjal, Maka beberapa kemungkinan lain penyebab keluhan Anda adalah : Infeksi usus",batu ginjal keluh infeksi usus,F3,7,6
377,14,Gangguan otot,ganggu otot,F3,7,6
377,15,Infeksi Ginjal,infeksi ginjal,F3,7,6
377,16,Gangguan tulang belakang,ganggu tulang,F3,7,6
377,17,Sciatica dan lain - lain,sciatica,F3,7,7
377,18,"Karena keterbatasan pengetahuan kami mengenai herbal, maka kami tidak dapat memberikan acuan yang terbaik penanganan herbal untuk batu ginjal ataupun untuk keluhan Anda",batas kena herbal acu tangan herbal batu ginjal keluh,F3,7,7
377,19,Untuk mengurangi rasa nyeri Anda bisa melakukan : Kompres hangat bagian yang terasa nyeri,nyeri laku kompres hangat nyeri,F5,8,8
377,20,Banyak minum air putih (2 liter sehari),minum air putih liter,F5,9,9
377,21,Minum obat pereda nyeri,minum obat reda nyeri,F5,9,9
377,22,Penanganan batu ginjal yang biasa di sarankan akan tergantung dari besarnya ukuran batu tersebut,tangan batu ginjal saran gantung ukur batu,F5,10,10
377,23,Namun pada prinsipnya penanganan bisa dengan menggunakan : Obat peluruh batu ginjal,prinsip tangan obat peluruh batu ginjal,F5,10,10
377,24,Operasi,operasi,F5,11,11
377,25,ESWL = Extracorporated Shockwave Litotripsi,eswl extracorporated shockwave litotripsi,F5,11,11
377,26,Perbanyak mobilisasi,mobilisasi,F5,11,11
377,27,"Hindari makanan yang bisa memicu pembentukan batu = makanan mengandung asam urat, jeroan, kalsium, vitamin C dosis tinggi, seafood, tempe, tahu, dan lain - lain",hindar makan picu bentuk batu makan kandung asam urat jeroan kalsium vitamin c dosis seafood tempe,F5,12,12
377,28,Semoga membantu,moga bantu,F1,12,12
377,29,dr Yusi,dr yusi,F1,13,13
378,0,"Wa’alikumsalam warahmatullahi wabarokatuh, Halo Saudara Agus, terima kasih telah bertanya di Aldokter",waalikumsalam warahmatullahi wabarokatuh halo saudara agus terima kasih aldokter,F1,0,0
378,1,Saya coba bantu jelaskan,coba bantu,F1,0,0
378,2,"Normalnya dalam satu hari frekuensi buang air kecil seseorang adalah sebanyak 1 - 1,8 liter atau 4 - 8x buang air kecil",normal frekuensi buang air orang liter x buang air,F3,1,1
378,3,"Tetapi pada sebagian orang hal tersebut dapat terjadi secara berlebihan, bahkan terkadang menggangu ketika hendak tidur pada malam harinya",orang terkadang menggangu tidur malam,F3,1,1
378,4,"Pada umumnya penyebab sering buang air kecil pada malam hari adalah mengkonsumsi air putih sebelum tidur, hal tersebut tentu nantinya membuat tidur terganggu karena harus terbangun untuk buang air kecil",buang air malam mengkonsumsi air putih tidur tidur ganggu bangun buang air,F3,1,1
378,5,"Tetapi ada beberapa kondisi yang menyebabkan sering buang air kecil padahal minum sedikit, yaitu : Infeksi saluran kemih, Infeksi pada ginjal, Batu ginjal, Gangguan prostat, Mengkonsumsi obat seperti furosemid, Gangguan pada saraf di kandung kemih",kondisi buang air minum infeksi salur kemih infeksi ginjal batu ginjal ganggu prostat mengkonsumsi obat furosemid ganggu saraf kandung kemih,F3,2,2
378,6,"Untuk mengetahui gejala yang ditimbulkan mengarah ke penyakit apa, tentunya diperlukan pemeriksaan lebih lanjut oleh dokter",gejala timbul arah sakit periksa dokter,F5,2,2
378,7,"Nantinya dokter akan memeriksa kondisi fisik anda terutama pada bagian kandung kemih, dan apabila diperlukan akan dilakukan pemeriksaan tambahan seperti pemeriksaan urin, pemeriksaan prostat, USG abdomen",dokter periksa kondisi fisik utama kandung kemih laku periksa periksa urin periksa prostat usg abdomen,F5,2,2
378,8,"Beberapa hal yang dapat dilakukan untuk membantu mengurangi gejala, seperti : Hindari mengkonsumsi air putih sebelum tidur",laku bantu gejala hindar mengkonsumsi air putih tidur,F5,2,2
378,9,Melatih kandung kemih Latihan senam kegel,latih kandung kemih latih senam gel,F5,2,2
378,10,"Apabila keluhan dirasakan mengganggu aktivitas sehari - hari, sebaiknya diperiksakan ke dokter agar dapat ditangani lebih lanjut",keluh ganggu aktivitas periksa dokter tangan,F5,2,2
378,11,"Semoga membantu, terima kasih",moga bantu terima kasih,F1,2,2
379,0,Hai,hai,F1,0,0
379,1,Nyeri pinggang dan perut bawah sebelah kanan dapat disebabkan oleh berbagai kemungkinan penyebab berikut ini: Radang usus buntu,nyeri pinggang perut belah kanan radang usus buntu,F3,0,0
379,2,Gangguan usus besar,ganggu usus,F3,0,0
379,3,Cedera otot atau tulang,cedera otot tulang,F3,0,0
379,4,Infeksi saluran kemih / ISK,infeksi salur kemih isk,F3,0,0
379,5,Infeksi ginjal Batu ginjal Gangguan organ reproduksi (pada wanita) dan sebagainya,infeksi ginjal batu ginjal ganggu organ reproduksi wanita,F3,0,0
379,6,Untuk memastikan penyebabnya sebaiknya Anda berkonsultasi dengan dokter agar dapat dilakukan pemeriksaan lebih lanjut,konsultasi dokter laku periksa,F5,1,1
379,7,"Pemeriksaan fisik dan tes penunjang akan dilakukan seperti tes urine, X - Ray, USG dan sebagainya",periksa fisik tes tunjang laku tes urine x ray usg,F5,1,1
379,8,Dengan demikian penyebabnya akan dapat diidentifikasi dan ditangani secara tepat,identifikasi tangan,F5,1,1
379,9,Berikut ini anjuran yang dapat dilakukan: Beristirahat dan tidur yang cukup 7 - 8 jam,anjur laku istirahat tidur jam,F5,1,1
379,10,Membatasi aktivitas yang terlalu berat,batas aktivitas berat,F5,1,1
379,11,Minum banyak air putih 8 - 10 gelas sehari agar saluran kemih terbilas secara teratur,minum air putih gelas salur kemih bilas atur,F5,2,2
379,12,Jangan menahan keinginan berkemih,tahan kemih,F5,2,2
379,13,Buang air kecil secara teratur,buang air atur,F5,2,2
379,14,Hindari memijat / mengurut bagian perut dan pinggang yang sakit,hindar pijat urut perut pinggang sakit,F5,3,3
379,15,"Baca laman artikel berikut: Penyebab sakit pinggang sebelah kanan, Kenapa bisa terjadi sakit perut bagian bawah?",baca laman artikel sakit pinggang belah kanan sakit perut,F5,3,3
379,16,Demikian semoga bermanfaat,moga manfaat,F1,4,4
379,17,"Salam, dr Muliani Sukiman",salam dr muliani sukiman,F1,4,4
380,0,Halo Inar,halo inar,F1,0,0
380,1,Infeksi ginjal atau pielonefritis biasanya merupakan komplikasi dari infeksi saluran kemih yang disebabkan oleh bakteri,infeksi ginjal pielonefritis rupa komplikasi infeksi salur kemih bakteri,F3,0,0
380,2,"Penderita infeksi ginjal umumnya merasakan gejala : sering dan nyeri saat buang air kecil, perubahan warna ataupun bau urin, nyeri atau tidak nyaman di sekitar perut samping atau bagian punggung bawah, demam atau menggigil, mual dan muntah, kehilangan selera makan, merasa kelelahan, dan lain - lain",derita infeksi ginjal gejala nyeri buang air ubah warna bau urin nyeri nyaman perut samping punggung demam gigil mual muntah hilang selera makan lelah,F3,1,0
380,3,Kemungkinan sesak yang Anda alami disebabkan oleh nyeri yang tidak tertahankan atau disebut kolik,sesak alami nyeri tahan kolik,F4,1,0
380,4,Sebaiknya Anda segera memeriksakan diri ke dokter,periksa dokter,F5,2,1
380,5,Dokter akan melakukan pemeriksaan fisik dan tes urin untuk memastikan diagnosis dan tingkat keparahan infeksi ginjal yang Anda alami,dokter laku periksa fisik tes urin diagnosis tingkat parah infeksi ginjal alami,F5,2,1
380,6,"Pada kasus infeksi ginjal yang berat, diperlukan perawatan di rumah sakit",infeksi ginjal berat rawat rumah sakit,F3,2,1
380,7,"Selain infeksi ginjal, keluhan yang Anda alami juga bisa disebabkan oleh batu ginjal ataupun kelainan pada organ reproduksi, misalnya peradangan tuba falopi, kehamilan ektopik terganggung, dan sebagainya",infeksi ginjal keluh alami batu ginjal organ reproduksi radang tuba falopi hamil ektopik terganggung,F3,2,1
380,8,"Oleh karena itu, tes urin merupakan pemeriksaan awal yang secara rutin dilakukan",tes urin rupa periksa rutin laku,F3,3,2
380,9,"Bila diperlukan dokter dapat melakukan pemeriksaan lanjutan, berupa USG ataupun pyelografi intravena",dokter laku periksa rupa usg pyelografi intravena,F3,3,2
380,10,Diskusikanlah dengan dokter yang memeriksa Anda,diskusi dokter periksa,F3,3,2
380,11,Silahkan baca infeksi ginjal dan batu ginjal,silah baca infeksi ginjal batu ginjal,F5,3,3
380,12,Semoga bermanfaat,moga manfaat,F1,3,3
380,13,dr Lili,dr lili,F1,4,4
381,0,Halo,halo,F1,0,0
381,1,Keluhan rasa pegal di pinggang dan nyeri di perut bagian bawah (daerah rahim) tidak selalu berkaitan dengan gangguan di reproduksi,keluh pegal pinggang nyeri perut daerah rahim kait ganggu reproduksi,F4,0,0
381,2,"Jika Anda sudah memastikan ke dokter kandungan tidak ada masalah pada saluran reproduksi, beberapa penyebab lain yang mungkin adalah: infeksi kandung kemih, batu kandung kemih, cedera atau regangan otot, infeksi ginjal, gangguan usus",dokter kandung salur reproduksi infeksi kandung kemih batu kandung kemih cedera regang otot infeksi ginjal ganggu usus,F3,0,0
381,3,"Umumnya jika disertai gejala nyeri saat buang air kecil, Urin keruh, demam, sering buang air kecil maka akan mengarah ke infeksi saluran kemih",gejala nyeri buang air urin keruh demam buang air arah infeksi salur kemih,F3,0,1
381,4,"Jika memiliki gejala gangguan pencernaan akan mengarah ke gangguan di usus, dan lain sebagainya",milik gejala ganggu cerna arah ganggu usus,F3,0,1
381,5,"Dalam menentukan penyebab nyeri perut tersebut memerlukan pemeriksaan langsung oleh dokter, dokter juga dapat melakukan pemeriksaan darah dan Urin di laboratorium serta USG jika perlu",nyeri perut periksa langsung dokter dokter laku periksa darah urin laboratorium usg,F3,0,2
381,6,"Vagina yang nyeri seperti tertarik - tarik dapat merupakan masalah yang serius jika disertai: muncul rasa gatal, kemerahan, dan iritasi di vagina",vagina nyeri tarik tarik rupa serius muncul gatal merah iritasi vagina,F3,1,3
381,7,Muncul benjolan atau bintik - bintik di vagina,muncul benjol bintik bintik vagina,F3,1,3
381,8,Keluar lendir yang berbau serta berwarna kuning kehijauan atau coklat atau bercampur darah,lendir bau warna kuning hijau coklat campur darah,F3,2,3
381,9,Keluar flek atau perdarahan di antara siklus menstruasi,flek darah siklus menstruasi,F3,3,3
381,10,"Artikel ini dapat dibaca: Nyeri perut bawah, Penyakit pada vagina",artikel baca nyeri perut sakit vagina,F5,3,3
381,11,"Semoga membantu ya, dr Miranti Iskandar",moga bantu ya dr miranti iskandar,F1,4,4
382,0,Hai,hai,F1,0,0
382,1,Nyeri saat berkemih (disuria) atau biasa dikenal sebagai anyang - anyangan dapat disebabkan oleh: Infeksi saluran kemih,nyeri kemih disuria kenal anyang anyang infeksi salur kemih,F3,0,0
382,2,"Batu ginjal, terutama yang berada di kandung kemih",batu ginjal utama kandung kemih,F3,0,0
382,3,"Penyempitan saluran kemih, biasanya akibat jaringan parut (scar) pasca pemasangan selang kencing",sempit salur kemih akibat jaring parut scar pasca pasang selang kencing,F3,0,0
382,4,Tumor jinak kandung kemih,tumor jinak kandung kemih,F3,0,0
382,5,Keganasan kandung kemih,ganas kandung kemih,F3,0,0
382,6,Ketidakteraturan menstruasi Anda mungkin berkaitan / mungkin juga tidak berkaitan dengan gejala berkemih dan rasa gatal di liang vagina,ketidakteraturan menstruasi kait kait gejala kemih gatal liang vagina,F4,0,0
382,7,Berikut kemungkinannya: Berbagai penyakit menular seksual,sakit tular seksual,F3,0,0
382,8,Endometriosis - yaitu jaringan endometrium (lapisan dalam rahim) yang tumbuh secara \liar\ di luar tempat seharusnya,endometriosis jaring endometrium lapis rahim tumbuh liar,F3,0,0
382,9,Berbagai macam Vaginitis (peradangan vagina),vaginitis radang vagina,F3,0,0
382,10,Anda sebaiknya berkonsultasi pada Dokter Anda / Spesialis Kandungan dan Kebidanan (SpOG) untuk dilakukan penggalian riwayat terarah dan pemeriksaan fisik secara langsung,konsultasi dokter spesialis kandung bidan spog laku gali riwayat arah periksa fisik langsung,F5,1,1
382,11,"Anda juga mungkin memerlukan pemeriksaan tambahan seperti pemeriksaan spekulum (bagi yang sudah menikah), pemeriksaan air seni dan USG bila dirasa perlu",periksa periksa spekulum nikah periksa air seni usg,F5,2,2
382,12,"Untuk sementara waktu, Anda sebaiknya: Minum cukup air setiap harinya, sekurangnya 8 gelas per hari atau setiap kali Anda haus",minum air gelas kali haus,F5,2,2
382,13,Tidak menahan BAK,tahan bak,F5,3,3
382,14,Tidak mengenakan bawahan / celana dalam ketat dan panas,kena celana ketat panas,F5,3,3
382,15,Membersihkan alat kelamin setiap sehabis BAK atau hubungan intim dengan arah depan ke belakang,bersih alat kelamin habis bak hubung intim arah,F5,3,3
382,16,Artikel ini mungkin membantu: Menangani vagina gatal,artikel bantu tangan vagina gatal,F5,3,3
382,17,"Sekian, semoga bermanfaat",sekian moga manfaat,F1,3,4
382,18,dr Radius Kusuma,dr radius kusuma,F1,4,4
383,0,"Halo Hennie, Terima kasih telah bertanya ke Alodokter",halo hennie terima kasih alodokter,F1,0,0
383,1,"Urin yang normal bisa bervariasi warnanya, mulai dari bening hingga kuning pekat",urin normal variasi warna bening kuning pekat,F3,0,0
383,2,"Selain karena jumlah cairan yang dikonsumsi, warna urin ini juga dipengaruhi oleh beragam faktor lainnya, seperti zat warna yang terkandung dalam makanan atau minuman yang dikonsumsi, pengaruh obat, hingga gangguan kesehatan tertentu, misalnya infeksi, tumor, atau batu di saluran kemih (termasuk ginjal), gangguan hati, gangguan saluran empedu, gangguan prostat, keracunan, dan sebagainya",cair konsumsi warna urin pengaruh agam faktor zat warna kandung makan minum konsumsi pengaruh obat ganggu sehat infeksi tumor batu salur kemih masuk ginjal ganggu hati ganggu salur empedu ganggu prostat racun,F3,0,0
383,3,Adapun warna urin yang Anda tetap bening usai mengkonsumsi air kunyit kemungkinan besar bukan merupakan kondisi yang berbahaya,warna urin bening mengkonsumsi air kunyit rupa kondisi bahaya,F4,0,0
383,4,"Jika air kunyit yang Anda konsumsi jumlahnya hanya sedikit, atau jika selain mengkonsumsi air kunyit tersebut Anda juga mengkonsumsi banyak air putih, maka sangat wajar jika warna urin Anda tetap bening, bukannya kuning",air kunyit konsumsi mengkonsumsi air kunyit mengkonsumsi air putih wajar warna urin bening kuning,F4,0,0
383,5,"Karenanya, tidak perlu khawatir berlebihan ya",khawatir ya,F4,1,1
383,6,"Jika ingin memastikan, Anda bisa memeriksakan diri langsung ke dokter di fasilitas kesehatan terdekat guna dilakukan pemeriksaan lebih lanjut, misalnya tes urin, dan sebagainya",periksa langsung dokter fasilitas sehat laku periksa tes urin,F5,1,1
383,7,Semoga membantu ya,moga bantu ya,F1,1,1
384,0,"Halo, Terima kasih atas pertanyaannya",halo terima kasih,F1,0,0
384,1,Apakah yang Anda maksud dengan radang ginjal adalah infeksi ginjal?,maksud radang ginjal infeksi ginjal,F2,1,1
384,2,Kedua kondisi medis ini dapat terjadi pada waktu yang bersamaan,kondisi medis,F4,1,1
384,3,Infeksi ginjal disebabkan oleh infeksi saluran kemih bagian bawah (kandung kemih) yang naik ke arah ginjal,infeksi ginjal infeksi salur kemih kandung kemih arah ginjal,F3,1,1
384,4,"Infeksi ini menyebabkan penderitanya memiliki gejala sakit saat BAK, sering BAK, rasa tidak tuntas setelah BAK, warna urin yang berubah, bau urin yang berbeda, demam, sakit pada pinggang, mual, muntah",infeksi derita milik gejala sakit bak bak tuntas bak warna urin ubah bau urin beda demam sakit pinggang mual muntah,F3,1,1
384,5,Diagnosis infeksi ginjal pada umumnya ditegakkan dengan mengetahui keluhan penderita dan pemeriksaan fisik oleh dokter,diagnosis infeksi ginjal tegak keluh derita periksa fisik dokter,F3,1,1
384,6,Dokter juga dapat melakukan pemeriksaan lebih lanjut seperti pemeriksaan urin dan USG ginjal,dokter laku periksa periksa urin usg ginjal,F3,1,1
384,7,"Setelah terbukti infeksi ginjal, penderitanya akan diobati dengan antibiotik untuk beberapa waktu",bukti infeksi ginjal derita obat antibiotik,F3,1,1
384,8,"Selain itu, penderitanya juga disarankan untuk mengkonsumsi banyak air putih dan menghindari menahan BAK",derita saran mengkonsumsi air putih hindar tahan bak,F3,2,2
384,9,Penyakit usus buntu terjadi akibat adanya peradangan pada usus buntu yang letaknya ada di bagian kanan bawah yang terhubung dengan usus besar,sakit usus buntu akibat radang usus buntu letak kanan hubung usus,F3,3,3
384,10,Penyebab dari terjadinya penyakit usus buntu tidak diketahui dengan pasti namun kondisi ini diperkirakan berkaitan dengan tersumbatnya usus buntu oleh tinja atau adanya kelenjar getah bening yang bengkak dan menyumbat usus buntu sehingga menyebabkan peradangan,sakit usus buntu kondisi kait sumbat usus buntu tinja kelenjar getah bening bengkak sumbat usus buntu radang,F3,3,3
384,11,"Penderita penyakit usus buntu akan mengalami gejala sakit perut yang berawal di bagian tengah kemudian berpindah ke kanan bawah, mual, muntah, demam, konstipasi / diare, dan tidak nafsu makan",derita sakit usus buntu alam gejala sakit perut pindah kanan mual muntah demam konstipasi diare nafsu makan,F3,4,4
384,12,"Untuk mendiagnosis penyakit usus buntu, dokter akan menanyakan keluhan penderita, melakukan pemeriksaan fisik, dan melakukan pemeriksaan tambahan seperti pemeriksaan darah, pemeriksaan urin, dan USG / CT scan",diagnosis sakit usus buntu dokter keluh derita laku periksa fisik laku periksa periksa darah periksa urin usg ct scan,F3,5,5
384,13,"Setelah terbukti penyakit usus buntu, dokter akan menyarankan operasi pengangkatan usus buntu sebagai penanganan selanjutnya",bukti sakit usus buntu dokter saran operasi angkat usus buntu tangan,F3,5,5
384,14,Jika Anda mengalami kedua kondisi medis ini silakan Anda berkonsultasi dengan dokter lebih lanjut,alam kondisi medis sila konsultasi dokter,F5,6,6
384,15,Jalani pengobatan yang dianjurkan dokter,jalan obat anjur dokter,F5,6,6
384,16,"Jika Anda merasa nyeri pinggang atau yeri perut, Anda dapat mengkonsumsi parasetamol untuk meredakan nyeri sementara",nyeri pinggang yeri perut mengkonsumsi parasetamol reda nyeri,F5,7,7
384,17,Semoga membantu,moga bantu,F1,7,7
384,18,Dr Aloisia,dr aloisia,F1,7,7
385,0,"Halo, terima kasih atas pertanyaannya",halo terima kasih,F1,0,0
385,1,"Ngilu di area tulang belakang hingga ke paha disertai keringat dingin paling mungkin menandakan suatu infeksi, contohnya infeksi ginjal dan saluran kemih, infeksi pencernaan, infeksi pernapasan, demam dengue, hepatitis, meningitis, malaria, infeksi menular seksual, dan sebagainya",ngilu area tulang paha keringat dingin tanda infeksi contoh infeksi ginjal salur kemih infeksi cerna infeksi napas demam dengue hepatitis meningitis malaria infeksi tular seksual,F3,1,1
385,2,"Di samping infeksi, keluhan yang Anda rasakan mungkin pula muncul karena faktor lain, seperti batu ginjal, batu kandung kemih, sistitis, syaraf kejepit, rheumatoid arthritis, fibromyalgia, kekurangan nutrisi neurotropik, keganasan, dispepsia, gangguan metabolik, gangguan psikosomatis, gangguan emas berlebih, dan sebagainya",samping infeksi keluh muncul faktor batu ginjal batu kandung kemih sistitis syaraf jepit rheumatoid arthritis fibromyalgia nutrisi neurotropik ganas dispepsia ganggu metabolik ganggu psikosomatis ganggu emas,F3,1,1
385,3,"Besar kemungkinan, keluhan Anda ini tidak terkait langsung dengan hipertensi (tekanan darah tinggi) yang Anda derita sebelumya",keluh kait langsung hipertensi tekan darah derita sebelumya,F4,2,2
385,4,"Jika keluhan Anda berlangsungnya baru 2 hari belakangan, sebaiknya Anda tidak dulu panik ya",keluh langsung panik ya,F4,2,2
385,5,"Agar mereda, upaya berikut bisa dilakukan: Kompres hangat atau oleskan krim pereda nyeri di area tulang belakang hingga paha Anda tersebut",reda upaya laku kompres hangat oles krim reda nyeri area tulang paha,F3,2,2
385,6,Minum obat paracetamol bila diperlukan,minum obat paracetamol,F3,2,2
385,7,"Perbanyak istirahat, tidur di alas yang nyaman sesuai dengan kelengkungan tulang belakang Anda",istirahat tidur alas nyaman sesuai lengkung tulang,F3,3,3
385,8,Selalu kenakan celana dan alas kaki yang nyaman dalam beraktifitas,kena celana alas kaki nyaman beraktifitas,F3,3,3
385,9,"Teratur berolahraga setiap 1 - 2 hari sekali selama setidaknya 30 menit durasinya, contohnya dengan berenang, yoga, pilates, dan sebagainya",atur olahraga menit durasi contoh renang yoga pilates,F3,4,4
385,10,Batasi dulu mengangkat benda yang terlalu berat,batas angkat benda berat,F3,4,4
385,11,Jangan terlalu stres,stres,F3,5,5
385,12,"Kontrol hipertensi dan penyakit asam lambung Anda dengan berobat teratur, batasi makanan yang megandung tinggi garam, makan porsi kecil namun sering, kurangi makan makanan pedas dan bergas",kontrol hipertensi sakit asam lambung obat atur batas makan megandung garam makan porsi makan makan pedas bergas,F3,5,5
385,13,"Namun, bila ngilu terasa sangat mengganggu, atau muncul demam, kebas, lemas atau lumpuh di alat gerak, muntah - muntah, gangguan buang air besar atau kecil, dan keluhan berat lainnya, jangan sungkan periksa langsung ke dokter terdekat ya",ngilu ganggu muncul demam kebas lemas lumpuh alat gerak muntah muntah ganggu buang air keluh berat sungkan periksa langsung dokter ya,F5,5,6
385,14,"Jika perlu, nantinya dokter bisa mengarahkan Anda untuk menjalani pemeriksaan urin, darah, rontgen, CT scan, bahkan juga merujuk Anda ke dokter syaraf atau penyakit dalam",dokter arah jalan periksa urin darah rontgen ct scan rujuk dokter syaraf sakit,F5,6,6
385,15,Semoga membantu ya,moga bantu ya,F1,6,6
386,0,"Halo, terima kasih atas pertanyaannya",halo terima kasih,F1,0,0
386,1,"Perlu diperjelas, seperti apa persisnya gejala batu ginjal yang dialami rekan Anda tersebut?",persis gejala batu ginjal alami rekan,F2,1,1
386,2,Apakah ia sudah berobat ke dokter?,obat dokter,F2,1,1
386,3,Apakah saat ini batu ginjalnya sudah dinyatakan sembuh?,batu ginjal nyata sembuh,F2,1,1
386,4,Material urin terkadang bisa mengeras dan membentuk batu,material urin terkadang keras bentuk batu,F3,1,1
386,5,"Batu ini, jika terletak di ginjal, bisa melukai dinding ginjal dan menyumbat aliran urin sehingga memicu keluhan yang berat, seperti nyeri pinggang hingga punggung dan kemaluan, mual, muntah, urin berdarah, urin berwarna keruh atau berbau menyengat, anyang - anyangan, menggigil, dan sebagainya",batu letak ginjal luka dinding ginjal sumbat alir urin picu keluh berat nyeri pinggang punggung malu mual muntah urin darah urin warna keruh bau sengat anyang anyang gigil,F3,1,1
386,6,"Tergantung keparahannya, batu ginjal ini bisa cukup ditangani dengan modifikasi gaya hidup (seperti memperbanyak minum, mengubah pola diet, menghentikan kebiasaan menahan buang air kecil), diberikan beberapa jenis obat - obatan, dioperasi, ataupun dilakukan modalitas terapi lainnya, seperti cuci darah jika batu ginjal sudah merusak ginjal dengan sangat signifikan (gagal ginjal)",gantung parah batu ginjal tangan modifikasi gaya hidup minum ubah pola diet henti tahan buang air jenis obat obat operasi laku modalitas terapi cuci darah batu ginjal rusak ginjal signifikan gagal ginjal,F3,1,1
386,7,"Terkait pertanyaan Anda, kontak dengan nikel, apalagi dalam jangka waktu lama dan tanpa APD (alat pelindung diri) yang tepat, berisiko memperparah kerusakan ginjal",kait kontak nikel jangka apd alat lindung risiko parah rusak ginjal,F4,1,1
386,8,"Akan tetapi, potensi bahaya ini umumnya ditujukan utamanya pada orang yang fungsi ginjalnya sudah jelek (misalnya karena gagal ginjal)",potensi bahaya tuju utama orang fungsi ginjal jelek gagal ginjal,F4,1,1
386,9,"Jika batu ginjal yang rekan Anda derita ringan saja atau bahkan sudah sembuh dengan penanganan dokter, bisa jadi tidak berbahaya baginya bekerja di area yang dekat dengan nikel",batu ginjal rekan derita ringan sembuh tangan dokter bahaya kerja area nikel,F4,1,1
386,10,"Meski begitu, hal ini tentu saja bisa berbeda - beda, tergantung dari seberapa besar paparan nikel dan substansi berbahaya di lingkungan pekerjaan tersebut, APD yang digunakan saat bekerja, aktifitas pekerjaan yang dilakukan, status kesehatan rekan Anda secara umum, dan banyak lagi faktor lainnya",beda beda gantung papar nikel substansi bahaya lingkung kerja apd kerja aktifitas kerja laku status sehat rekan faktor,F4,2,2
386,11,"Sebab itu, yang paling tepat menjawab akan hal ini tentulah dokter atau dokter penyakit dalam yang memeriksa rekan Anda",dokter dokter sakit periksa rekan,F5,3,3
386,12,"Jadi, berkonsultasilah langsung dengan beliau ya",konsultasi langsung beliau ya,F5,3,3
386,13,Semoga membantu,moga bantu,F1,3,3
387,0,"Selamat siang, terima kasih telah bertanya di Alodokter",selamat siang terima kasih alodokter,F1,0,0
387,1,"Adanya rasa sakit atau ketidaknyamanan ketika berkemih bisa disebabkan oleh berbagai hal, seperti: Infeksi saluran kemih, Batu ginjal, Batu kandung kemih, Urethritis, Dan bisa juga kemungkinan lainnya seperti adanya masalah pada prostat terutama bila usia Anda sudah mendekati paru baya",sakit ketidaknyamanan kemih infeksi salur kemih batu ginjal batu kandung kemih urethritis prostat utama usia paru baya,F3,0,0
387,2,"Idealnya memang ini harus diperiksakan secara langsung, karena dokter memerlukan data tentang Anda seperti tekanan darah, hasil lab, serta pemeriksaan fisik yang tidak bisa dilakukan secara online",ideal periksa langsung dokter data tekan darah hasil lab periksa fisik laku online,F3,0,0
387,3,"Namun karena memang sekarang sedang ada wabah corona dan sebaiknya semua orang tidak keluar rumah selama itu tidak penting, maka cobalah untuk melakukan perawatan mandiri terlebih dahulu dengan memperbanyak konsumsi air putih, jangan menahan keinginan berkemih, menghindari hubungan seksual terlebih dahulu, dan mengompres area yang nyeri dengan kompres hangat",wabah corona orang rumah coba laku rawat mandiri konsumsi air putih tahan kemih hindar hubung seksual kompres area nyeri kompres hangat,F3,0,0
387,4,"Jika kondisinya tidak membaik dalam beberapa hari kedepan atau malah memburuk, maka tidak masalah untuk memeriksakan diri Anda ke dokter, terutama dokter umum terlebih dahulu",kondisi buruk periksa dokter utama dokter,F5,0,0
387,5,"Selama berada di luar rumah untuk periksa, jangan lupa kenakan masker, rutin cuci tangan, jaga jarak, dan segera mandi dan berganti baju sesampainya di rumah",rumah periksa lupa kena masker rutin cuci tangan jaga jarak mandi ganti baju rumah,F5,1,0
387,6,"Sekian, semoga menjawab pertanyaan Anda",sekian moga,F1,1,0
388,0,Hai,hai,F1,0,0
388,1,"Keluhan yang Anda alami kemungkinan merupakan suatu infeksi saluran kemih / ISK, yaitu peradangan pada saluran kemih akibat infeksi bakteri",keluh alami rupa infeksi salur kemih isk radang salur kemih akibat infeksi bakteri,F4,1,1
388,2,Gejala yang dapat timbul di antaranya adalah: nyeri saat buang air kecil,gejala timbul nyeri buang air,F3,2,2
388,3,buang air kecil sedikit – sedikit,buang air,F3,2,2
388,4,sering buang air kecil,buang air,F3,2,2
388,5,nyeri perut bagian bawah atau sekitar anus,nyeri perut anus,F3,2,3
388,6,"warna Urin menjadi keruh, kadang dapat bercampur darah",warna urin keruh kadang campur darah,F3,2,3
388,7,Urin berbau menyengat dan sebagainya,urin bau sengat,F3,2,3
388,8,Penanganan ISK adalah dengan pemberian obat analgetik untuk meredakan nyeri dan antibiotik yang dikonsumsi sesuai petunjuk dokter,tangan isk obat analgetik reda nyeri antibiotik konsumsi sesuai dokter,F3,3,3
388,9,Namun demikian keluhan yang serupa dapat pula diakibatkan oleh berbagai kemungkinan penyebab lainnya berikut ini: Infeksi ginjal Batu ginjal,keluh rupa akibat infeksi ginjal batu ginjal,F3,3,3
388,10,Radang kandung kemih,radang kandung kemih,F3,3,3
388,11,"Penyakit menular seksual (gonore, trikomoniasis, klamidia) dan sebagainya",sakit tular seksual gonore trikomoniasis klamidia,F3,3,3
388,12,Berikut ini anjuran yang dapat Anda lakukan: Minum banyak air putih 2 - 3 liter sehari agar saluran kemih terbilas secara teratur sehingga bakteri tidak sempat berkembang biak,anjur laku minum air putih liter salur kemih bilas atur bakteri kembang biak,F3,4,4
388,13,Jangan menahan keinginan untuk berkemih,tahan kemih,F3,4,4
388,14,Buang air kecil secara teratur,buang air atur,F3,4,4
388,15,Menggunakan pengaman (kondom) saat berhubungan seksual,aman kondom hubung seksual,F3,4,4
388,16,Konsumsi makanan bergizi dan beristirahat cukup agar daya tahan tubuh terjaga,konsumsi makan gizi istirahat daya tahan tubuh jaga,F3,4,4
388,17,Bila keluhan tidak kunjung membaik sebaiknya Anda berkonsultasi dengan dokter agar dapat ditelusuri penyebabnya,keluh kunjung konsultasi dokter telusur,F5,5,5
388,18,"Dokter akan melakukan pemeriksaan fisik dan tes penunjang yang diperlukan seperti tes urine, USG, X - Ray dan sebagainya",dokter laku periksa fisik tes tunjang tes urine usg x ray,F5,5,5
388,19,Dengan demikian penyebabnya dapat diidentifikasi dan ditangani secara tepat,identifikasi tangan,F5,5,6
388,20,"Baca laman artikel berikut ini: Infeksi saluran kemih / ISK, Penyebab nyeri saat buang air kecil",baca laman artikel infeksi salur kemih isk nyeri buang air,F5,6,6
388,21,Demikian semoga bermanfaat,moga manfaat,F1,6,6
388,22,"Salam, dr Muliani Sukiman",salam dr muliani sukiman,F1,7,7
389,0,Selamat malam,selamat malam,F1,0,0
389,1,Sakit pada saat buang air kecil umumnya sering disebabkan karena infeksi saluran kemih (ISK),sakit buang air infeksi salur kemih isk,F4,1,1
389,2,Baca topik terkait : infeksi saluran kemih,baca topik kait infeksi salur kemih,F5,1,1
389,3,Penyebab lain yang dapat menimbulkan keluhan serupa seperti : Infeksi kandung kemih,timbul keluh rupa infeksi kandung kemih,F3,1,1
389,4,Batu saluran kemih,batu salur kemih,F3,1,1
389,5,Batu ginjal,batu ginjal,F3,1,1
389,6,Peradangan rongga panggul,radang rongga panggul,F3,1,1
389,7,Keganasan,ganas,F3,1,1
389,8,"Untuk dapat menyingkirkan penyebab tersebut sebaiknya Anda memeriksakan diri ke dokter untuk dapat dilakukan pemeriksaan fisik berdasarkan riwayat Anda, tes medis yang diperlukan seperti pemeriksaan urin lengkap, kultur urin maupun USG, sehingga Anda mendapatkan penanganan dan pengobatan yang tepat",singkir periksa dokter laku periksa fisik dasar riwayat tes medis periksa urin lengkap kultur urin usg tangan obat,F5,2,2
389,9,Beberapa saran yang dapat dilakukan dirumah : Jangan menahan buang air kecil dalam waktu yang lama,saran laku rumah tahan buang air,F5,3,3
389,10,Minum banyak air putih,minum air putih,F5,3,3
389,11,Menjaga kebersihan organ intim,jaga bersih organ intim,F5,3,3
389,12,"Budayakan pola hidup sehat seperti tidak merokok dan minum alkohol, konsumsi buah dan sayur, rajin berolahraga",budaya pola hidup sehat rokok minum alkohol konsumsi buah sayur rajin olahraga,F5,3,3
389,13,Untuk sementara waktu Anda dapat meminum obat penghilang rasa nyeri yang dijual bebas seperti parasetamol sesuai dosis yang dianjurkan pada label kemasan,minum obat hilang nyeri jual bebas parasetamol sesuai dosis anjur label kemas,F5,3,3
389,14,"Semoga penjelasan diatas dapat bermanfaat, dr Rievia",moga manfaat dr rievia,F1,3,3
390,0,Halo Yeni,halo yen,F1,0,0
390,1,Terima kasih sudah bertanya,terima kasih,F1,0,0
390,2,"Keluhan nyeri pada pinggang kanan kerap kali dialami, biasanya penyebabnya tidak berbahaya, namun tetap saja, keluhan tersebut harus diwaspadai",keluh nyeri pinggang kanan kerap kali alami bahaya keluh waspada,F4,1,1
390,3,Beberapa penyebab yang mungkin untuk keluhan Anda antara lain : Cedera Penjepitan saraf,keluh cedera jepit saraf,F3,1,1
390,4,Kram otot,kram otot,F3,1,1
390,5,Batu ginjal,batu ginjal,F3,1,1
390,6,Infeksi ginjal,infeksi ginjal,F3,1,1
390,7,Infeksi saluran kemih,infeksi salur kemih,F3,1,1
390,8,Batu empedu atau radang kandung empedu,batu empedu radang kandung empedu,F3,1,1
390,9,Endometriosis dan lainnya,endometriosis,F3,1,1
390,10,"Cobalah beberapa tips berikut untuk membantu mengatasi keluhan yang Anda alami, antara lain : Istirahat cukup minimal 8 jam sehari Olahraga teratur",coba tips bantu keluh alami istirahat minimal jam olahraga atur,F5,2,2
390,11,Perbaiki posisi Anda saat duduk atau bekerja Konsumsi air putih minimal 8 - 10 gelas setiap hari,posisi duduk kerja konsumsi air putih minimal gelas,F5,2,2
390,12,"Jaga kebersihan organ intim Anda, cuci tangan sebelum dan setelah buang air kecil",jaga bersih organ intim cuci tangan buang air,F5,3,3
390,13,"Cuci organ intim dari arah depan (lubang kemih), ke arah belakang (lubang anus)",cuci organ intim arah lubang kemih arah lubang anus,F5,3,3
390,14,Rajin mengganti pembalut,rajin ganti balut,F5,4,4
390,15,"Bila keluhan yang Anda rasakan bertambah parah, atau tidak membaik, dan mungkin disertai demam tinggi, mual, dan muntah, jangan menunda untuk memeriksakan diri ke Dokter",keluh parah demam mual muntah tunda periksa dokter,F5,4,4
390,16,"Dokter akan menganamnesis dan memeriksa fisik Anda, setelah itu mungkin Anda akan diminta melakukan pemeriksaan tambahan seperti pemeriksaan lab darah, urin, USG, x - ray, sesuai indikasi",dokter anamnesis periksa fisik laku periksa periksa lab darah urin usg x ray sesuai indikasi,F5,4,4
390,17,"Pengobatan dapat berupa obat antinyeri seperti ibuprofen, dan lainnya sesuai penyebab",obat rupa obat antinyeri ibuprofen sesuai,F5,4,4
390,18,"Terima kasih, semoga membantu",terima kasih moga bantu,F1,5,5
390,19,dr Fildzah K,dr fildzah k,F1,5,5
391,0,Hai,hai,F1,0,0
391,1,Keguguran \belum bersih\ sebetulnya berarti masih ada sisa jaringan di dalam rahim,gugur bersih arti sisa jaring rahim,F4,1,1
391,2,Hal ini biasanya menyebabkan perdarahan yang tak berhenti,darah henti,F4,2,1
391,3,"Setelah 2 bulan tanpa perdarahan, kemungkinan nyeri perut bawah Anda tidak berkaitan dengan keguguran tersebut",darah nyeri perut kait gugur,F4,2,1
391,4,Nyeri perut bawah biasanya diakibatkan oleh: Infeksi saluran kemih - - umumnya dirasakan sebagai anyang – anyangan,nyeri perut akibat infeksi salur kemih anyang anyang,F3,2,2
391,5,Efek samping KB spiral,efek samping kb spiral,F3,2,2
391,6,"Penyakit radang panggul, biasanya akibat keputihan yang tak ditangani",sakit radang panggul akibat putih tangan,F3,2,2
391,7,pemasangan KB spiral tidak steril atau kuretase tidak steril,pasang kb spiral steril kuretase steril,F3,2,2
391,8,Kista ovarium,kista ovarium,F3,2,2
391,9,Penyakit usus buntu - - dirasakan sebagai nyeri perut kanan bawah,sakit usus buntu nyeri perut kanan,F3,2,2
391,10,Batu ginjal dan sebagainya,batu ginjal,F3,2,2
391,11,"Bagian perut bawah seorang wanita mengandung 3 sistem organ, yaitu organ kandungan, organ pencernaan dan organ perkemihan",perut orang wanita kandung sistem organ organ kandung organ cerna organ kemih,F3,3,3
391,12,Hal ini menyebabkan luasnya kemungkinan penyebab nyeri perut bawah Anda,luas nyeri perut,F3,4,4
391,13,"Untuk lebih jelas menentukan penyebabnya, diperlukan pemeriksaan oleh Dokter / Spesialis Kandungan (SpOG)",periksa dokter spesialis kandung spog,F5,4,4
391,14,Mungkin diperlukan pemeriksaan spekulum dan USG untuk menunjang diagnosis,periksa spekulum usg tunjang diagnosis,F5,4,4
391,15,Berikut tips untuk Anda: Kompres hangat bawah perut mungkin membantu meredakan nyeri,tips kompres hangat perut bantu reda nyeri,F5,4,4
391,16,Minum obat pereda nyeri seperti parasetamol,minum obat reda nyeri parasetamol,F5,4,4
391,17,Hindari menahan BAK,hindar tahan bak,F5,5,5
391,18,"Minum air sekurangnya 1,5 - 2 liter per hari",minum air liter,F5,5,5
391,19,"Sekian, semoga bermanfaat",sekian moga manfaat,F1,5,5
391,20,dr Radius Kusuma,dr radius kusuma,F1,6,6
392,0,Hai Herie,hai herie,F1,0,0
392,1,Urin yang berwarna merah dapat disebabkan oleh: Adanya darah pada urin yang dapat diakibatkan oleh: Infeksi saluran kemih,urin warna merah darah urin akibat infeksi salur kemih,F3,1,1
392,2,Infeksi ginjal,infeksi ginjal,F3,1,1
392,3,Batu ginjal atau saluran kemih,batu ginjal salur kemih,F3,1,1
392,4,Cedera atau luka,cedera luka,F3,1,1
392,5,"Penyakit autoimun seperti glomerulonefritis, yaitu peradangan glomerulus (saringan ginjal)",sakit autoimun glomerulonefritis radang glomerulus saring ginjal,F3,1,1
392,6,Obat pengencer darah,obat encer darah,F3,1,1
392,7,Tumor pada kandung kemih,tumor kandung kemih,F3,1,1
392,8,"Efek obat - obatan, misal obat TBC seperti rifampicin",efek obat obat obat tbc rifampicin,F3,1,2
392,9,"Bila disertai adanya nyeri saat buang air kecil dan berdasarkan informasi yang diperoleh, kemungkinan yang paling besar adalah infeksi saluran kemih dan batu",nyeri buang air dasar informasi infeksi salur kemih batu,F4,2,3
392,10,Gejala dari infeksi saluran kemih antara lain: Nyeri saat buang air kecil (BAK),gejala infeksi salur kemih nyeri buang air bak,F3,2,3
392,11,BAK terasa seprti anyang - anyangan atau tidak tuntas,bak seprti anyang anyang tuntas,F3,3,4
392,12,BAK lebih sering dan terkadang sulit ditahan,bak terkadang sulit tahan,F3,3,4
392,13,"Untuk mencari penyebabnya diperlukan pemeriksaan langsung oleh dokter, serta pemeriksaan penunjang seperti pemeriksaan urin dan USG",cari periksa langsung dokter periksa tunjang periksa urin usg,F5,4,5
392,14,Semoga membantu ya,moga bantu ya,F1,5,5
392,15,Terima kasih,terima kasih,F1,5,5
392,16,Dr Yan william,dr yan william,F1,6,6
393,0,Terima kasih telah bertanya di Alodokter com,terima kasih alodokter com,F1,0,0
393,1,Saya dr Luh Putu Previyanti Dharma Putri akan mencoba membantu Anda,dr luh putu previyanti dharma putri coba bantu,F1,1,0
393,2,Infeksi ginjal adalah penyakit yang menyebabkan rasa sakit dan tidak nyaman akibat berpindahnya bakteri dari kandung kemih ke ginjal,infeksi ginjal sakit sakit nyaman akibat pindah bakteri kandung kemih ginjal,F3,2,1
393,3,Hal ini merupakan komplikasi dari infeksi saluran kemih,rupa komplikasi infeksi salur kemih,F3,2,1
393,4,Infeksi ginjal perlu mendapat penanganan dari dokter karena memerlukan obat antibiotik untuk mencegah infeksi berlanjut dan terjadi komplikasi,infeksi ginjal tangan dokter obat antibiotik cegah infeksi komplikasi,F3,2,1
393,5,Berikut adalah komplikasi yang mungkin terjadi akibat infeksi ginjal : Abses ginjal (tertimbunnya nanah di jaringan ginjal),komplikasi akibat infeksi ginjal abses ginjal timbun nanah jaring ginjal,F3,2,1
393,6,Sepsis (saat bakteri telah masuk ke aliran darah,sepsis bakteri masuk alir darah,F3,3,2
393,7,Beresiko fatal hingga kematian),resiko fatal mati,F3,3,2
393,8,Gagal ginjal (ginjal tidak bisa berfungsi normal lagi sehingga memerlukan penanganan berupa cuci darah),gagal ginjal ginjal fungsi normal tangan rupa cuci darah,F3,3,2
393,9,Komplikasi kehamila berupa kelahiran prematur atau bayi lahir dengan berat badan di bawah rata - rata dan lain - lain,komplikasi kehamila rupa lahir prematur bayi lahir berat badan,F3,3,3
393,10,"Pada sebagian besar penderita infeksi ginjal, respon yang terjadi terhadap pengobatan sangatlah baik",derita infeksi ginjal respon hadap obat,F3,3,4
393,11,"Oleh karena itu, anda sebaiknya segera berkonsultasi dengan dokter agar mendapatkan penanganan yang tepat sehingga komplikasi yang tidak diinginkan dapat dicegah",konsultasi dokter tangan komplikasi cegah,F5,4,4
393,12,"Dokter akan melakukan serangkaian tes seperti tes kencing, tes fungsi ginjal, usg ginjal, dan lain - lain jika diperlukan",dokter laku rangkai tes tes kencing tes fungsi ginjal usg ginjal,F5,4,4
393,13,Berikut yang dapat anda lakukan di rumah untuk membantu memperbaiki kondisi anda: Istirahat yang cukup,laku rumah bantu kondisi istirahat,F5,5,5
393,14,Makan makanan yang bergizi,makan makan gizi,F5,5,5
393,15,Jaga kebersihan organ intim dan saluran kencing,jaga bersih organ intim salur kencing,F5,5,5
393,16,Konsumsi banyak air agar bakteri dalam ginjal dapat dibuang,konsumsi air bakteri ginjal buang,F5,5,5
393,17,Minum obat sesuai dengan anjuran dokter,minum obat sesuai anjur dokter,F5,6,6
393,18,Rajin berkonsultasi kembali untuk memantau perkembangan penyakit,rajin konsultasi pantau kembang sakit,F5,6,6
393,19,berikut artikel yang mungkin membantu : INFEKSI GINJAL,artikel bantu infeksi ginjal,F5,7,7
393,20,"Semoga bermanfaat, dr Previyanti",moga manfaat dr previyanti,F1,7,7
394,0,Hai,hai,F1,0,0
394,1,Nyeri perut bawah saat kencing kemungkinan menandakan masalah di saluran kemih,nyeri perut kencing tanda salur kemih,F4,1,1
394,2,Masalah tersebut mungkin berupa: Infeksi saluran kemih,rupa infeksi salur kemih,F3,1,1
394,3,Batu saluran kemih,batu salur kemih,F3,1,1
394,4,Kelemahan otot kandung kemih,lemah otot kandung kemih,F3,1,1
394,5,Kanker kandung kemih dan sebagainya,kanker kandung kemih,F3,1,1
394,6,"Untuk lebih jelasnya, diperlukan pemeriksaan oleh Dokter / Spesialis Urologi (SpU - - ahli sistem berkemih)",periksa dokter spesialis urologi spu ahli sistem kemih,F5,2,2
394,7,Biasanya diperlukan pemeriksaan air seni dan USG untuk menilai kondisi kandung kemih,periksa air seni usg nilai kondisi kandung kemih,F5,3,3
394,8,Mungkin juga diperlukan sistoskopi (peneropongan khusus ke dalam kandung kemih) untuk melihat langsung dan penanganan langsung penyakit kandung kemih bila ada,sistoskopi teropong khusus kandung kemih lihat langsung tangan langsung sakit kandung kemih,F5,3,3
394,9,"Untuk sementara waktu, Anda dapat mencoba untuk: Minum air putih sekurangnya 1,5 - 2 liter per hari",coba minum air putih liter,F5,4,4
394,10,Hindari menahan BAK,hindar tahan bak,F5,4,4
394,11,Hindari paparan asap rokok,hindar papar asap rokok,F5,4,4
394,12,"Sekian, semoga bermanfaat",sekian moga manfaat,F1,4,4
394,13,dr Radius Kusuma,dr radius kusuma,F1,5,5
395,0,Hai Yovi,hai yovi,F1,0,0
395,1,Ada beberapa penyebab yang menyebabkan keluhan seperti yang anda rasakan yaitu infeksi saluran kemih bagian atas,keluh infeksi salur kemih,F3,0,0
395,2,Batu kandung kemih,batu kandung kemih,F3,0,0
395,3,Batu ginjal,batu ginjal,F3,0,0
395,4,"Yang paling mendekati adalah batu kandung kemih, dimana gejala yang akan timbul jika seseorang mengalami batu kandung kemih yaitu nyeri di kantung kemih",batu kandung kemih gejala timbul orang alam batu kandung kemih nyeri kantung kemih,F3,0,0
395,5,"Nyeri di pinggang, punggung, dan selangkangan",nyeri pinggang punggung selangkang,F3,1,1
395,6,Nyeri di perut bawah saya,nyeri perut,F3,1,1
395,7,Mengganjal saat BAK,ganjal bak,F3,1,1
395,8,Nyeri jika berpindah posisi,nyeri pindah posisi,F3,1,1
395,9,"Mual, muntah",mual muntah,F3,1,1
395,10,Lemas,lemas,F3,1,1
395,11,"Endapan batu yang terjadi dapat disebabkan oleh makanan (tempe, tahu, susu, ikan sarden, coklat, teh, kopi, terong, bayam, bir) atau penyakit yang mendasari lainnya",endap batu makan tempe susu ikan sarden coklat teh kopi terong bayam bir sakit dasar,F3,2,2
395,12,"Yang mana ada beberapa jenis batu yaitu batu kalsium, batu asam urat, batu struvit, batu sistin",jenis batu batu kalsium batu asam urat batu struvit batu sistin,F3,3,3
395,13,"Pencegahan yang dapat anda lakukan dirumah yaitu, hindari makanan yang menjadi penyebab seperti yang disebutkan diatas, minum air putih 4 - 8 gelas sehari, jangan sering menahan BAK",cegah laku rumah hindar makan minum air putih gelas tahan bak,F3,4,4
395,14,"Saran saya, sebaiknya anda periksakan diri anda ke dokter agar mendapatkan diagnosa yang tepat yaitu dapat dilihat dari pemeriksaan laboratorium ( tes darah, tes urin), USG, rontgen perut ( BNO / IVP / foto polos)",saran periksa dokter diagnosa lihat periksa laboratorium tes darah tes urin usg rontgen perut bno ivp foto polos,F5,5,5
395,15,Semoga membantu,moga bantu,F1,5,5
395,16,"Salam, dr Nofrina",salam dr nofrina,F1,5,5
396,0,Hi Eben,hi eben,F1,0,0
396,1,Batu Ginjal dan Kencing Batu pada prinsipnya sama saja,batu ginjal kencing batu prinsip,F4,0,0
396,2,Karena kencing batu adalah salah satu tanda dari adanya batu ginjal,kencing batu salah tanda batu ginjal,F3,0,0
396,3,"Batu ginjal dapat terjadi karena funginya sebagai penyaring zat - zat limbah yang terdapat didalam tubuh yang akan dibuang melalui urin, namun pada kondisi kadar zat tersebut terlalu tinggi maka dapat mengakibatkan tidak dapat dilakukan pembuangan secara sempurna sehingga masih mengendap di dalam ginjal",batu ginjal fungi saring zat zat limbah tubuh buang urin kondisi kadar zat akibat laku buang sempurna endap ginjal,F3,1,1
396,4,"Endapan tersebut lama kelamaan dapat mengeras atau mengkristal, sehingga terbentuklah apa yang sering disebut dengan batu ginjal",endap keras kristal bentuk batu ginjal,F3,2,1
396,5,"Sedangkan gejala dari batu ginjal dapat berupa : Rasa nyeri pada pinggang, perut bagian bawah, maupun selangkangan",gejala batu ginjal rupa nyeri pinggang perut selangkang,F3,2,2
396,6,(Nyeri terletak pada bagian - bagian sepanjang lokasi saluran kemih berada),nyeri letak lokasi salur kemih,F3,2,2
396,7,"Demam, apabila terjadi infeksi saluran kemih",demam infeksi salur kemih,F3,2,2
396,8,Keluarnya kristal atau pasir - pasir halus pada urin (biasa dikenal dengan Kencing Batu),kristal pasir pasir halus urin kenal kencing batu,F3,2,3
396,9,Anyang - anyangan atau rasa tidak tuntas saat berkemih Dan lain sebagainya,anyang anyang tuntas kemih,F3,2,3
396,10,Anda dapat membaca artikel mengenai Batu Ginjal yang telah disusun oleh tim Alodokter,baca artikel kena batu ginjal susun tim alodokter,F5,3,3
396,11,Semoga membantu,moga bantu,F1,4,4
396,12,"Salam, dr Nofrina",salam dr nofrina,F1,4,4
397,0,Halo,halo,F1,0,0
397,1,Nyeri rahim yang Anda maksud mungkin suatu pelvic pain atau nyeri pelvis,nyeri rahim maksud pelvic pain nyeri pelvis,F3,0,0
397,2,"Nyeri pada pelvis seringkali menandakan adanya masalah pada organ - organ di dalam rongga pelvis seperti rahim atau uterus, kandung telur, tuba, serviks, vagina, kandung kemih, atau kolon",nyeri pelvis seringkali tanda organ organ rongga pelvis rahim uterus kandung telur tuba serviks vagina kandung kemih kolon,F3,0,0
397,3,Mungkin saja nyeri yang terjadi merupakan suatu kondisi yang normal misalnya pada kondisi menstruasi,nyeri rupa kondisi normal kondisi menstruasi,F3,1,1
397,4,"Namun juga terdapat penyebab lain dari nyeri pelvis, yaitu: Appendisitis (radang usus buntu)",nyeri pelvis appendisitis radang usus buntu,F3,2,2
397,5,Gangguan kandung kemih,ganggu kandung kemih,F3,2,2
397,6,Infeksi pada ginjal atau batu ginjal,infeksi ginjal batu ginjal,F3,2,2
397,7,Gangguan saluran pencernaan,ganggu salur cerna,F3,2,2
397,8,Hernia,hernia,F3,2,2
397,9,Pelvic inflammatory disease (radang di panggul karena infeksi),pelvic inflammatory disease radang panggul infeksi,F3,2,2
397,10,Kista ovarium Endometriosis,kista ovarium endometriosis,F3,2,2
397,11,Kehamilan di luar rahim,hamil rahim,F3,3,3
397,12,Kanker Rahim,kanker rahim,F3,3,3
397,13,Kanker Serviks,kanker serviks,F3,3,3
397,14,Penyakit menular seksual dan lain – lain,sakit tular seksual,F3,3,3
397,15,Perlu pemeriksaan lebih lanjut untuk mengetahui penyebab nyeri pelvis Anda,periksa nyeri pelvis,F5,3,4
397,16,"Selain anamnesis dan pemeriksaan fisik dasar, pemeriksaan lain seperti labor darah, urin, feses, pemeriksaan cairan vagina, tes USG, dan CT scan mungkin juga diperlukan untuk menegakkan diagnosisnya",anamnesis periksa fisik dasar periksa labor darah urin feses periksa cair vagina tes usg ct scan tegak diagnosis,F5,4,4
397,17,Pengobatan nantinya akan disesuaikan dengan penyebab yang terjadi,obat sesuai,F5,5,5
397,18,Anda dapat menggunakan obat pereda nyeri seperti paracetamol atau ibuprofen untuk mengurangi keluhannya,obat reda nyeri paracetamol ibuprofen keluh,F5,5,5
397,19,Semoga bermanfaat,moga manfaat,F1,5,5
397,20,dr Muhammad Fadhil Rahmadiansyah,dr muhammad fadhil rahmadiansyah,F1,6,6
398,0,Halo Saepuloh,halo saepuloh,F1,0,0
398,1,Terima kasih telah menggunakan layanan konsultasi alodokter,terima kasih layan konsultasi alodokter,F1,0,0
398,2,Batu ginjal dalam istilah medis sering disebut dengan batu saluran kemih,batu ginjal istilah medis batu salur kemih,F3,1,1
398,3,"Batu saluran kemih merupakan kondisi terbentuknya batu di sistem kemih manusia, mulai dari ginjal, ureter, kandung kemih hingga di uretra / muara akhir saluran kemih",batu salur kemih rupa kondisi bentuk batu sistem kemih manusia ginjal ureter kandung kemih uretra muara salur kemih,F3,1,1
398,4,Terbentuknya batu disaluran kemih seringkali disebabkan penumpukan kristal kalsium di ginjal,bentuk batu salur kemih seringkali tumpuk kristal kalsium ginjal,F3,1,1
398,5,"Penumpukan kristal kalsium dapat dipicu oleh kurangnya asupan cairan dalam tubuh, terlalu berlebihan mengkonsumsi makanan atau minuman tinggi kalsium, penggunaan vitamin c dalam jangka waktu lama, faktor lingkungan dan gaya hidup serta faktor keturunan",tumpuk kristal kalsium picu asupan cair tubuh mengkonsumsi makan minum kalsium vitamin c jangka faktor lingkung gaya hidup faktor turun,F3,2,2
398,6,"Batu saluran kemih tidak hanya dapat disebabkan oleh kristal kalsium, namun batu dapat terbentuk dari kristal asam urat",batu salur kemih kristal kalsium batu bentuk kristal asam urat,F3,2,2
398,7,"Gejala yang sering dikeluhkan adalah nyeri kolik / nyeri dengan intensitas kuat yang hilang timbul di perut maupun pinggang, namun terkadang juga ditemukan nyeri tumpul seperti pegal di area punggung",gejala keluh nyeri kolik nyeri intensitas kuat hilang timbul perut pinggang terkadang temu nyeri tumpul pegal area punggung,F3,3,3
398,8,Nyeri dapat menjalar ke bagian atas perut maupun ke area paha hingga kaki,nyeri jalar perut area paha kaki,F3,3,3
398,9,"Sebagian kasus juga banyak yang mengeluh mual dan muntah, gangguan saat berkemih, hingga urin berwarna merah",keluh mual muntah ganggu kemih urin warna merah,F3,3,3
398,10,"Terkait dengan keluhan anda, memang dibenarkan jika pasien dengan kecurigaan batu ginjal seringkali ditemui gejala mual dan muntah",kait keluh pasien curiga batu ginjal seringkali temu gejala mual muntah,F4,3,3
398,11,"Sebagian kasus juga dapat ditemukan adanya penurunan nafsu makan, namun hal ini cukup jarang terjadi",temu turun nafsu makan jarang,F4,3,4
398,12,Adanya kecurigaan batu saluran kemih sebaiknya dipastikan dengan melakukan serangkaian pemeriksaan,curiga batu salur kemih laku rangkai periksa,F5,4,4
398,13,Jangan ragu untuk melakukan pemeriksaan ke dokter terdekat anda guna mendapatkan pemeriksaan lengkap dan tatalaksana yang tepat,ragu laku periksa dokter periksa lengkap tatalaksana,F5,4,4
398,14,"Pemeriksaan fisik secara langsung dan dibantu dengan pemeriksaan penunjang dengan urinalisis, urin dipstick, pemeriksaan radiologi dengan rontgen perut, usg perut atau CT scan dapat membantu mengevaluasi secara visual gambaran batu yang terbentuk",periksa fisik langsung bantu periksa tunjang urinalisis urin dipstick periksa radiologi rontgen perut usg perut ct scan bantu evaluasi visual gambar batu bentuk,F5,5,5
398,15,Batu saluran kemih merupakan penyakit yang dapat dicegah,batu salur kemih rupa sakit cegah,F5,6,6
398,16,"Berikut ini beberapa langkah untuk pencegahan dan perawatan dini bagi seseorang dengan kecurigaan batu saluran kemih, antara lain : Mengkonsumsi banyak air putih",langkah cegah rawat orang curiga batu salur kemih mengkonsumsi air putih,F5,6,6
398,17,Hindari konsumsi makanan / minuman kemasan,hindar konsumsi makan minum kemas,F5,7,7
398,18,"Konsumsi makanan yang seimbang, sehat dan bergizi",konsumsi makan imbang sehat gizi,F5,7,7
398,19,Hindari mengkonsumsi suplemen multivitamin secara berlebihan,hindar mengkonsumsi suplemen multivitamin,F5,7,7
398,20,Olahraga teratur,olahraga atur,F5,7,7
398,21,"Sekian informasi yang dapat kami sampaikan, semoga membantu",sekian informasi moga bantu,F1,7,7
399,0,"Halo Imron, terima kasih ya sudah bertanya di Alodokter",halo imron terima kasih ya alodokter,F1,0,0
399,1,"Membaca keluhan yang anda sampaikan, keluhan tersebut dapat saja disebabkan oleh : Batu ginjal / saluran kemih",baca keluh keluh batu ginjal salur kemih,F3,1,1
399,2,Infeksi saluran kemih,infeksi salur kemih,F3,1,1
399,3,Peradangan pada ginjal (glomerulonefritis),radang ginjal glomerulonefritis,F3,1,1
399,4,Efek samping obat - obatan tertentu,efek samping obat obat,F3,2,2
399,5,"Dikarenakan keluhan nyeri anda sudah cukup lama dan saat ini disertai dengan perubahan BAK, maka sangat disarankan untuk memeriksakan keluhan tersebut lebih lanjut kepada dokter spesialis urologi untuk dilakukan pemeriksaan lebih lanjut",keluh nyeri ubah bak saran periksa keluh dokter spesialis urologi laku periksa,F5,2,2
399,6,"Dokter anda mungkin akan menganjurkan anda untuk melakukan beberapa pemeriksaan tambahan seperti misalnya pemeriksaan Urin rutin, USG saluran kemih, pemeriksaan fungsi ginjal atau pemeriksaan lainnya sesuai dengan pertimbangan, untuk menentukan apa penyebab keluhan anda dan juga untuk menentukan terapi / tindakan medis lanjutan yang sebaiknya diberikan / dilakukan",dokter anjur laku periksa periksa urin rutin usg salur kemih periksa fungsi ginjal periksa sesuai timbang keluh terapi tindak medis laku,F5,2,2
399,7,"Sementara ini, selain memeriksakan diri ke dokter, ada beberapa hal yang juga dianjurkan untuk anda lakukan seperti : Meningkatkan asupan cairan sehari - hari, minimal 2 liter perhari / 8 gelas perhari",periksa dokter anjur laku tingkat asupan cair minimal liter gelas,F5,2,2
399,8,Menghindari kebiasaan menahan BAK,hindar tahan bak,F5,2,2
399,9,Tetap menjaga asupan nutrisi sehari - hari agar selalu tercukupi dan seimbang,jaga asupan nutrisi imbang,F5,2,2
399,10,"Bila memiliki sakit pada kulit atau tenggorokkan, segera periksakan keluhan tersebut ke dokter untuk segera mendapatkan terapi",milik sakit kulit tenggorok periksa keluh dokter terapi,F5,2,2
399,11,"Membatasi asupan makanan / minuman yang tinggi akan kalsium, vitamin C, lemak dan asam urat",batas asupan makan minum kalsium vitamin c lemak asam urat,F5,2,2
399,12,Hindari konsumsi obat - obatan apapun tanpa anjuran yang jelas dari dokter dikarenakan dapat saja memperburuk keluhan,hindar konsumsi obat obat anjur dokter buruk keluh,F5,2,2
399,13,"Bila suatu saat timbul nyeri yang sangat hebat pada daerah pinggang / perut bagian bawah disertai muntah - muntah atau demam, segeralah ke IGD rumah sakit untuk mendapatkan pertolongan lebih lanjut",timbul nyeri hebat daerah pinggang perut muntah muntah demam igd rumah sakit tolong,F5,3,3
399,14,Semoga membantu,moga bantu,F1,3,3
400,0,"Halo, terima kasih atas pertanyaannya",halo terima kasih,F1,0,0
400,1,Sering buang air kecil (BAK) dan nyeri pinggang memang salah satunya bisa disebabkan oleh batu ginjal (urolithiasis),buang air bak nyeri pinggang salah batu ginjal urolithiasis,F3,1,1
400,2,"Batu ginjal ini ada banyak jenisnya, seperti batu kalsium, struvit, asam urat, atau sistin",batu ginjal jenis batu kalsium struvit asam urat sistin,F3,1,1
400,3,"Seseorang lebih berisiko mengalami batu ginjal jika memiliki keluarga dekat yang juga mengalami batu ginjal, jika menjalani pola diet tertentu (tinggi protein, garam, dan gula), jika mengkonsumsi obat tertentu (seperti laksatif, antasida berbasis kalsium, vitamin C), atau juga jika bermasalah dengan dehidrasi, gangguan pencernaan, hiperparatiroidisme, infeksi saluran kemih berulang, dan beragam penyakit lainnya",orang risiko alam batu ginjal milik keluarga alam batu ginjal jalan pola diet protein garam gula mengkonsumsi obat laksatif antasida basis kalsium vitamin c dehidrasi ganggu cerna hiperparatiroidisme infeksi salur kemih ulang agam sakit,F3,1,1
400,4,"Batu ginjal sendiri bisa beragam ukurannya, mulai dari yang kecil seperti pasir, hingga yang besar seperti bebatuan pada umumnya",batu ginjal agam ukur pasir bebatuan,F3,1,1
400,5,"Seringnya, jika batu berukuran kecil, maka gejala yang muncul lebih dominan berupa gangguan BAK, seperti BAK lebih sering, sedikit - sedikit, atau anyang - anyangan",batu ukur gejala muncul dominan rupa ganggu bak bak anyang anyang,F3,1,1
400,6,Adapun nyeri pinggang lebih umum dialami oleh penderita batu yang ukurannya besar,nyeri pinggang alami derita batu ukur,F3,1,1
400,7,"Meski, bukan tidak mungkin batu ginjal yang ukurannya kecil juga bisa menyumbat aliran urin atau melukai ginjal dan saluran kemih, sehingga membuat pinggang pun juga terasa nyeri",batu ginjal ukur sumbat alir urin luka ginjal salur kemih pinggang nyeri,F3,2,2
400,8,"Seringnya, batu ginjal memang tidak hanya terjadi di salah satu sisi ginjal saja, melainkan keduanya, namun mungkin dengan intensitas yang berbeda",batu ginjal salah sisi ginjal intensitas beda,F3,2,2
400,9,"Selain itu, meski hanya terjadi di salah satu ginjal, nyeri yang muncul bisa juga menjalar hingga ke sisi pinggang yang lainnya",salah ginjal nyeri muncul jalar sisi pinggang,F3,2,2
400,10,"Ditambah lagi, nyeri pinggang ini pun bisa juga diperberat dengan kondisi lain, seperti kram otot, syaraf kejepit, peritonitis, radang usus, infeksi ginjal atau saluran kemih, obstruksi usus, rheumatoid arthritis, dan sebagainya",nyeri pinggang berat kondisi kram otot syaraf jepit peritonitis radang usus infeksi ginjal salur kemih obstruksi usus rheumatoid arthritis,F3,2,2
400,11,Hal inilah mungkin yang melandasi rasa nyeri di pinggang Anda yang berlawanan dengan lokasi batu ginjalnya,landas nyeri pinggang lawan lokasi batu ginjal,F4,2,2
400,12,"Memang untuk mengeksplorasi area ginjal, kandung kemih, dan saluran kemih, pemeriksaan USG lebih optimal dilakukan dalam kondisi kandung kemih yang penuh",eksplorasi area ginjal kandung kemih salur kemih periksa usg optimal laku kondisi kandung kemih penuh,F4,2,2
400,13,"Karenanya, Anda akan disarankan untuk banyak minum dan menahan buang air kecil beberapa jam sebelum pemeriksaan dilakukan",saran minum tahan buang air jam periksa laku,F4,3,3
400,14,"Akan tetapi, jika pun hal ini tidak Anda lakukan karena sedang berpuasa, dokter yang kompeten biasanya tetap dapat mengevaluasi status kesehatan Anda dengan baik",laku puasa dokter kompeten evaluasi status sehat,F4,4,4
400,15,"Saran kami, Anda berkonsultasilah langsung dengan dokter atau dokter bedah urologi yang memeriksa Anda, terkait penanganan yang harus dilakukan pada kasus Anda",saran konsultasi langsung dokter dokter bedah urologi periksa kait tangan laku,F5,4,4
400,16,"Biasanya, untuk kasus seperti ini, dokter bisa melakukan beberapa pemeriksaan penunjang untuk mengkonfirmasi diagnosis, contohnya dengan tes urin, tes darah, rontgen, dan sebagainya",dokter laku periksa tunjang mengkonfirmasi diagnosis contoh tes urin tes darah rontgen,F5,4,4
400,17,"Selanjutnya, penanganan mungkin akan dilakukan dengan pemberian beberapa jenis obat, dan modifikasi gaya hidup, seperti minum lebih banyak, pengaturan pola makan, dan sebagainya",tangan laku jenis obat modifikasi gaya hidup minum atur pola makan,F5,5,5
400,18,Semoga membantu ya,moga bantu ya,F1,5,5
401,0,"Halo, terima kasih atas pertanyaannya",halo terima kasih,F1,0,0
401,1,"Batu ginjal jika tidak ditangani dengan baik bisa membuat fungsi ginjal menurun drastis, bahkan berujung pada gagal ginjal",batu ginjal tangan fungsi ginjal turun drastis ujung gagal ginjal,F3,1,1
401,2,"Ginjal sendiri tidak hanya berfungsi menyaring darah, membuang sisa metabolit dan racun, serta memproduksi urin",ginjal fungsi saring darah buang sisa metabolit racun produksi urin,F3,1,1
401,3,"Ginjal juga berguna dalam memproduksi beberapa jenis hormon, termasuk hormon yang berperan dalam sintesis sel darah merah",ginjal produksi jenis hormon masuk hormon peran sintesis sel darah merah,F3,1,1
401,4,"Karenanya, gangguan pada ginjal, termasuk akibat batu ginjal, secara tidak langsung bisa membuat penderitanya mengalami anemia (kadar hemoglobin / Hb yang rendah)",ganggu ginjal masuk akibat batu ginjal langsung derita alam anemia kadar hemoglobin hb rendah,F3,1,1
401,5,Penanganan atas anemia bisa dilakukan secara bervariasi tergantung penyebab dan keparahannya,tangan anemia laku variasi gantung parah,F3,2,2
401,6,"Di samping karena gangguan ginjal, bisa juga anemia muncul akibat perdarahan, kekurangan nutrisi, anemia hemolitik, anemia aplastik, keganasan, penyakit kronis, dan sebagainya",samping ganggu ginjal anemia muncul akibat darah nutrisi anemia hemolitik anemia aplastik ganas sakit kronis,F3,2,2
401,7,"Apabila dokter memberikan suami Anda suplemen penambah darah , maka hal ini dimaksudkan untuk membantu memenuhi nutrisinya, sehingga secara tidak langsung kadar Hb - nya pun akan meningkat",dokter suami suplemen darah maksud bantu penuh nutrisi langsung kadar hb nya tingkat,F4,2,2
401,8,"Adapun jika seusai mengkonsumsi suplemen ini suami Anda merasakan tubuhnya dingin , bisa jadi hal ini wajar muncul akibat efek samping obatnya",mengkonsumsi suplemen suami tubuh dingin wajar muncul akibat efek samping obat,F4,2,2
401,9,"Bisa jadi juga, sensasi dingin ini terjadi karena anemianya sendiri, alergi obat, bahkan juga gangguan kesehatan lain, seperti hipotensi, hipoglikemia, dehidrasi, infeksi, gangguan peradangan, gangguan jantung, gangguan psikis, dan sebagainya",sensasi dingin anemia alergi obat ganggu sehat hipotensi hipoglikemia dehidrasi infeksi ganggu radang ganggu jantung ganggu psikis,F3,2,2
401,10,"Kami sarankan, jika memang keluhannya sangat mengganggu, cobalah Anda dampingi suami Anda periksa ke dokter atau dokter bedah urologi yang merawatnya agar ditangani lebih lanjut",saran keluh ganggu coba damping suami periksa dokter dokter bedah urologi rawat tangan,F5,3,3
401,11,"Sementara ini, Anda bisa himbau dulu suami Anda agar: Memperbanyak istirahat",himbau suami istirahat,F5,3,3
401,12,Banyak minum air hangat,minum air hangat,F5,4,4
401,13,Kenakan juga pakaian yang menghangatkan,kena pakai hangat,F5,4,4
401,14,"Makan makanan yang gizinya seimbang, terutama mengandung kaya zat besi dan vitamin B kompleks",makan makan gizi imbang utama kandung kaya zat besi vitamin b kompleks,F5,4,4
401,15,"Tenangkan hati dan pikiran, jangan stres",tenang hati pikir stres,F5,4,4
401,16,Jangan sembarangan minum obat atau herba kecuali yang diberikan dokter,sembarang minum obat herba kecuali dokter,F5,4,4
401,17,Semoga membantu ya,moga bantu ya,F1,4,4
402,0,Hai Ahmad,hai ahmad,F1,0,0
402,1,"Ginjal merupakan organ tubuh yang vital bagi kelangsungan hidup manusia karena berfungsi sebagai 'penyaring' kotoran, mengatur tekanan darah dan membentuk sel darah merah",ginjal rupa organ tubuh vital langsung hidup manusia fungsi saring kotor atur tekan darah bentuk sel darah merah,F3,0,0
402,2,"Pengangkatan ginjal dapat terjadi akibat berbagai hal seperti infeksi berat, keganasan maupun karena terbentuknya batu dengan jumlah besar",angkat ginjal akibat infeksi berat ganas bentuk batu,F3,0,0
402,3,Pada operasi pengangkatan ginjal dapat memiliki beberapa komplikasi berikut : Rasa nyeri pasca operasi,operasi angkat ginjal milik komplikasi nyeri pasca operasi,F3,0,0
402,4,"Pembesaran ginjal sisi berlawanan karena bekerja terlalu berat, dapat mempercepat kerusakan ginjal sampai menyebabkan gagal ginjal",ginjal sisi lawan kerja berat cepat rusak ginjal gagal ginjal,F3,0,0
402,5,"Penumpukan racun didalam tubuh, pembentukan batu ginjal di ginjal sisi berlawanan",tumpuk racun tubuh bentuk batu ginjal ginjal sisi lawan,F3,0,0
402,6,Pembengkakan tubuh karena penumpukan cairan,bengkak tubuh tumpuk cair,F3,0,0
402,7,Gangguan pembentukan sel darah merah dan lain sebagainya,ganggu bentuk sel darah merah,F3,0,0
402,8,"Bila rasa panas yang Anda maksud merupakan rasa nyeri, bisa jadi disebabkan karena efek samping operasi pengangkatan ginjal",panas maksud rupa nyeri efek samping operasi angkat ginjal,F6,1,1
402,9,"Rasa nyeri paska operasi adalah hal yang wajar terjadi, namun biasanya akan membaik dalam beberapa minggu",nyeri paska operasi wajar minggu,F6,1,1
402,10,"Bila pada luka operasi terasa panas, bengkak, memerah atau lunak, sebaiknya Anda segera berkonsultasi dengan dokter Anda karena dapat jadi disebabkan infeksi paska operasi",luka operasi panas bengkak merah lunak konsultasi dokter infeksi paska operasi,F5,1,1
402,11,"Keluhan bibir yang terasa tebal dan tipis terdengar kontradiktif, bila maksud Anda adalah sensasi kulit bibir yang berubah - ubah hal ini dapat terkait perubahan tekanan darah atau kurangnya konsumsi cairan, Anda tidak perlu merasa khawatir berlebih bila hal ini terjadi hanya sekali dan keluhan tidak menganggu aktifitas",keluh bibir tebal tipis dengar kontradiktif maksud sensasi kulit bibir ubah ubah kait ubah tekan darah konsumsi cair khawatir keluh menganggu aktifitas,F4,2,2
402,12,Namun bila sangat menganggu sebaiknya Anda mengkonsultasikanya dengan dokter Anda untuk memastikan kondisi penyebab keluhan Anda,menganggu mengkonsultasikanya dokter kondisi keluh,F5,2,2
402,13,"Semoga bermanfaat, dr Budiono",moga manfaat dr budiono,F1,2,2
403,0,Halo,halo,F1,0,0
403,1,"Keluhan nyeri di pinggang dan khususnya gatal di seluruh tubuh dapat disebabkan oleh beberapa penyakit tertentu, seperti: Gagal ginjal",keluh nyeri pinggang khusus gatal tubuh sakit gagal ginjal,F4,0,0
403,2,Hal tersebut dikarenakan ginjal berfungsi untuk mengeluarkan racun dalam tubuh,ginjal fungsi racun tubuh,F3,0,0
403,3,Apabila tertumpuk di tubuh maka akan timbul gejala seperti gatal,tumpuk tubuh timbul gejala gatal,F3,0,0
403,4,"Ginjal juga berfungsi dalam pembentukan darah, apabila tidak ada darah yang cukup maka akan timbul gejala lemas dan mudah capek, sesak",ginjal fungsi bentuk darah darah timbul gejala lemas mudah capek sesak,F3,0,0
403,5,"Batu saluran kemih, atau batu ginjal",batu salur kemih batu ginjal,F3,0,1
403,6,"Keluhan dapat dirasakan dengan gejala nyeri yang semakin berat, tergantung lokasi dari batu",keluh gejala nyeri berat gantung lokasi batu,F3,0,1
403,7,Infeksi ginjal,infeksi ginjal,F3,0,2
403,8,Nyeri pinggang,nyeri pinggang,F3,0,2
403,9,Alergi,alergi,F3,0,2
403,10,"Saya menganjurkan Anda untuk memeriksakan diri ke dokter, dokter akan dapat merencanakan tes USG, tes fungsi ginjal, dan cek darah",anjur periksa dokter dokter rencana tes usg tes fungsi ginjal cek darah,F5,1,2
403,11,Apabila diperlukan maka akan dilakukan foto rontgen di daerah ginjal,laku foto rontgen daerah ginjal,F5,2,2
403,12,"Yang perlu diperhatikan adalah penyebab dari keluhan yang dapat menyertai, seperti diabetes mellitus, gangguan imunitas, infeksi ginjal",perhati keluh diabetes mellitus ganggu imunitas infeksi ginjal,F5,2,2
403,13,Baca pula artikel Gagal ginjal kronis,baca artikel gagal ginjal kronis,F5,2,2
403,14,"Semoga membantu, dr Albert Tony Lopolisa",moga bantu dr albert tony lopolisa,F1,3,3
404,0,Hai Edi,hai edi,F1,0,0
404,1,Pada sebagian besar kasus batu ginjal justru tidak bergejala apapun,batu ginjal gejala,F4,1,1
404,2,Batu ginjal dapat bergejala bila batu berukuran besar sehingga mengiritasi dinding saluran ginjal atau batu walaupun berukuran kecil namun sampai menimbulkan sumbatan,batu ginjal gejala batu ukur iritasi dinding salur ginjal batu ukur timbul sumbat,F3,1,1
404,3,"Gejala yang dapat timbul seperti nyeri pinggang, perut, mulas atau mual, buang air kecil keluar darah",gejala timbul nyeri pinggang perut mulas mual buang air darah,F3,2,2
404,4,Untuk memastikan batu ginjal diperlukan pemeriksaan USG abdomen,batu ginjal periksa usg abdomen,F3,2,2
404,5,"Nyeri pinggang selain batu ginjal juga dapat disebabkan hal lain seperti: Nyeri yang berasal dari otot punggung, ligamen, tulang atau persarafan, nyeri akan semakin hebat bila adanya gerakan",nyeri pinggang batu ginjal nyeri otot punggung ligamen tulang saraf nyeri hebat gerak,F3,2,2
404,6,"Infeksi saluran kemih, biasanya disertai gejala nyeri saat BAK atau anyang - anyangan",infeksi salur kemih gejala nyeri bak anyang anyang,F3,2,2
404,7,"Peradangan pada usus besar, biasanya akan disertai gejala perubahan pola BAB seperti diare",radang usus gejala ubah pola bab diare,F3,2,2
404,8,Dan lainnya,,F3,2,2
404,9,Untuk pastinya sebaiknya Anda mengkonsultasikan pada dokter yang merawat Anda,mengkonsultasikan dokter rawat,F5,2,2
404,10,"Informasi terkait dapat Anda baca pada artikel berikut ini: Batu ginjal, Penyebab sakit pinggang",informasi kait baca artikel batu ginjal sakit pinggang,F5,2,2
404,11,Semoga membantu ya,moga bantu ya,F1,3,3
404,12,Terima kasih,terima kasih,F1,3,3
404,13,Dr Yan william,dr yan william,F1,3,3
405,0,"Halo hidayatul, terima kasih sudah bertanya kepada Alodokter",halo hidayatul terima kasih alodokter,F1,0,0
405,1,Saya mengerti akan kekhwatiran anda,erti kekhwatiran,F1,0,0
405,2,Dimana batu ginjal atau dalam dunia medis disebut dengan nefrolitiasis,batu ginjal dunia medis nefrolitiasis,F3,1,1
405,3,Dimana batu ini terjadi berasal dari mineral dan garam di ginjal,batu mineral garam ginjal,F3,1,1
405,4,"Yang dimana batu ginjal ini dapat dipicu oleh beberapa ragam kondisi, seperti kurang konsumsi air putih, makanan dan kesehatan lain yang mendasari",batu ginjal picu ragam kondisi konsumsi air putih makan sehat dasar,F3,1,1
405,5,"Dimana batu ginjal ini dapat berpindah dan tidak selalu berada di ginjal, dimana perpindahan batu ginjal ini bila berukuran besar ia akan tersangkut dalam ureter atau uretra (saluran pembuang urine)",batu ginjal pindah ginjal pindah batu ginjal ukur sangkut ureter uretra salur buang urine,F3,1,1
405,6,"Jadi batu bergeser tetap di daerah saluran perkemihan ya, tidak sampai ke dalam organ perut seperti saluran cerna",batu geser daerah salur kemih ya organ perut salur cerna,F3,1,1
405,7,Oleh karena itu batu yang bergerser tersangkut maka menimbulkan iritasi pada saluran ureter sehingga menyebabkan infeksi,batu bergerser sangkut timbul iritasi salur ureter infeksi,F3,1,1
405,8,Dimana pergesereran batu ini menyebabkan keluhan sakit atau gangguan diperut,pergesereran batu keluh sakit ganggu perut,F3,1,1
405,9,"Nah saran saya jika ini sudah terjadi maka kemungkinan batu yang anda alami sudah cukup besar, jadi diperlunya penanganan untuk menghancurkan dan mengeluarkan batu tersebut ya",saran batu alami tangan hancur batu ya,F5,1,1
405,10,"Jadi saran saya sebaiknya anda menemui dokter urologi secara langsung agar dilakukan pemeriksaan lebih lanjut seperti tes urin, tes darah, foto rontgen usg",saran temu dokter urologi langsung laku periksa tes urin tes darah foto rontgen usg,F5,2,2
405,11,Dengan begitu dokter bisa menanganinya dengan tepat sesuai kondisi dan keparahan sakit anda,dokter tangan sesuai kondisi parah sakit,F5,2,2
405,12,Jadi penanganan yang tepat dengan melakukan konsultasi langsung ke dokter urologi ya,tangan laku konsultasi langsung dokter urologi ya,F5,2,2
405,13,"Jangan dibiarkan saja karena bisa beresiko komplikasi seperti cidera apda ureter, pendarahan, infeksi yang menyebar seluruh tubuh",biar resiko komplikasi cidera apda ureter darah infeksi sebar tubuh,F5,2,2
405,14,Selain itu ada berapa hal yang bisa anda lakukan : banyak konsumsi air putih minimal 2 liter sehari,laku konsumsi air putih minimal liter,F5,3,3
405,15,Hindari atau kurangi konsumsi makanan serat kalsium,hindar konsumsi makan serat kalsium,F5,3,3
405,16,Kurangi konsumsi makanan memicu batu asam urat,konsumsi makan picu batu asam urat,F5,3,3
405,17,Untuk meredakan nyeri anda bisa konsumsi paracetamol,reda nyeri konsumsi paracetamol,F5,3,3
405,18,Demikian info yang bisa saya berikan terima kasih,info ikan terima kasih,F1,4,4
406,0,"Halo,Terima kasih atas pertanyaanya ke Alodokter com",haloterima kasih pertanyaanya alodokter com,F1,0,0
406,1,Penyakit batu ginjal adalah kondisi dimana terdapat batu di ginjal,sakit batu ginjal kondisi batu ginjal,F3,1,1
406,2,"Batu ini kemudian menyebabkan gejala seperti nyeri pinggang, kencing berdarah, kencing tersumbat",batu gejala nyeri pinggang kencing darah kencing sumbat,F3,1,1
406,3,Pengobatan dari batu ginjal tergantung dari ukuran batu,obat batu ginjal gantung ukur batu,F3,1,1
406,4,Apabila ukuran batu kecil maka minum air putih yang banyak dapat menyebabkan batu ginjal keluar sendiri melalui kencing,ukur batu minum air putih batu ginjal kencing,F3,1,1
406,5,"Apabila batunya besar, Anda harus melakukan operasi untuk membuang batu tersebut",batu laku operasi buang batu,F3,1,1
406,6,Untuk mengetahui ukuran batu maka perlu dilakukan pemeriksaan lanjutan yang dinamakan pemeriksaan USG,ukur batu laku periksa nama periksa usg,F3,1,1
406,7,Batu ginjal ini dapat menyebabkan kerusakan pada ginjal,batu ginjal rusak ginjal,F4,1,1
406,8,Kerusakan ginjal inilah yang meningkatkan risiko kematian,rusak ginjal tingkat risiko mati,F4,1,1
406,9,Segeralah pergi ke dokter untuk pemeriksaan lanjutan,pergi dokter periksa,F5,2,2
406,10,"Semoga membantu ya, dr Aldo",moga bantu ya dr aldo,F1,2,2
407,0,Hai,hai,F1,0,0
407,1,Kencing darah pada dasarnya dapat disebabkan oleh berbagai kemungkinan penyebab berikut ini: Infeksi saluran kemih / ISK,kencing darah dasar infeksi salur kemih isk,F3,0,0
407,2,Infeksi ginjal,infeksi ginjal,F3,0,0
407,3,Batu ginjal,batu ginjal,F3,0,0
407,4,Batu kandung kemih,batu kandung kemih,F3,0,0
407,5,Infeksi menular seksual,infeksi tular seksual,F3,0,0
407,6,Gangguan prostat dan sebagainya,ganggu prostat,F3,0,0
407,7,"Untuk memastikan penyebabnya diperlukan pemeriksaan lebih lanjut, baik melalui pemeriksaan fisik maupun tes penunjang seperti tes urine, tes darah, USG, X - Ray dan sebagainya",periksa periksa fisik tes tunjang tes urine tes darah usg x ray,F3,1,1
407,8,Bila keluhan terus berlangsung sebaiknya Anda berkonsultasi dengan dokter agar penyebabnya dapat ditelusuri dan diberikan penanganan yang tepat,keluh langsung konsultasi dokter telusur tangan,F5,1,1
407,9,Berikut ini anjuran yang dapat Anda lakukan: Perbanyak konsumsi air putih 10 - 12 gelas sehari agar saluran kemih terbilas secara teratur,anjur laku konsumsi air putih gelas salur kemih bilas atur,F5,2,2
407,10,Hindari kebiasaan menahan keinginan untuk berkemih,hindar tahan kemih,F5,2,2
407,11,Buang air kecil secara teratur,buang air atur,F5,2,2
407,12,Beristirahat cukup dan mengonsumsi makanan bergizi agar daya tahan tubuh terjaga,istirahat konsumsi makan gizi daya tahan tubuh jaga,F5,2,2
407,13,Baca laman artikel berikut ini: Penyebab kencing berdarah,baca laman artikel kencing darah,F5,3,3
407,14,Demikian semoga bermanfaat,moga manfaat,F1,3,3
407,15,dr Muliani Sukiman,dr muliani sukiman,F1,3,3
408,0,Hai,hai,F1,0,0
408,1,"Keluhan yang Anda alami kemungkinan disebabkan oleh infeksi saluran kemih / ISK, yaitu suatu kondisi peradangan pada saluran kemih akibat infeksi bakteri",keluh alami infeksi salur kemih isk kondisi radang salur kemih akibat infeksi bakteri,F4,1,1
408,2,Gejala yang dapat timbul adalah: nyeri perut bagian bawah atau pinggang,gejala timbul nyeri perut pinggang,F3,1,1
408,3,sering buang air kecil,buang air,F3,2,2
408,4,buang air kecil sedikit - sedikit,buang air,F3,2,2
408,5,warna Urin berubah menjadi keruh dan dapat bercampur darah,warna urin ubah keruh campur darah,F3,3,3
408,6,Urin berbau menyengat dan sebagainya,urin bau sengat,F3,3,3
408,7,Penanganan ISK adalah dengan pemberian obat anti nyeri serta antibiotik yang diresepkan oleh dokter,tangan isk obat anti nyeri antibiotik resep dokter,F3,4,4
408,8,Namun demikian keluhan yang Anda alami dapat pula disebabkan oleh berbagai kemungkinan penyebab lainnya seperti: Infeksi ginjal,keluh alami infeksi ginjal,F3,5,5
408,9,Batu ginjal,batu ginjal,F3,5,5
408,10,Kista ovarium,kista ovarium,F3,5,5
408,11,Penyakit radang panggul,sakit radang panggul,F3,5,5
408,12,Konstipasi,konstipasi,F3,5,5
408,13,Divertikulitis (peradangan dinding usus besar) dan sebagainya,divertikulitis radang dinding usus,F3,5,5
408,14,Untuk memastikan penyebabnya sebaiknya Anda berkonsultasi dengan dokter agar dapat dilakukan pemeriksaan lanjutan,konsultasi dokter laku periksa,F5,6,6
408,15,"Dokter akan melakukan pemeriksaan klinis dan tes medis yang diperlukan seperti tes urine, USG, X - Ray, dan sebagainya",dokter laku periksa klinis tes medis tes urine usg x ray,F5,6,6
408,16,Dengan demikian penyebabnya akan dapat diidentifikasi dan penanganan yang tepat dapat diberikan,identifikasi tangan,F5,7,6
408,17,Berikut anjuran yang dapat Anda lakukan: Minum banyak air putih minimal 2 liter sehari agar saluran kemih terbilas secara teratur sehingga bakteri tidak sempat berkembang,anjur laku minum air putih minimal liter salur kemih bilas atur bakteri kembang,F5,7,7
408,18,Jangan menahan keinginan untuk buang air kecil,tahan buang air,F5,7,7
408,19,Buang air kecil secara teratur,buang air atur,F5,7,7
408,20,"Konsumsi makanan tinggi serat seperti buah, sayur, oat dan sebagainya",konsumsi makan serat buah sayur oat,F5,7,7
408,21,Hindari memijat bagian pinggang yang sakit,hindar pijat pinggang sakit,F5,8,8
408,22,Bila nyeri terasa mengganggu dapat mengonsumsi obat pereda nyeri seperti paracetamol atau ibuprofen,nyeri ganggu konsumsi obat reda nyeri paracetamol ibuprofen,F5,8,8
408,23,Baca laman artikel berikut ini: Sakit pinggang Penyebab sakit pinggang kiri,baca laman artikel sakit pinggang sakit pinggang kiri,F5,8,8
408,24,Sering buang air kecil,buang air,F5,9,9
408,25,Demikian semoga bermanfaat,moga manfaat,F1,9,9
408,26,"Salam, dr Muliani Sukiman",salam dr muliani sukiman,F1,10,10
409,0,Hai Eva,hai eva,F1,0,0
409,1,"Nyeri pinggang dapat disebabkan oleh berbagai hal, antara lain: Nyeri punggung bawah, sederhananya ini merupakan gangguan otot",nyeri pinggang nyeri punggung sederhana rupa ganggu otot,F3,0,0
409,2,"Penjepitan saraf tulang belakang, baik oleh bantalan tulang belakang yang menonjol keluar, atau oleh infeksi TB tulang atau oleh tumor, dan sebagainya",jepit saraf tulang bantal tulang tonjol infeksi tb tulang tumor,F3,0,0
409,3,Infeksi saluran kemih - terutama yang telah menjalar sampai pinggang,infeksi salur kemih utama jalar pinggang,F3,0,0
409,4,Batu ginjal Endometriosis - yaitu jaringan endometrium (lapisan dalam rahim) yang tumbuh secara \ liar \ di luar tempat seharusnya; penyakit ini berkaitan dengan rasa nyeri hebat menjelang haid dan ketidakteraturan haid,batu ginjal endometriosis jaring endometrium lapis rahim tumbuh liar sakit kait nyeri hebat jelang haid ketidakteraturan haid,F3,0,0
409,5,Kista ovarium,kista ovarium,F3,0,0
409,6,Kehamilan di luar kandungan,hamil kandung,F3,0,0
409,7,"Meskipun jarang, keganasan; baik di saluran cerna, saluran kemih atau organ kandungan, misalnya kanker serviks dan sebagainya",jarang ganas salur cerna salur kemih organ kandung kanker serviks,F3,0,0
409,8,"Anda sebaiknya mengikuti saran Dokter Anda, karena Dokter sebelum membuat keputusan, biasanya telah melakukan penggalian riwayat terarah dan pemeriksaan fisik secara langsung yang sangat penting untuk mengarahkan diagnosa yang tepat",saran dokter dokter putus laku gali riwayat arah periksa fisik langsung arah diagnosa,F5,1,1
409,9,"Anda mungkin memerlukan pemeriksaan tambahan seperti pemeriksaan USG, pemeriksaan urin dan foto Rontgen tulang belakang (tergantung sugesti dari penggalian riwayat)",periksa periksa usg periksa urin foto rontgen tulang gantung sugesti gali riwayat,F5,1,1
409,10,"Untuk sementara waktu, Anda sebaiknya: Kompres hangat pinggang Anda untuk meredakan nyeri",kompres hangat pinggang reda nyeri,F5,2,2
409,11,Minum obat pereda nyeri seperti parasetamol bila nyeri sangat mengganggu,minum obat reda nyeri parasetamol nyeri ganggu,F5,2,2
409,12,"Cukup minum air setiap harinya, sekurangnya 8 gelas per hari atau setiap kali Anda haus; ini untuk mencegah infeksi saluran kemih dan batu ginjal",minum air gelas kali haus cegah infeksi salur kemih batu ginjal,F5,2,2
409,13,Tidak menahan BAK,tahan bak,F5,3,2
409,14,Kelola stres dengan baik,kelola stres,F5,3,2
409,15,Olahraga secara teratur seperti senam dan berenang untuk menjaga kelenturan badan,olahraga atur senam renang jaga lentur badan,F5,3,3
409,16,Membiasakan posisi duduk yang baik,posisi duduk,F5,3,3
409,17,"Sekian, mudah - mudahan bermanfaat",sekian mudah mudah manfaat,F1,4,4
409,18,dr Radius Kusuma,dr radius kusuma,F1,4,4
410,0,Hai Fia,hai fia,F1,0,0
410,1,"Batu ginjal atau nefrolithiasis, merupakan kondisi terbentuknya material keras seperti batu pada ginjal oleh zat sisa pembuangan yang disaring oleh ginjal",batu ginjal nefrolithiasis rupa kondisi bentuk material keras batu ginjal zat sisa buang saring ginjal,F3,1,1
410,2,Sebagian besar penderita batu ginjal memiliki rentang usia 30 - 60 tahun,derita batu ginjal milik rentang usia,F3,1,1
410,3,"Terbentuknya batu ginjal dapat dipengaruhi beberapa hal, yakni : Konsumsi air putih yang minim",bentuk batu ginjal pengaruh konsumsi air putih minim,F3,1,1
410,4,Terdapat riwayat batu ginjal pada keluarga,riwayat batu ginjal keluarga,F3,1,1
410,5,Konsumsi obat - obatan tertentu seperti diuretik,konsumsi obat obat diuretik,F3,1,1
410,6,"Riwayat batu ginjal sebelumnya, seseorang yang pernah terkena batu ginjal lebih mudah mengalaminya kembali",riwayat batu ginjal orang kena batu ginjal mudah alam,F3,1,1
410,7,"Tingginya kadar bahan pembentuk batu pada air kemih, contohnya pada sistinuria (terdapatnya asam amino sistin pada air kemih)",kadar bahan bentuk batu air kemih contoh sistinuria asam amino sistin air kemih,F3,1,1
410,8,Infeksi ginjal atau saluran kemih,infeksi ginjal salur kemih,F3,1,1
410,9,Hanya memiliki satu ginjal,milik ginjal,F3,1,1
410,10,"Hormon estrogen dapat menurunkan agregasi (perpindahan) garam kalsium dan ekskresi oksalat, kedua bahan ini merupakan penyebab terbentuknya batu ginjal sehingga pada wanita dengan siklus haid teratur memiliki risiko lebih kecil terhadap pembentukan batu ginjal dibanding wanita yang sudah menopause",hormon estrogen turun agregasi pindah garam kalsium ekskresi oksalat bahan rupa bentuk batu ginjal wanita siklus haid atur milik risiko hadap bentuk batu ginjal banding wanita menopause,F3,1,1
410,11,"Bila Anda sudah memeriksakan diri ke dokter dan masih belum paham mengenai kondisi Anda, Anda dapat langsung menanyakanya dengan dokter yang merawat Anda agar mendapat penjelasan yang tepat mengenai kondisi Anda",periksa dokter paham kena kondisi langsung menanyakanya dokter rawat kena kondisi,F4,2,2
410,12,"Berikut anjuran untuk Anda : Minum cukup air putih, minimal 2 - 3 liter perhari untuk orang dewasa",anjur minum air putih minimal liter orang dewasa,F3,3,3
410,13,Pastikan penyebab batu ginjal Anda agar mendapat penanganan yang tepat,batu ginjal tangan,F3,3,3
410,14,Hindari makanan - minuman yang mengandung oksalat,hindar makan minum kandung oksalat,F3,3,3
410,15,Berkonsultasilah dengan dokter Anda atau ahli gizi mengenai asupan kalsium yang baik karena Anda tetap membutuhkan kalsium untuk kesehatan tulang dan otot,konsultasi dokter ahli gizi kena asupan kalsium butuh kalsium sehat tulang otot,F5,4,4
410,16,Berikut artikel terkait pertanyaan Anda : Batu ginjal - Penyebab - Pencegahan,artikel kait batu ginjal cegah,F5,4,4
410,17,"Semoga bermanfaat, dr Budiono",moga manfaat dr budiono,F1,4,4
411,0,Hai Dewi,hai dewi,F1,0,0
411,1,Anyang - anyangan saat berkemih bisa disebabkan oleh infeksi saluran kemih,anyang anyang kemih infeksi salur kemih,F4,1,1
411,2,Anda sudah mendapatkan terapi antibiotik yang merupakan terapi dari infeksi saluran kemih namun masih kambuh,terapi antibiotik rupa terapi infeksi salur kemih kambuh,F3,1,1
411,3,Ada beberapa kemungkinannya antara lain: Anyang - anyangan bukan akibat dari suatu infeksi saluran kemih,anyang anyang akibat infeksi salur kemih,F3,1,1
411,4,Bisa juga disebabkan oleh batu saluran kemih dan psikologis,batu salur kemih psikologis,F3,1,1
411,5,Infeksi saluran kemih biasanya disertai juga gejala lain seperti Nyeri / panas pada kelamin saat berkemih,infeksi salur kemih gejala nyeri panas kelamin kemih,F3,1,1
411,6,Buang air kecil lebih sering,buang air,F3,2,2
411,7,Nyeri atau tidak nyaman pada perut bawah pusar,nyeri nyaman perut pusar,F3,2,2
411,8,Buang air kecil agak sulit ditahan,buang air sulit tahan,F3,2,2
411,9,Memang suatu infeksi saluran kemih namun sudah terjadi resistensi (kebal) terhadap antibiotik,infeksi salur kemih resistensi kebal hadap antibiotik,F3,2,3
411,10,"Untuk memastikannya dokter biasanya akan menganjurkan untuk dilakukan pemeriksaan urin, USG ginjal dan foto rontgen abdomen",dokter anjur laku periksa urin usg ginjal foto rontgen abdomen,F5,3,3
411,11,Dan bila perlu dengan kultur dan tes sensitifitas antibiotik,kultur tes sensitifitas antibiotik,F5,3,3
411,12,Mengenai Infeksi saluran kemih dapat Anda baca pada artikel dibawah ini: Infeksi Saluran Kemih,kena infeksi salur kemih baca artikel infeksi salur kemih,F5,3,3
411,13,"Semoga membantu ya, lekas sembuh",moga bantu ya lekas sembuh,F1,4,4
411,14,Terima kasih,terima kasih,F1,4,4
411,15,Dr Yan william,dr yan william,F1,5,5
412,0,"Halo, terima kasih telah bertanya di Alodokter",halo terima kasih alodokter,F1,0,0
412,1,Apakah batu ginjal ini sudah didiagnosa oleh dokter secara langsung?,batu ginjal didiagnosa dokter langsung,F2,1,1
412,2,"Batu ginjal merupakan salah satu jenis dari batu saluran kemih, batu ginjal merupakan suatu kondisi dimana terbentuknya material seperti batu di ginjal, namun batu tersebut juga bisa turun ke ureter hingga saluran kencing bawah",batu ginjal rupa salah jenis batu salur kemih batu ginjal rupa kondisi bentuk material batu ginjal batu turun ureter salur kencing,F3,1,1
412,3,Gejala yang ditimbulkan atas adanya batu ginjal adalah : nyeri perut bawah nyeri selangkangan nyeri tumpul pada pinggang,gejala timbul batu ginjal nyeri perut nyeri selangkang nyeri tumpul pinggang,F3,1,1
412,4,"Akan tetapi jika batu sudah turun ke ureter (saluran penghubung ginjal dan kandung kemih), nyeri yang ditimbulkan bisa sangat hebat, karena terjadi gesekan / iritasi antara batu dan dinding ureter, yang disebut dengan nyeri kolik",batu turun ureter salur hubung ginjal kandung kemih nyeri timbul hebat gesek iritasi batu dinding ureter nyeri kolik,F3,1,1
412,5,"Sebagai anjuran awal dalam mengatasi batu ginjal adalah perbanyak konsumsi air putih minimal 3 liter sehari, yang diharapkan dengan mengalirnya air terus menerus, batu bisa terkikis sehingga mudah keluar melalui aliran kencing",anjur batu ginjal konsumsi air putih minimal liter harap alir air batu kikis mudah alir kencing,F3,2,2
412,6,"Hindari konsumsi makanan yang mengandung oksalat, kalsium, dan protein yang merupakan bahan pembentuk batu",hindar konsumsi makan kandung oksalat kalsium protein rupa bahan bentuk batu,F3,2,2
412,7,Contoh makanan tersebut bisa dibaca disini,contoh makan baca,F3,3,2
412,8,"Namun, dokter yang merawat umumnya juga akan meresepkan obat untuk membantu melancarkan pengeluaran batu ginjal, misalnya tamsulosin",dokter rawat resep obat bantu lancar batu ginjal tamsulosin,F3,3,3
412,9,"Sedangkan untuk batu yang telah menyumbat, mesti segera dilakukan tindakan bedah untuk mencegah komplikasi seperti perdarahan atau kerusakan pada ginjal",batu sumbat mesti laku tindak bedah cegah komplikasi darah rusak ginjal,F3,3,3
412,10,"Untuk lebih jelasnya, sebaiknya Anda konsultasikan kembali ke dokter yang merawat, karena beliau lah yang lebih mengetahui kondisi kesehatan Anda saat ini berdasarkan pemeriksaan yang telah dilakukan sebelumnya",konsultasi dokter rawat beliau kondisi sehat dasar periksa laku,F5,3,3
412,11,"Selain itu, anjuran yang dapat Anda terapkan di rumah antara lain : Obati penyebab dasar jika ada, seperti asam urat, infeksi saluran kemih",anjur terap rumah obat dasar asam urat infeksi salur kemih,F5,3,3
412,12,"Berolahraga teratur Rajin untuk kontrol kesehatan di dokter, terutama jika ada yang mengkhawatirkan seperti nyeri berkemih, nyeri pinggang yang hebat, dan lain - lain",olahraga atur rajin kontrol sehat dokter utama khawatir nyeri kemih nyeri pinggang hebat,F5,3,3
412,13,Berikut diskusi dan artikel yang berkaitan dengan topik Anda,diskusi artikel kait topik,F5,3,3
412,14,"8 - pilihan - obat - herbal - batu - ginjal, batu - ginjal",pilih obat herbal batu ginjal batu ginjal,F5,3,3
412,15,"Salam, dr Vita Rahayu",salam dr vita rahayu,F1,4,4
413,0,Hai Yulius,hai yulius,F1,0,0
413,1,"Sampai sekarang belum ada bukti dari penelitian medis adanya efek buruk akibat melakukan onani / masturbasi, banyak sekali mitos di masyarakat mengenai efek buruk onani seperti kemandulan, sakit pinggang, impoten, penis rusak, sakit kelamin, dan sebagainya",bukti teliti medis efek buruk akibat laku onani masturbasi mitos masyarakat kena efek buruk onani mandul sakit pinggang impoten penis rusak sakit kelamin,F4,1,1
413,2,Namun itu semua hanyalah mitos yang belum terbukti kebenarannya,mitos bukti,F4,1,1
413,3,Efek buruk yang mungkin timbul adalah bila onani dilakukan berlebihan sehingga menggangu efek psikologis seperti: Merasa bersalah,efek buruk timbul onani laku menggangu efek psikologis salah,F6,1,1
413,4,"Menimbulkan kecanduan, pada yang berat dapat mengganggu aktivitas sehari - hari karena akan merasa gelisah bila belum melakukan onani",timbul candu berat ganggu aktivitas gelisah laku onani,F6,1,1
413,5,Kurang dapat menikmati hubungan intim dengan istri di kemudian hari sehingga menjadi lebih cepat ejakulasi,nikmat hubung intim istri cepat ejakulasi,F6,1,1
413,6,Dan juga menyebabkan penis terasa nyeri akibat gesekan terus menerus,penis nyeri akibat gesek,F6,1,1
413,7,"Sering buang air kecil (BAK) bukan hanya disebabkan oleh kencing manis atau diabetes melitus, bila dari hasil kadar gula darah Anda normal kemungkinan bukan disebabkan oleh kencing manis",buang air bak kencing manis diabetes melitus hasil kadar gula darah normal kencing manis,F3,2,2
413,8,Beberapa penyebab sering BAK antara lain: Banyak minum air putih,bak minum air putih,F3,2,2
413,9,Kondisi lingkungan yang dingin,kondisi lingkung dingin,F3,2,2
413,10,Cemas,cemas,F3,2,2
413,11,Infeksi saluran kemih,infeksi salur kemih,F3,3,3
413,12,Batu saluran kemih,batu salur kemih,F3,3,3
413,13,Kandung kemih yang terlalu aktif,kandung kemih aktif,F3,3,3
413,14,Obat - obatan Dan lainnya,obat obat,F3,4,4
413,15,"Untuk mencari penyebabnya diperlukan informasi lebih lanjut apakah adanya gejala - gejala dari penyebab diatas, pemeriksaan fisik oleh dokter serta pemeriksaan penunjang bila diperlukan seperti pemeriksaan urin, USG, dan sebagainya",cari informasi gejala gejala periksa fisik dokter periksa tunjang periksa urin usg,F5,4,4
413,16,Informasi terkait dapat Anda baca secara lengkap pada artikel berikut ini: Penyebab sering buang air kecil,informasi kait baca lengkap artikel buang air,F5,4,4
413,17,Sisi positif dan negatif dari masturbasi,sisi positif negatif masturbasi,F5,4,4
413,18,Semoga membantu ya,moga bantu ya,F1,5,5
413,19,Terima kasih,terima kasih,F1,5,5
413,20,Dr Yan william,dr yan william,F1,5,5
414,0,Hai,hai,F1,0,0
414,1,Kencing berdarah dapat diakibatkan oleh berbagai kemungkinan penyebab berikut ini: Infeksi saluran kemih / ISK,kencing darah akibat infeksi salur kemih isk,F3,1,1
414,2,Infeksi ginjal,infeksi ginjal,F3,1,1
414,3,Batu ginjal,batu ginjal,F3,1,1
414,4,Batu kandung kemih,batu kandung kemih,F3,1,1
414,5,Gangguan prostat,ganggu prostat,F3,1,1
414,6,Kanker ginjal dan sebagainya,kanker ginjal,F3,1,1
414,7,Untuk memastikan penyebabnya sebaiknya suami Anda berkonsultasi dengan dokter agar dapat dilakukan pemeriksaan lebih lanjut,suami konsultasi dokter laku periksa,F5,2,2
414,8,"Dokter akan melakukan pemeriksaan klinis dan tes penunjang yang diperlukan seperti tes urine, tes darah, USG, X - Ray dan sebagainya",dokter laku periksa klinis tes tunjang tes urine tes darah usg x ray,F5,2,2
414,9,Dengan demikian penanganan yang tepat akan dapat diberikan,tangan,F5,3,3
414,10,Berikut ini anjuran yang dapat dilakukan: Beristirahat dan tidur yang cukup,anjur laku istirahat tidur,F5,3,3
414,11,Mengonsumsi makanan bergizi agar daya tahan tubuh terjaga,konsumsi makan gizi daya tahan tubuh jaga,F5,3,3
414,12,Minum banyak air putih 2 - 3 liter sehari,minum air putih liter,F5,3,3
414,13,Jangan menahan keinginan untuk berkemih,tahan kemih,F5,3,3
414,14,Buang air kecil secara teratur,buang air atur,F5,3,3
414,15,Hindari melakukan aktivitas / olahraga berat,hindar laku aktivitas olahraga berat,F5,3,4
414,16,Baca laman artikel berikut ini: Penyebab kencing berdarah,baca laman artikel kencing darah,F5,4,4
414,17,Demikian semoga bermanfaat,moga manfaat,F1,4,4
414,18,"Salam, dr Muliani Sukiman",salam dr muliani sukiman,F1,5,5
415,0,Hai,hai,F1,0,0
415,1,"Keluhan yang Anda alami yaitu nyeri saat berkemih, sering ingin berkemih, serta adanya darah pada Urin kemungkinan disebabkan oleh infeksi saluran kemih / ISK",keluh alami nyeri kemih kemih darah urin infeksi salur kemih isk,F4,1,1
415,2,ISK merupakan peradangan pada saluran kemih akibat infeksi oleh bakteri,isk rupa radang salur kemih akibat infeksi bakteri,F3,1,1
415,3,Penanganan ISK dilakukan dengan pemberian antibiotik yang sesuai dan dikonsumsi sesuai petunjuk dokter,tangan isk laku antibiotik sesuai konsumsi sesuai dokter,F3,1,2
415,4,Namun demikian kencing darah dapat pula disebabkan oleh penyebab lainnya seperti: Infeksi ginjal,kencing darah infeksi ginjal,F3,1,3
415,5,Batu ginjal,batu ginjal,F3,1,3
415,6,Batu kandung kemih,batu kandung kemih,F3,1,3
415,7,Kanker prostat dan sebagainya,kanker prostat,F3,1,3
415,8,Untuk memastikan penyebabnya sebaiknya Anda berkonsultasi dengan dokter,konsultasi dokter,F5,2,4
415,9,"Dokter akan melakukan pemeriksaan fisik dan tes medis yang dibutuhkan seperti tes urine, tes darah, USG, X - Ray dan sebagainya",dokter laku periksa fisik tes medis butuh tes urine tes darah usg x ray,F5,2,4
415,10,Pengobatan yang tepat akan diberikan sesuai dengan kondisi yang mendasarinya,obat sesuai kondisi dasar,F5,3,4
415,11,Berikut anjuran yang dapat dilakukan: Minum air putih 8 - 10 gelas sehari untuk membilas saluran kemih secara teratur,anjur laku minum air putih gelas bilas salur kemih atur,F5,4,5
415,12,Jangan menahan keinginan untuk berkemih,tahan kemih,F5,4,5
415,13,Makan secara teratur untuk menjaga daya tahan tubuh,makan atur jaga daya tahan tubuh,F5,4,5
415,14,Tidur dan beristirahat yang cukup,tidur istirahat,F5,4,5
415,15,Baca laman artikel berikut ini: Nyeri saat buang air kecil,baca laman artikel nyeri buang air,F5,5,5
415,16,Penyebab kencing darah,kencing darah,F5,5,5
415,17,Demikian semoga bermanfaat,moga manfaat,F1,5,5
415,18,"Salam, dr Muliani Sukiman",salam dr muliani sukiman,F1,6,6
416,0,Hai,hai,F1,0,0
416,1,Sakit perut dan pinggang sebelah kiri dapat diakibatkan oleh berbagai kemungkinan penyebab berikut ini: Cedera otot / tulang,sakit perut pinggang belah kiri akibat cedera otot tulang,F3,0,0
416,2,Infeksi saluran kemih / ISK,infeksi salur kemih isk,F3,0,0
416,3,Infeksi ginjal,infeksi ginjal,F3,0,0
416,4,Batu ginjal,batu ginjal,F3,0,0
416,5,Gastritis (peradangan lambung),gastritis radang lambung,F3,0,0
416,6,Sindrom iritasi usus,sindrom iritasi usus,F3,0,0
416,7,Gangguan usus besar,ganggu usus,F3,0,0
416,8,Kista ovarium,kista ovarium,F3,0,0
416,9,Endometriosis dan sebagainya,endometriosis,F3,0,0
416,10,Untuk memastikan penyebabnya sebaiknya Anda berkonsultasi dengan dokter agar dapat dilakukan pemeriksaan lebih lanjut,konsultasi dokter laku periksa,F5,1,1
416,11,"Dokter akan melakukan pemeriksaan fisik dan tes penunjang yang diperlukan seperti USG, X - Ray, tes Urin dan sebagainya",dokter laku periksa fisik tes tunjang usg x ray tes urin,F5,1,1
416,12,Dengan demikian penyebabnya dapat diidentifikasi dan ditangani secara tepat,identifikasi tangan,F5,1,1
416,13,"Berikut ini anjuran yang dapat Anda lakukan: Konsumsi makanan bergizi secara teratur, jangan terlambat makan",anjur laku konsumsi makan gizi atur lambat makan,F5,2,2
416,14,"Hindari konsumsi makanan yang terlalu pedas, asam, atau berlemak",hindar konsumsi makan pedas asam lemak,F5,2,2
416,15,Banyak minum air putih 2 - 3 liter sehari agar saluran kemih terbilas secara teratur,minum air putih liter salur kemih bilas atur,F5,3,3
416,16,Jangan menahan keinginan untuk berkemih,tahan kemih,F5,3,3
416,17,Buang air kecil secara teratur,buang air atur,F5,3,3
416,18,Hindari memijat / mengurut bagian perut dan pinggang yang sakit,hindar pijat urut perut pinggang sakit,F5,4,4
416,19,"Baca laman artikel berikut ini: Sakit perut sebelah kiri, Penyebab nyeri pinggang kiri",baca laman artikel sakit perut belah kiri nyeri pinggang kiri,F5,4,4
416,20,Demikian semoga bermanfaat,moga manfaat,F1,5,5
416,21,"Salam, dr Muliani Sukiman",salam dr muliani sukiman,F1,5,5
417,0,Halo Ita,halo ita,F1,0,0
417,1,"Anda dikatakan demam apabila suhu tubuh Anda mencapai 37,5 derajat Selsius",demam suhu tubuh capai derajat selsius,F4,0,0
417,2,"Demam merupakan salah satu reaksi kekebalan tubuh melawan infeksi baik virus, bakteri, maupun parasit",demam rupa salah reaksi kebal tubuh lawan infeksi virus bakteri parasit,F3,0,0
417,3,"Untuk memperkirakan penyebab demam, perlu diketahui gejala lain yang Anda alami misalnya batuk, hidung berair atau tersumbat, sakit telinga, sakit gigi, gusi membengkak, diare / konstipasi, mual - muntah, nyeri saat berkemih, sering BAK, perubahan warna BAK, dan lainnya",demam gejala alami batuk hidung air sumbat sakit telinga sakit gigi gusi bengkak diare konstipasi mual muntah nyeri kemih bak ubah warna bak,F3,1,1
417,4,Berikut ini adalah beberapa kemungkinan penyebab demam: infeksi saluran pernapasan,demam infeksi salur napas,F3,1,1
417,5,infeksi telinga,infeksi telinga,F3,1,1
417,6,infeksi gigi,infeksi gigi,F3,1,1
417,7,"infeksi paru - paru: tuberkulosis, pneumonia",infeksi paru paru tuberkulosis pneumonia,F3,1,1
417,8,infeksi usus,infeksi usus,F3,1,1
417,9,demam berdarah atau demam Dengue,demam darah demam dengue,F3,1,1
417,10,tifus atau demam tifoid malaria,tifus demam tifoid malaria,F3,1,1
417,11,Adanya nyeri pada pinggang belakang bila disertai dengan gejala berkemih misalnya seperti yang disebutkan di atas mungkin saja merupakan gejala infeksi ginjal,nyeri pinggang gejala kemih rupa gejala infeksi ginjal,F4,1,1
417,12,INfeksi ini disebabkan oleh bakteri yang berasal dari anus yang berpindah ke saluran kencing dan mencapai ginjal,infeksi bakteri anus pindah salur kencing capai ginjal,F4,1,1
417,13,"Namun, untuk memastikan penyebab keluhan Anda, sebaiknya Anda memeriksakan diri ke dokter sehingga dokter dapat melakukan pemeriksaan pada Anda",keluh periksa dokter dokter laku periksa,F5,2,2
417,14,"Dokter akan menyarankan pemeriksaan lanjutan tergantung hasil pemeriksaan fisik misalnya pemeriksaan darah, pemeriksaan air kencing, pemeriksaan tinja, foto rontgen paru - paru, dan lainnya",dokter saran periksa gantung hasil periksa fisik periksa darah periksa air kencing periksa tinja foto rontgen paru paru,F5,2,2
417,15,"Untuk sementara, sambil menunggu konsultasi dokter, Anda dapat meminum parasetamol atau ibuprofen untuk meredakan demam",tunggu konsultasi dokter minum parasetamol ibuprofen reda demam,F5,2,2
417,16,Jaga asupan cairan setidaknay 2 liter per hari dan hindari menahan BAK,jaga asupan cair setidaknay liter hindar tahan bak,F5,3,3
417,17,Semoga membantu,moga bantu,F1,4,4
417,18,"Salam, dr Aloisia",salam dr aloisia,F1,4,4
418,0,Hai Desviano,hai desviano,F1,0,0
418,1,Batu ginjal merupakan suatu kondisi dimana terbentuknya batu pada ginjal,batu ginjal rupa kondisi bentuk batu ginjal,F3,0,0
418,2,"Beberapa faktor resiko yang berperan seperti kurangnya asupan air putih, terbiasa menahan pipis, serta infeksi berkepanjangan dari saluran kemih",faktor resiko peran asupan air putih tahan pipis infeksi salur kemih,F3,1,0
418,3,Pemeriksaannya sendiri selain dari pemeriksaan fisik dapat berupa pemeriksaan urin dan USG,periksa periksa fisik rupa periksa urin usg,F3,1,0
418,4,Penanganan utamanya berupa operasi,tangan utama rupa operasi,F3,1,1
418,5,Operasi ini memiliki beberapa efek paska operasi seperti 1 Kencing berdarah,operasi milik efek paska operasi kencing darah,F3,1,1
418,6,Secara umum efek ini adalah normal dan umumnya terjadi beberapa hari setelah operasi,efek normal operasi,F3,1,1
418,7,Perbanyak konsumsi air putih dapat mempercepat berkurangnya keluhan,konsumsi air putih cepat keluh,F3,1,2
418,8,Pemberian antibiotik umumnya diberikan untuk mencegah infeksi,antibiotik cegah infeksi,F3,1,2
418,9,"Selain itu, infeksi merupakan penyebab jika kencing berdarah tidak kunjung membaik terutama jika disertai keluhan saat BAK seperti nyeri saat buang air kecil, nyeri perut bawah, demam 2 Nyeri paska operasi terutama di daerah perut bawah",infeksi rupa kencing darah kunjung utama keluh bak nyeri buang air nyeri perut demam nyeri paska operasi utama daerah perut,F3,1,2
418,10,Pemberian anti nyeri dapat membantu,anti nyeri bantu,F3,1,2
418,11,3 Mual muntah terutama jika digunakan bius total saat operasi,mual muntah utama bius total operasi,F3,1,2
418,12,Konsultasikan dengan dokter mengenai kondisi yang ibu anda alami terutama jika hal tersebut tidak membaik,konsultasi dokter kena kondisi alami utama,F5,1,2
418,13,"Hindari mengerjakan beban berat, istirahat terlebih dahulu, tingkatkan asupan air putih, jangan menahan pipis",hindar kerja beban berat istirahat tingkat asupan air putih tahan pipis,F5,2,3
418,14,Semoga bermanfaat dan terima kasih,moga manfaat terima kasih,F5,3,3
418,15,Berikut artikel mengenai batu ginjal,artikel kena batu ginjal,F5,3,3
418,16,"Salam, dr Alyssa",salam dr alyssa,F1,4,4
419,0,Hai,hai,F1,0,0
419,1,Sakit perut sebelah kanan dapat diakibatkan oleh berbagai kemungkinan penyebab berikut ini: Gangguan usus,sakit perut belah kanan akibat ganggu usus,F3,0,0
419,2,Tukak lambung (perlukaan di dinding lambung),tukak lambung luka dinding lambung,F3,0,0
419,3,Radang usus buntu,radang usus buntu,F3,1,1
419,4,Hepatitis,hepatitis,F3,1,1
419,5,Peradangan pankreas,radang pankreas,F3,1,1
419,6,Batu empedu,batu empedu,F3,1,1
419,7,Pneumonia (radang paru - paru),pneumonia radang paru paru,F3,1,1
419,8,Kista ovarium,kista ovarium,F3,1,1
419,9,Kehamilan ektopik (kehamilan di luar kandungan),hamil ektopik hamil kandung,F3,1,1
419,10,Infeksi saluran kemih / ISK,infeksi salur kemih isk,F3,1,1
419,11,Infeksi ginjal atau batu ginjal dan sebagainya,infeksi ginjal batu ginjal,F3,1,1
419,12,Berikut anjuran yang dapat dilakukan: Tidur yang cukup,anjur laku tidur,F3,2,2
419,13,Istirahatkan bagian yang sakit,istirahat sakit,F3,2,2
419,14,"Hindari gerakan seperti membungkuk, mengangkat beban dan lain – lain",hindar gerak bungkuk angkat beban,F3,2,2
419,15,"Makan secara teratur dengan gizi seimbang, jangan melewatkan waktu makan",makan atur gizi imbang makan,F3,2,2
419,16,"Hindari jenis makanan yang terlalu pedas, asam atau berlemak",hindar jenis makan pedas asam lemak,F3,3,3
419,17,Konsumsi air putih 8 - 10 gelas sehari,konsumsi air putih gelas,F3,3,3
419,18,Jangan menahan keinginan berkemih,tahan kemih,F3,3,3
419,19,Hindari mengurut bagian perut yang sakit,hindar urut perut sakit,F3,4,4
419,20,Jika keluhan terus berlanjut sebaiknya Anda memeriksakan diri ke dokter untuk menelusuri penyebabnya,keluh periksa dokter telusur,F5,4,4
419,21,"Dokter akan melakukan pemeriksaan fisik untuk menilai keluhan yang timbul (lokasi dan derajat nyeri, apakah nyeri berkurang / bertambah dengan perubahan posisi tertentu dan lain - lain)",dokter laku periksa fisik nilai keluh timbul lokasi derajat nyeri nyeri ubah posisi,F5,4,4
419,22,"Jika diperlukan dokter akan menganjurkan pemeriksaan penunjang seperti tes darah, tes urine, USG, X - Ray dan sebagainya",dokter anjur periksa tunjang tes darah tes urine usg x ray,F5,5,5
419,23,Penanganan yang tepat akan diberikan sesuai dengan penyebab yang mendasarinya,tangan sesuai dasar,F5,6,6
419,24,Baca laman artikel berikut ini: Kenapa bisa terjadi sakit perut sebelah kanan?,baca laman artikel sakit perut belah kanan,F5,6,6
419,25,Demikian semoga bermanfaat,moga manfaat,F1,6,6
419,26,"Salam, dr Muliani Sukiman",salam dr muliani sukiman,F1,7,7
420,0,"Selamat malam, terima kasih telah bertanya di Alodokter",selamat malam terima kasih alodokter,F1,0,0
420,1,Ureum dan kreatinin adalah dua komponen yang dinilai ketika seseorang ingin diketahui fungsi ginjalnya masih baik atau tidak,ureum kreatinin komponen nilai orang fungsi ginjal,F3,1,1
420,2,Ureum dan kreatinin merupakan sisa metabolisme tubuh dalam darah yang seharusnya dibuang oleh ginjal melalui urin atau air seni karena sudah tidak berguna oleh tubuh,ureum kreatinin rupa sisa metabolisme tubuh darah buang ginjal urin air seni tubuh,F3,1,1
420,3,"Ketika ginjal tidak berfungsi dengan baik, ureum dan kreatinin pun bisa meningkat kadarnya dalam darah karena tidak dibuang sebagaimana mestinya",ginjal fungsi ureum kreatinin tingkat kadar darah buang mesti,F3,1,1
420,4,"Kadar ureum dan kreatinin normal bisa sedikit berbeda - beda tergantung laboratorium yang melakukan pengujian, namun secara keseluruhan, kadar ureum dianggap normal bila masih berada dalam rentang 10 - 50 mg / dl dan kreatinin dibawah 0,9 mg / dl",kadar ureum kreatinin normal beda beda gantung laboratorium laku uji kadar ureum anggap normal rentang mg dl kreatinin mg dl,F3,2,2
420,5,"Laboratorium lain mungkin ada yang menggunakan standar ureum normal 30 mg / dl dan kreatinin 1,5 mg / dl, tapi perbedaan ini tidak signifikan",laboratorium standar ureum normal mg dl kreatinin mg dl beda signifikan,F3,2,2
420,6,"Sehingga pada kasus Anda, ureum Anda masih bisa digolongkan normal, dan kreatinin Anda memang tinggi",ureum golong normal kreatinin,F4,2,2
420,7,"Meskipun sering kali dikaitkan dengan penurunan fungsi ginjal, kreatinin yang tinggi juga bisa disebabkan oleh: Kurang cairan atau dehidrasi",kali kait turun fungsi ginjal kreatinin cair dehidrasi,F3,3,3
420,8,Efek samping obat tertentu,efek samping obat,F3,3,3
420,9,Infeksi pada ginjal,infeksi ginjal,F3,3,3
420,10,Sumbatan saluran kemih,sumbat salur kemih,F3,3,3
420,11,Mengonsumsi daging dalam jumlah besar,konsumsi daging,F3,3,3
420,12,Rhabdomyolisis atau kerusakan jaringan otot,rhabdomyolisis rusak jaring otot,F3,3,3
420,13,Maka memang langkah terbaik untuk kondisi Anda sekarang adalah dengan mengonsultasikan hasil lab tersebut pada dokter spesialis penyakit dalam,langkah kondisi konsultasi hasil lab dokter spesialis sakit,F5,4,4
420,14,Dokter Anda akan mengombinasikan hasil tersebut dengan riwayat penyakit yang Anda miliki dan hasil dari pemeriksaan fisik untuk menentukan apakah peningkatan kreatinin yang Anda alami hanya merupakan peningkatan sementara atau memang merupakan kondisi yang harus ditangani lebih lanjut,dokter kombinasi hasil riwayat sakit milik hasil periksa fisik tingkat kreatinin alami rupa tingkat rupa kondisi tangan,F5,4,4
420,15,"Bila memang diperlukan, dokter Anda nanti mungkin akan melakukan pemeriksaan USG atau CT scan untuk melihat kondisi ginjal Anda dengan lebih detail",dokter laku periksa usg ct scan lihat kondisi ginjal detail,F5,4,4
420,16,"Sementara itu, saran kami hindari merokok, stres dan perbanyak konsumsi air putih",saran hindar rokok stres konsumsi air putih,F5,5,5
420,17,"Hindari konsumsi minuman kaleng atau minuman berenergi, dan jangan konsumsi suplemen penambah massa otot",hindar konsumsi minum kaleng minum energi konsumsi suplemen massa otot,F5,5,5
420,18,"Perbanyak konsumsi makanan bernutrisi seperti sayur dan buah, olahraga teratur dan istirahatlah yang cukup",konsumsi makan nutrisi sayur buah olahraga atur istirahat,F5,5,5
420,19,Semoga Anda dan keluarga sehat selalu,moga keluarga sehat,F1,5,5
420,20,"Sekian, semoga membantu",sekian moga bantu,F1,5,5
420,21,dr Amadeo D Basfiansa,dr amadeo d basfiansa,F1,5,5
421,0,Halo Steffhy,halo steffhy,F1,0,0
421,1,Batu ginjal atau nephrolithiasis merupakan gangguan saluran kemih berupa pembentukan batu pada ginjal,batu ginjal nephrolithiasis rupa ganggu salur kemih rupa bentuk batu ginjal,F3,0,0
421,2,Ginjal berfungsi untuk menyaring darah kemudian mengeluarkan zat - zat sisa metabolisme tubuh dalam bentuk urine / air kencing,ginjal fungsi saring darah zat zat sisa metabolisme tubuh bentuk urine air kencing,F3,0,0
421,3,Gejala penyakit batu ginjal adalah sebagai berikut: Kolik renal,gejala sakit batu ginjal kolik renal,F3,1,0
421,4,"Nyeri hebat yang biasanya dirasakan di pinggang, nyeri bisa mendadak muncul dan sangat mengganggu aktivitas",nyeri hebat pinggang nyeri dadak muncul ganggu aktivitas,F3,1,1
421,5,Nyeri bisa menjalar ke arah paha atau selangkangan,nyeri jalar arah paha selangkang,F3,1,1
421,6,Nyeri tidak dipengaruhi oleh aktivitas,nyeri pengaruh aktivitas,F3,1,1
421,7,"Kencing darah, Urin yang keluar berwarna merah atau normal namun pemeriksaan lab Urin menunjukkan adanya darah (mikroskopik)",kencing darah urin warna merah normal periksa lab urin darah mikroskopik,F3,2,2
421,8,"Rasa nyeri saat berkemih, rasa anyang – anyangan / sudah kencing tapi tidak merasa tuntas",nyeri kemih anyang anyang kencing tuntas,F3,2,3
421,9,Mual dan muntah,mual muntah,F3,2,3
421,10,Penanganan batu ginjal dapat dilakukan dengan pemberian obat - obatan pengurang rasa nyeri golongan NSAID maupun golongan morfin (peresepan hanya oleh dokter),tangan batu ginjal laku obat obat nyeri golong nsaid golong morfin resep dokter,F3,3,3
421,11,"Nyeri pada kolik renal biasanya memang membutuhkan obat pengurang nyeri golongan yang lebih tinggi, yang terkadang dikombinasi dengan obat golongan spasmolitik",nyeri kolik renal butuh obat nyeri golong terkadang kombinasi obat golong spasmolitik,F3,3,3
421,12,Bila ukuran batu kecil 5 mm masih diharapkan bisa keluar sendiri,ukur batu mm harap,F3,4,4
421,13,"Namun, ukuran batu yang besar hanya bisa ditangani dengan operasi maupun tindakan pemecahan batu (ESWL, percutaneous lithotripsy, dan sebagainya)",ukur batu tangan operasi tindak pecah batu eswl percutaneous lithotripsy,F3,4,4
421,14,Operasi sectio caesarean (SC) dapat menimbulkan nyeri perut berkepanjangan di beberapa orang,operasi sectio caesarean sc timbul nyeri perut orang,F4,5,5
421,15,Hal ini dapat timbul sebagai: Myofascial pain syndrome,timbul myofascial pain syndrome,F3,5,5
421,16,Nyeri kronis yang ditimbulkan karena gangguan pada otot akibat jaringan parut yang ditimbulkan setelah operasi,nyeri kronis timbul ganggu otot akibat jaring parut timbul operasi,F3,5,5
421,17,Pada otot terbentuk seperti band / pengikat yang membuat otot menjadi terlalu berkontraksi dan tegang,otot bentuk band ikat otot kontraksi tegang,F3,5,5
421,18,"Nyeri saraf, akibat iritasi beberapa saraf di daerah perut dan panggul",nyeri saraf akibat iritasi saraf daerah perut panggul,F3,5,5
421,19,"Biasanya nyeri yang dirasakan adalah di sekitar luka operasi, semakin nyeri bila ditekan",nyeri luka operasi nyeri tekan,F3,5,5
421,20,"Untuk mengurangi nyeri kronis setelah operasi SC ada beberapa hal yang dapat dilakukan, antara lain: Lakukan olahraga ringan / stretching atau senam untuk melatih otot pelvis secara rutin",nyeri kronis operasi sc laku laku olahraga ringan stretching senam latih otot pelvis rutin,F3,6,6
421,21,Jaga berat badan ideal Mengikuti terapi relaksasi,jaga berat badan ideal terapi relaksasi,F3,6,6
421,22,"Kurangi aktivitas mengangkat barang berat, mengedan terlalu kuat",aktivitas angkat barang berat edan kuat,F3,6,6
421,23,"Bila nyeri hebat sekali dan mengganggu aktivitas, sebaiknya memeriksakan diri langsung ke dokter",nyeri hebat ganggu aktivitas periksa langsung dokter,F5,6,6
421,24,"Penanganan untuk mengurangi nyeri misalnya dengan akupuntur, blok saraf, pemberian rangsangan listrik, ataupun operasi",tangan nyeri akupuntur blok saraf rangsang listrik operasi,F5,6,6
421,25,"Sekian penjelasan dari saya, semoga bermanfaat",sekian moga manfaat,F1,7,7
421,26,Dr Saphira Evani,dr saphira evani,F1,7,7
422,0,Hai Intan,hai intan,F1,0,0
422,1,Batu ginjal adalah keadaan dimana adanya terbentuk benda keras di dalam ginjal,batu ginjal bentuk benda keras ginjal,F3,0,0
422,2,"Batu ginjal dibagi menajdi 4 yaitu batu kalsium, batu asam urat, batu struvit dan batu sistin",batu ginjal menajdi batu kalsium batu asam urat batu struvit batu sistin,F3,0,0
422,3,"Beberapa penyebab batu ginjal, antara lain: Batu kalsium dapat disebabkan oleh makanan yang mengandung kalsium yang tinggi seperti kacang kedelai, hati sapi, cokelat, dan lain – lain",batu ginjal batu kalsium makan kandung kalsium kacang kedelai hati sapi cokelat,F3,0,0
422,4,Batu struvit dapat disebabkan oleh adanya infeksi saluran kemih yang tidak diobati dengan baik dan benar,batu struvit infeksi salur kemih obat,F3,0,0
422,5,Batu asam urat disebabkan oleh tingginya kadar asam urat dalam urin,batu asam urat kadar asam urat urin,F3,0,0
422,6,Batu sistin yang sangat jarang terjadi dan disebabkan oleh keadaan yang disebut sistinuria,batu sistin jarang sistinuria,F3,0,0
422,7,"Pengobatan yang diberikan kepada penderita batu ginjal sangat didasarkan kepada besarnya batu ginjal, lokasi dan keluhan yang dialami",obat derita batu ginjal dasar batu ginjal lokasi keluh alami,F3,0,0
422,8,"Jika batu yang ada tidak menyumbat saluran kencing dan masih memungkinkan diberikan obat serta perbaikan pola hidup dengan mengkonsumsi air mineral dalam jumlah yang banyak, maka mungkin akan diberikan pengobatan biasa saja",batu sumbat salur kencing obat pola hidup mengkonsumsi air mineral obat,F3,0,0
422,9,Namun jika batu yang terjadi cukup besar dan menyumbat saluran kencing maka dapat dilakukan tindakan - tindakan yang lebih tinggi yaitu: Ureterorenoskopi yaitu dengan memasukkan kamera ke dalam saluran kencing untuk melihat letak batu di dalam ginjal serta menghancurkan batu ginja tersebut Bedah terbuka,batu sumbat salur kencing laku tindak tindak ureterorenoskopi masuk kamera salur kencing lihat letak batu ginjal hancur batu ginja bedah buka,F3,1,1
422,10,Tindakan ini dilakukan dengan melakukan pembedahan terbuka di dekat ginjal sehingga dokter dapat langsung mengambil batu yang terbentuk di dalam ginjal ESWL dengan menggunakan gelombang energi untuk memecahkan batu ginjal sehingga batu akan pecah menjadi ukuran yang lebih kecil dan dapat keluar melalui urin PNCL yaitu dengan melakukan sayatan kecil dekat batu ginjal dan kemudian menghancurkan batu ginjal sekalian mengambil bekas serpihan batu ginjal yang sudah dihancurkan,tindak laku laku bedah buka ginjal dokter langsung ambil batu bentuk ginjal eswl gelombang energi pecah batu ginjal batu pecah ukur urin pncl laku sayat batu ginjal hancur batu ginjal kali ambil bekas serpih batu ginjal hancur,F3,1,1
422,11,"Untuk itu, sebaiknya Anda melakukan konsultasi dengan dokter spesialis urologi agar dapat diberikan terapi yang tepat",laku konsultasi dokter spesialis urologi terapi,F5,2,2
422,12,"Selain itu sebaiknya Anda tetap melakukan pola hidup yang baik yaitu dengan mengkonsumsi air mineral minimal 2,5 liter dlaam 1 hari, hindari menahan hasrat buang air kecil, hindari mengkonsumsi makanan yang mengandung kalsium dan asam urat yang tinggi serta menghindari mengkonsumsi minuman beralkohol, kopi dan teh",laku pola hidup mengkonsumsi air mineral minimal liter dlaam hindar tahan hasrat buang air hindar mengkonsumsi makan kandung kalsium asam urat hindar mengkonsumsi minum alkohol kopi teh,F5,2,2
422,13,"Anda dapat membaca artikel di bawah ini: Batu ginjal, Batu ginjal pada wanita",baca artikel batu ginjal batu ginjal wanita,F5,3,3
422,14,Semoga membantu dr Yosephine,moga bantu dr yosephine,F1,3,3
423,0,Halo Nadhyah,halo nadhyah,F1,0,0
423,1,"Penyebab sakit pinggang bisa bermacam - macam, misalnya infeksi saluran kencing (termasuk ginjal), batu ginjal, gangguan / infeksi saluran pencernaan (terutama usus), maupun gangguan pada organ reproduksi (rahim / indung telur)",sakit pinggang infeksi salur kencing masuk ginjal batu ginjal ganggu infeksi salur cerna utama usus ganggu organ reproduksi rahim indung telur,F3,0,0
423,2,"Biasanya sakit pinggang ini masing - masing disertai dengan adanya gejala - gejala lain, misalnya : Pada gangguan saluran kencing tentunya disertai dengan keluhan saat berkemih (sakit / anyang - anyangan / tambah sering)",sakit pinggang gejala gejala ganggu salur kencing keluh kemih sakit anyang anyang,F3,0,0
423,3,"Pada gangguan saluran pencernaan akan disertai gejala seperti mual, muntah ataupun diare",ganggu salur cerna gejala mual muntah diare,F3,0,0
423,4,"Pada gangguan saluran reproduksi biasanya disertai keluhan haid, dan lain – lain",ganggu salur reproduksi keluh haid,F3,0,0
423,5,"Pada batu ginjal, biasanya disertai gejala mual, muntah serta gangguan kencing",batu ginjal gejala mual muntah ganggu kencing,F3,0,0
423,6,"Untuk mengetahui dengan pasti, maka saya sarankan untuk berkonsultasi ke dokter supaya dapat dilakukan pemeriksaan lebih lanjut",saran konsultasi dokter laku periksa,F5,1,1
423,7,"Setelah memeriksa, biasanya seorang doker dapat meminta pemeriksaan tambahan seperti pemeriksaan lab darah, kencing, USG, maupun rontgent",periksa orang doker periksa periksa lab darah kencing usg rontgent,F5,1,1
423,8,Dari sinilah kita dapat mengetahui penyebab pastinya serta dapat mengobati sesuai dengan yang Nadhyah butuhkan,silah obat sesuai nadhyah butuh,F5,1,1
423,9,Berikut adalah laman yang NAdhyah dapat baca tentang sakit pinggang SAKIT PINGGANG,laman nadhyah baca sakit pinggang sakit pinggang,F5,2,2
423,10,Semoga jawaban saya bermanfaat,moga manfaat,F1,2,2
423,11,Salam,salam,F1,2,2
423,12,Dr Rebecca Ayesha,dr rebecca ayesha,F1,3,3
424,0,Hai,hai,F1,0,0
424,1,Sakit pinggang sebelah kiri dapat diakibatkan oleh beberapa kondisi medis berikut ini: Cedera otot / tulang,sakit pinggang belah kiri akibat kondisi medis cedera otot tulang,F3,0,0
424,2,Posisi tubuh / postur yang salah,posisi tubuh postur salah,F3,0,0
424,3,Skiatika (iritasi dan penekanan pada saraf skiatik),skiatika iritasi tekan saraf skiatik,F3,0,0
424,4,Penyempitan tulang belakang (sehingga saraf tulang belakang tertekan),sempit tulang saraf tulang tekan,F3,0,0
424,5,Infeksi saluran kemih / ISK,infeksi salur kemih isk,F3,1,1
424,6,Infeksi ginjal,infeksi ginjal,F3,1,1
424,7,Batu ginjal,batu ginjal,F3,1,1
424,8,Radang panggul,radang panggul,F3,1,1
424,9,Kista ovarium,kista ovarium,F3,1,1
424,10,Kehamilan ektopik dan sebagainya,hamil ektopik,F3,2,1
424,11,Berbahaya atau tidaknya kondisi yang Anda alami akan sangat tergantung pada penyebabnya,bahaya kondisi alami gantung,F3,2,1
424,12,"Untuk memastikan penyebabnya diperlukan pemeriksaan lebih lanjut, baik melalui pemeriksaan fisik maupun tes penunjang yang diperlukan seperti tes urine, X - Ray, USG, CT Scan dan sebagainya",periksa periksa fisik tes tunjang tes urine x ray usg ct scan,F3,2,2
424,13,Jika keluhan terus berulang sebaiknya Anda berkonsultasi dengan dokter agar penyebabnya dapat ditelusuri dan ditangani secara tepat sesuai dengan kondisi yang mendasarinya,keluh ulang konsultasi dokter telusur tangan sesuai kondisi dasar,F5,3,3
424,14,Berikut ini anjuran yang dapat dilakukan: Beristirahat cukup dan tidur yang cukup,anjur laku istirahat tidur,F5,4,4
424,15,"Batasi aktivitas fisik atau gerakan tubuh yang dapat membebani pinggang (seperti membungkuk, mengangkat beban berat dan sebagainya)",batas aktivitas fisik gerak tubuh beban pinggang bungkuk angkat beban berat,F5,4,4
424,16,"Pertahankan posisi / postur tubuh yang benar saat duduk, berbaring maupun berdiri",tahan posisi postur tubuh duduk baring,F5,4,4
424,17,Minum cukup air putih 2 - 3 liter sehari,minum air putih liter,F5,5,5
424,18,Jangan menahan keinginan untuk berkemih,tahan kemih,F5,5,5
424,19,Jika nyeri terasa mengganggu dapat mengonsumsi paracetamol atau ibuprofen untuk meredakannya,nyeri ganggu konsumsi paracetamol ibuprofen reda,F5,5,5
424,20,Baca laman artikel berikut ini: Penyebab sakit pinggang sebelah kiri,baca laman artikel sakit pinggang belah kiri,F5,6,6
424,21,Demikian semoga bermanfaat,moga manfaat,F1,6,6
424,22,dr Muliani Sukiman,dr muliani sukiman,F1,6,6
425,0,Hai Evo,hai evo,F1,0,0
425,1,Batu ginjal merupakan suatu kondisi terbentuknya material keras menyerupai batu di dalam ginjal,batu ginjal rupa kondisi bentuk material keras rupa batu ginjal,F3,1,1
425,2,Gejala batu ginjal baru dirasakan bila batu berukuran besar atau material batu melalui saluran kemih,gejala batu ginjal batu ukur material batu salur kemih,F3,1,1
425,3,"Adapun gejala yang dapat timbul pada batu ginjal antara lain: nyeri perut bagian bawah, pinggang, punggung, hingga selangkangan nyeri saat buang air kecil",gejala timbul batu ginjal nyeri perut pinggang punggung selangkang nyeri buang air,F3,2,2
425,4,"Warna Urin menjadi keruh, kadang dapat bercampur darah sering buang air kecil buang air kecil sedikit – sedikit",warna urin keruh kadang campur darah buang air buang air,F3,2,2
425,5,Keluhan nyeri saat buang air kecil yang Anda alami dapat saja berkaitan dengan batu ginjal yang terjadi,keluh nyeri buang air alami kait batu ginjal,F4,2,2
425,6,"Sekalipun batu berukuran kecil, namun bila batu melewati saluran kemih maka kondisi ini dapat menyebabkan iritasi dan regangan pada saluran kemih sehingga menimbulkan rasa nyeri",batu ukur batu salur kemih kondisi iritasi regang salur kemih timbul nyeri,F3,3,3
425,7,"Namun demikian, batu ginjal juga dapat memicu terjadinya infeksi pada saluran kemih",batu ginjal picu infeksi salur kemih,F3,3,3
425,8,"Adanya batu dapat menyebabkan aliran Urin menjadi terhambat, terlebih bila pasien terbiasa untuk menahan keinginan untuk berkemih",batu alir urin hambat pasien tahan kemih,F3,3,3
425,9,Akibatnya Urin mengendap lebih lama pada saluran kemih dan kandung kemih,akibat urin endap salur kemih kandung kemih,F3,3,3
425,10,"Kondisi ini dapat memicu bakteri berkembang biak, sehingga menyebabkan terjadinya infeksi",kondisi picu bakteri kembang biak infeksi,F3,4,4
425,11,Adapun infeksi saluran kemih juga dapat menimbulkan gejala berupa nyeri saat buang air kecil,infeksi salur kemih timbul gejala rupa nyeri buang air,F3,4,4
425,12,"Untuk mengurangi timbulnya keluhan berikut ini anjuran yang dapat Anda lakukan: Perbanyak konsumsi air putih 2 - 3 liter sehari agar saluran kemih terbilas secara rutin, sehingga bakteri tidak sempat berkembang biak",timbul keluh anjur laku konsumsi air putih liter salur kemih bilas rutin bakteri kembang biak,F3,4,4
425,13,Hindari kebiasaan menahan keinginan untuk buang air kecil,hindar tahan buang air,F3,5,5
425,14,Buang air kecil secara teratur,buang air atur,F3,5,5
425,15,Biasakan untuk buang air kecil sebelum dan sesudah berhubungan intim,buang air hubung intim,F3,5,5
425,16,Namun apabila keluhan terus berlanjut maka sebaiknya Anda kembali menemui dokter yang merawat Anda agar penyebabnya dapat ditelusuri lebih lanjut dan ditangani secara tepat,keluh temu dokter rawat telusur tangan,F5,6,6
425,17,"Artikel berikut ini memuat informasi yang terkait: Batu ginjal, Penyebab nyeri saat buang air kecil",artikel muat informasi kait batu ginjal nyeri buang air,F5,6,6
425,18,Demikian semoga bermanfaat,moga manfaat,F1,6,6
425,19,dr Muliani Sukiman,dr muliani sukiman,F1,7,7
426,0,Hai Ibnu,hai ibnu,F1,0,0
426,1,Nyeri saat buang air kecil dapat disebabkan oleh: Infeksi saluran kemih (ISK),nyeri buang air infeksi salur kemih isk,F3,1,1
426,2,Gejalanya antara lain: Nyeri saat buang air kecil (BAK),gejala nyeri buang air bak,F3,1,1
426,3,Anyang - anyangan atau seperti tidak tuntas setelah BAK,anyang anyang tuntas bak,F3,1,1
426,4,BAK lebih sering atau terkadang sulit ditahan,bak terkadang sulit tahan,F3,1,1
426,5,"Iritasi pada ujung saluran kemih misal akibat sabun, tisu, pembalut, dan sebagainya",iritasi ujung salur kemih akibat sabun tisu balut,F3,1,1
426,6,"Cedera pada ujung saluran kemih misal akibat hubungan intim, terjatuh, dan sebagainya",cedera ujung salur kemih akibat hubung intim jatuh,F3,1,1
426,7,Batu saluran kemih,batu salur kemih,F3,1,1
426,8,"Untuk mencari penyebabnya diperlukan pemeriksaan langsung oleh dokter dengan mengetahui informasi lengkap mengenai gejala Anda, pemeriksaan fisik, serta pemeriksaan penunjang bila diperlukang seperti pemeriksaan urin, USG, dan sebagainya",cari periksa langsung dokter informasi lengkap kena gejala periksa fisik periksa tunjang diperlukang periksa urin usg,F5,2,2
426,9,"Berikut informasinya: Nyeri buang air kecil?, Waspadai anyang - anyangan",informasi nyeri buang air waspada anyang anyang,F5,2,2
426,10,Semoga membantu ya,moga bantu ya,F1,3,3
426,11,Terima kasih,terima kasih,F1,3,3
426,12,Dr Yan william,dr yan william,F1,3,3
427,0,Halo Salsa Billa,halo salsa billa,F1,0,0
427,1,Nyeri perut banyak sekali penyebabnya,nyeri perut,F3,1,1
427,2,"Pada perut bagian kanan wanita, banyak organ yang terdapat di dalamnya, diantaranya adalah hati, usus, usus buntu, ovarium (indung telur), saluran telur, ginjal, ureter, pembuluh darah, persarafan, otot bahkan kulit",perut kanan wanita organ hati usus usus buntu ovarium indung telur salur telur ginjal ureter buluh darah saraf otot kulit,F3,1,1
427,3,Semua organ tersebut bisa saja menimbulkan nyeri jika terdapat gangguan,organ timbul nyeri ganggu,F3,2,2
427,4,"Karena itu, jika ada keluhan nyeri perut, perlu dikaji lebih lanjut, dari tanya jawab medis, pemeriksaan fisik dan pemeriksaan penunjang misalnya USG, rontgen, pemeriksaan darah dan lain sebagainya",keluh nyeri perut kaji medis periksa fisik periksa tunjang usg rontgen periksa darah,F3,2,2
427,5,Berikut ini sebagian kemungkinan penyakit yang dapat menyebabkan nyeri perut kanan : Peradangan usus buntu,sakit nyeri perut kanan radang usus buntu,F3,2,2
427,6,Hepatitis,hepatitis,F3,3,3
427,7,Peradangan empedu / batu empedu,radang empedu batu empedu,F3,3,3
427,8,Kista ovarium,kista ovarium,F3,3,3
427,9,Salpingitis (peradangan pada indung telur dan saluran telur),salpingitis radang indung telur salur telur,F3,3,3
427,10,Batu ginjal atau infeksi ginjal,batu ginjal infeksi ginjal,F3,3,3
427,11,Batu ureter,batu ureter,F3,3,3
427,12,Gastroenteritis atau peradangan saluran cerna,gastroenteritis radang salur cerna,F3,3,3
427,13,Colitis (peradangan usus besar),colitis radang usus,F3,3,3
427,14,Endometriosis,endometriosis,F3,3,3
427,15,Tumor pada rongga perut,tumor rongga perut,F3,3,3
427,16,Gangguan psikis,ganggu psikis,F3,4,4
427,17,"Masih banyak penyebab lainnya, tidak bisa disebutkan satu persatu",,F3,4,4
427,18,"Mengingat nyeri yang Anda alami sudah berlangsung lama, sebaiknya segera memeriksakan diri ke dokter",nyeri alami langsung periksa dokter,F5,4,4
427,19,"Dokter akan melakuan tanya jawab, pemeriksaan fisik da jika perlu akan melakukan pemeriksaan penunjang seperti USG, rontgen, pemeriksaan darah, CT scan, dan pemeriksaan lain",dokter laku periksa fisik da laku periksa tunjang usg rontgen periksa darah ct scan periksa,F5,4,4
427,20,"Setelah itu, dokter akan menentukan penanganan yang sesuai untuk Anda",dokter tangan sesuai,F5,5,5
427,21,"Semoga bermanfaat ya, dr Mega",moga manfaat ya dr mega,F1,6,6
428,0,Hai,hai,F1,0,0
428,1,"Keluhan nyeri pada pinggang dapat diakibatkan oleh berbagai kemungkinan penyebab berikut ini: Postur tubuh yang salah saat duduk, berdiri atau berbaring",keluh nyeri pinggang akibat postur tubuh salah duduk baring,F3,0,1
428,2,Cedera otot / tulang,cedera otot tulang,F3,1,1
428,3,Skiatika (iritasi dan penekanan pada saraf skiatik),skiatika iritasi tekan saraf skiatik,F3,1,1
428,4,Penyempitan tulang belakang,sempit tulang,F3,1,1
428,5,"Gangguan ginjal (infeksi ginjal, batu ginjal)",ganggu ginjal infeksi ginjal batu ginjal,F3,1,2
428,6,"Kelainan pada sistem pencernaan (sindrom iritasi usus, gangguan usus besar",sistem cerna sindrom iritasi usus ganggu usus,F3,1,2
428,7,"Gangguan sistem reproduksi ( penyakit radang panggul, kista ovarium, endometriosis) dan sebagainya",ganggu sistem reproduksi sakit radang panggul kista ovarium endometriosis,F3,1,2
428,8,Untuk memastikan penyebabnya tentunya diperlukan pemeriksaan lebih lanjut,periksa,F5,2,3
428,9,"Sebaiknya Anda berkonsultasi dengan dokter agar dapat dilakukan pemeriksaan fisik dan tes penunjang yang diperlukan seperti tes urine, USG, X - Ray dan sebagainya",konsultasi dokter laku periksa fisik tes tunjang tes urine usg x ray,F5,2,3
428,10,Dengan demikian penyebabnya dapat diidentifikasi dan ditangani secara tepat,identifikasi tangan,F5,3,4
428,11,Berikut ini anjuran bagi Anda: Beristirahat yang cukup dan tidur yang cukup,anjur istirahat tidur,F5,3,4
428,12,"Batasi gerakan tubuh yang membebani pinggang (seperti membungkuk, mengangkat beban berat, dan sebagainya)",batas gerak tubuh beban pinggang bungkuk angkat beban berat,F5,3,4
428,13,"Pertahankan posisi dan postur tubuh yang benar saat duduk, berbaring maupun berdiri",tahan posisi postur tubuh duduk baring,F5,3,4
428,14,Hindari mengurut / memijat bagian pinggang yang sakit,hindar urut pijat pinggang sakit,F5,3,4
428,15,Jika nyeri terasa mengganggu dapat mengonsumsi ibuprofen atau paracetamol untuk meredakannya,nyeri ganggu konsumsi ibuprofen paracetamol reda,F5,4,5
428,16,Minum cukup air putih 2 - 3 liter sehari,minum air putih liter,F5,4,5
428,17,Jangan menahan keinginan untuk berkemih,tahan kemih,F5,4,5
428,18,Buang air kecil secara teratur,buang air atur,F5,4,5
428,19,Baca laman artikel berikut ini: Penyebab sakit pinggang,baca laman artikel sakit pinggang,F5,5,6
428,20,Demikian semoga bermanfaat,moga manfaat,F1,5,6
428,21,dr Muliani Sukiman,dr muliani sukiman,F1,6,6
429,0,Halo Koswara,halo koswara,F1,0,0
429,1,Untuk masalah anda bisa disebabkan oleh: Batu saluran kemih,batu salur kemih,F3,0,0
429,2,Batu ginjal,batu ginjal,F3,0,0
429,3,Infeksi saluran kemih,infeksi salur kemih,F3,0,0
429,4,Dari kemungkinan tersebut yang paling mendekati adalah batu saluran kemih,batu salur kemih,F4,0,0
429,5,Dimana gejalanya seperti berikut ini: Rasa nyeri saat buang air kecil,gejala nyeri buang air,F3,1,1
429,6,Kencing yang bercampur darah,kencing campur darah,F3,1,1
429,7,Rasa nyeri yang hilang timbul,nyeri hilang timbul,F3,1,1
429,8,Rasa nyeri yang menjalar,nyeri jalar,F3,1,1
429,9,Nyeri pada bagian panggul atau perut,nyeri panggul perut,F3,1,1
429,10,"Untuk lebih pastinya, anda harus memeriksakan diri ke dokter spesialis urologi",periksa dokter spesialis urologi,F5,2,2
429,11,Akan ada pemeriksaan lanjutan yang dilakukan seperti USG atau foto rontgen nantinya,periksa laku usg foto rontgen,F5,2,2
429,12,Batu saluran kemih ini bisa disebabkan karena seringnya menahan kencing dan / atau dikit minum air mineral,batu salur kemih tahan kencing dikit minum air mineral,F5,3,3
429,13,Berikut beberapa hal yang dapat anda lakukan sementara: Banyak minum air mineral (minimal 2 liter sehari),laku minum air mineral minimal liter,F5,3,3
429,14,Jangan menahan kencing,tahan kencing,F5,3,3
429,15,Lakukan lompat - lompat selama 5 menit minimal sebanyak 2 kali sehari (hal ini dimaksudkan untuk mendorong batu saluran kemih yang menghalangi),laku lompat lompat menit minimal kali maksud dorong batu salur kemih halang,F5,4,4
429,16,Diskusi ini dapat anda simak juga,diskusi simak,F5,4,4
429,17,"Semoga membantu, Dr Yosephine U L Simanungkalit",moga bantu dr yosephine u l simanungkalit,F1,4,4
430,0,"Halo,Waalaikumsalam wr wb",halowaalaikumsalam wr wb,F1,0,0
430,1,Bagaimana diagnosis dari dokter penyakit dalam Anda dan apakah Anda sudah minum obat yang diberikan dengan teratur?,diagnosis dokter sakit minum obat atur,F2,1,1
430,2,"Jika sudah minum obat dengan teratur, Anda dapat kontrol ke dokter Anda berobat tersebut untuk dilakukan evaluasi pengobatan",minum obat atur kontrol dokter obat laku evaluasi obat,F4,1,1
430,3,"Jika penyebabnya adalah infeksi saluran kemih, gejala masih tetap ada, pemeriksaan lanjutan seperti kultur",infeksi salur kemih gejala periksa kultur,F3,2,2
430,4,Urin dapat dilakukan oleh dokter pada kasus infeksi saluran kemih yang disebabkan kuman yang sudah kebal terhadap antibiotik tertentu,urin laku dokter infeksi salur kemih kuman kebal hadap antibiotik,F3,2,2
430,5,"Anyang - anyangan atau nyeri saat BAK dapat sangat mengganggu aktivitas, akibat Urin yang keluar tidak lancar, dapat muncul gejala perut kembung",anyang anyang nyeri bak ganggu aktivitas akibat urin lancar muncul gejala perut kembung,F3,2,2
430,6,Pada tahap penyakit yang lebih berat dapat terjadi penumpukan,tahap sakit berat tumpuk,F3,2,2
430,7,Urin di kandung kemih yang menyebabkan perut terasa nyeri,urin kandung kemih perut nyeri,F3,2,2
430,8,"Secara umum, anyang - anyangan dapat terjadi pada kondisi berikut ini: infeksi kandung kemih",anyang anyang kondisi infeksi kandung kemih,F3,2,2
430,9,infeksi ginjal (pielonefritis),infeksi ginjal pielonefritis,F3,2,2
430,10,infeksi saluran keluar Urin (uretritis),infeksi salur urin uretritis,F3,2,2
430,11,penyempitan saluran Urin (striktur),sempit salur urin striktur,F3,2,2
430,12,batu di saluran kemih,batu salur kemih,F3,2,2
430,13,"Gejala - gejala yang dapat muncul adalah demam, sering BAK tetapi volume sedikit - sedikit, BAK tidak tuntas, nyeri pada panggul, dan lain – lain",gejala gejala muncul demam bak volume bak tuntas nyeri panggul,F3,2,2
430,14,"Saat Anda ke dokter, akan dilakukan tanya jawab mengenai gejala dan riwayat penyakit Anda",dokter laku kena gejala riwayat sakit,F5,3,3
430,15,"Setelah itu, dokter akan melakukan pemeriksaan fisik termasuk nyeri ketok di pinggang kemudian dilakukan pemeriksaan Urin rutin di laboratorium",dokter laku periksa fisik masuk nyeri ketok pinggang laku periksa urin rutin laboratorium,F5,3,3
430,16,Dari pemeriksaan tersebut akan diketahui penyebab anyang - anyangan dan diberi pengobatan sesuai penyebabnya,periksa anyang anyang obat sesuai,F5,4,4
430,17,"Obat yang dapat diberikan adalah antibiotik yang sensitif terhadap kuman penyebab, ataupun tindakan operasi jika perlu",obat antibiotik sensitif hadap kuman tindak operasi,F5,4,4
430,18,Beberapa hal yang dapat Anda lakukan: minum air putih dalam jumlah cukup,laku minum air putih,F5,5,5
430,19,"Segeralah BAK jika ingin BAK, jangan ditahan",bak bak tahan,F5,5,5
430,20,"Bilaslah vagina dari arah depan ke belakang, bukan sebaliknya",bilas vagina arah,F5,5,5
430,21,Menghindari penggunaan produk untuk area kewanitaan,hindar produk area wanita,F5,5,5
430,22,"Artikel ini memuat lebih lengkap mengenai anyang - anyangan: Nyeri BAK, anyang – anyangan",artikel muat lengkap kena anyang anyang nyeri bak anyang anyang,F5,5,5
430,23,"Semoga membantu ya, dr Miranti Iskandar",moga bantu ya dr miranti iskandar,F1,6,6
431,0,Halo Steffhy,halo steffhy,F1,0,0
431,1,Batu ginjal atau nephrolithiasis merupakan gangguan saluran kemih berupa pembentukan batu pada ginjal,batu ginjal nephrolithiasis rupa ganggu salur kemih rupa bentuk batu ginjal,F3,0,0
431,2,Ginjal berfungsi untuk menyaring darah kemudian mengeluarkan zat - zat sisa metabolisme tubuh dalam bentuk urine / air kencing,ginjal fungsi saring darah zat zat sisa metabolisme tubuh bentuk urine air kencing,F3,0,0
431,3,Gejala penyakit batu ginjal adalah sebagai berikut: Kolik renal,gejala sakit batu ginjal kolik renal,F3,1,0
431,4,"Nyeri hebat yang biasanya dirasakan di pinggang, nyeri bisa mendadak muncul dan sangat mengganggu aktivitas",nyeri hebat pinggang nyeri dadak muncul ganggu aktivitas,F3,1,1
431,5,Nyeri bisa menjalar ke arah paha atau selangkangan,nyeri jalar arah paha selangkang,F3,1,1
431,6,Nyeri tidak dipengaruhi oleh aktivitas,nyeri pengaruh aktivitas,F3,1,1
431,7,"Kencing darah, Urin yang keluar berwarna merah atau normal namun pemeriksaan lab Urin menunjukkan adanya darah (mikroskopik)",kencing darah urin warna merah normal periksa lab urin darah mikroskopik,F3,2,2
431,8,"Rasa nyeri saat berkemih, rasa anyang - anyangan / sudah kencing tapi tidak merasa tuntas",nyeri kemih anyang anyang kencing tuntas,F3,2,3
431,9,Mual dan muntah Penanganan batu ginjal dapat dilakukan dengan pemberian obat - obatan pengurang rasa nyeri golongan NSAID maupun golongan morfin (peresepan hanya oleh dokter),mual muntah tangan batu ginjal laku obat obat nyeri golong nsaid golong morfin resep dokter,F3,3,3
431,10,"Nyeri pada kolik renal biasanya memang membutuhkan obat pengurang nyeri golongan yang lebih tinggi, yang terkadang dikombinasi dengan obat golongan spasmolitik",nyeri kolik renal butuh obat nyeri golong terkadang kombinasi obat golong spasmolitik,F3,3,3
431,11,Bila ukuran batu kecil 5 mm masih diharapkan bisa keluar sendiri,ukur batu mm harap,F3,4,4
431,12,"Namun, ukuran batu yang besar hanya bisa ditangani dengan operasi maupun tindakan pemecahan batu (ESWL, percutaneous lithotripsy, dan sebagainya)",ukur batu tangan operasi tindak pecah batu eswl percutaneous lithotripsy,F3,4,4
431,13,Operasi sectio caesarean (SC) dapat menimbulkan nyeri perut berkepanjangan di beberapa orang,operasi sectio caesarean sc timbul nyeri perut orang,F4,5,5
431,14,Hal ini dapat timbul sebagai: Myofascial pain syndrome,timbul myofascial pain syndrome,F3,5,5
431,15,Nyeri kronis yang ditimbulkan karena gangguan pada otot akibat jaringan parut yang ditimbulkan setelah operasi,nyeri kronis timbul ganggu otot akibat jaring parut timbul operasi,F3,5,5
431,16,Pada otot terbentuk seperti band / pengikat yang membuat otot menjadi terlalu berkontraksi dan tegang,otot bentuk band ikat otot kontraksi tegang,F3,5,5
431,17,"Nyeri saraf, akibat iritasi beberapa saraf di daerah perut dan panggul",nyeri saraf akibat iritasi saraf daerah perut panggul,F3,5,5
431,18,"Biasanya nyeri yang dirasakan adalah di sekitar luka operasi, semakin nyeri bila ditekan",nyeri luka operasi nyeri tekan,F3,5,5
431,19,"Untuk mengurangi nyeri kronis setelah operasi SC ada beberapa hal yang dapat dilakukan, antara lain: Lakukan olahraga ringan / stretching atau senam untuk melatih otot pelvis secara rutin",nyeri kronis operasi sc laku laku olahraga ringan stretching senam latih otot pelvis rutin,F3,6,6
431,20,Jaga berat badan ideal,jaga berat badan ideal,F3,6,6
431,21,Mengikuti terapi relaksasi,terapi relaksasi,F3,6,6
431,22,"Kurangi aktivitas mengangkat barang berat, mengedan terlalu kuat",aktivitas angkat barang berat edan kuat,F3,6,6
431,23,"Bila nyeri hebat sekali dan mengganggu aktivitas, sebaiknya memeriksakan diri langsung ke dokter",nyeri hebat ganggu aktivitas periksa langsung dokter,F5,6,6
431,24,"Penanganan untuk mengurangi nyeri misalnya dengan akupuntur, blok saraf, pemberian rangsangan listrik, ataupun operasi",tangan nyeri akupuntur blok saraf rangsang listrik operasi,F5,6,6
431,25,"Sekian penjelasan dari saya, semoga bermanfaat",sekian moga manfaat,F1,7,7
431,26,Dr Saphira Evani,dr saphira evani,F1,7,7
432,0,"Halo Yanti, terima kasih atas pertanyaan Anda",halo yanti terima kasih,F1,0,0
432,1,"Pada dasarnya, sakit perut bisa disebabkan oleh beragam penyebab",dasar sakit perut agam,F3,1,1
432,2,"Melalui deskripsi rasa sakit yang muncul, bisa diperkirakan penyebab yang mendasarinya",deskripsi sakit muncul dasar,F3,1,1
432,3,"Beberapa informasi yang umumnya ditanyakan dokter saat wawancara riwayat penyakit adalah : onset atau waktu munculnya nyeri lokasi nyeri, termasuk penjalarannya sifat nyeri, terbagi menjadi nyeri tumpul ataupun tajam intensitas nyeri gejala penyerta dan sebagainya",informasi dokter wawancara riwayat sakit onset muncul nyeri lokasi nyeri masuk jalar sifat nyeri nyeri tumpul tajam intensitas nyeri gejala,F3,1,1
432,4,"Setelah mewawancarai pasien, dokter akan mengkonfirmasi informasi yang ia peroleh melalui pemeriksaan fisik dan tes tambahan, misalnya tes darah, tes urin, foto rontgen perut, USG perut, dan sebagainya",wawancara pasien dokter mengkonfirmasi informasi periksa fisik tes tes darah tes urin foto rontgen perut usg perut,F3,2,2
432,5,Penanganan akan disesuaikan dengan penyebab yang mendasari,tangan sesuai dasar,F3,3,3
432,6,Berikut adalah beberapa penyebab dari sakit perut sebelah kiri yang umum ditemui sehari - hari : batu saluran kemih infeksi ginjal tukak peptik divertikulitis radang tuba fallopi (khusus pada wanita) dan lain - lain,sakit perut belah kiri temu batu salur kemih infeksi ginjal tukak peptik divertikulitis radang tuba fallopi khusus wanita,F3,3,3
432,7,Saya anjurkan Anda memeriksakan diri ke dokter agar penyebab yang mendasari keluhan Anda bisa dipastikan dan mendapat penanganan yang tepat,anjur periksa dokter dasar keluh tangan,F5,3,3
432,8,"Sambil menunggu pemeriksaan dokter, anjuran selama di rumah : konsumsi air mineral 2 - 3 liter per hari",tunggu periksa dokter anjur rumah konsumsi air mineral liter,F5,4,4
432,9,Hindari kebiasaan menahan buang air kecil,hindar tahan buang air,F5,4,4
432,10,Olahraga secara rutin,olahraga rutin,F5,4,4
432,11,Konsumsi makanan bergizi seimbang secara teratur,konsumsi makan gizi imbang atur,F5,4,4
432,12,"Bila nyeri terasa mengganggu, sebagai penanganan awal Anda bisa mengonsumsi obat antinyeri seperti paracetamol atau ibuprofen",nyeri ganggu tangan konsumsi obat antinyeri paracetamol ibuprofen,F5,4,4
432,13,Silahkan baca tentang sakit perut,silah baca sakit perut,F5,4,4
432,14,"Demikian, semoga bermanfaat ya dr Lili",moga manfaat ya dr lili,F1,4,4
433,0,"Halo, terima kasih atas pertanyaannya",halo terima kasih,F1,0,0
433,1,"Nyeri dan panas yang muncul di pinggang dan terasa hingga ke perut bawah sebelah kanan bisa terjadi karena beberapa faktor berikut: Syaraf tulang belakang atau pinggang kejepit, contohnya akibat herniasi nukleus pulposus, tertekan oleh tumor atau infeksi di sekitarnya, spondilosis, skoliosis, lordosis",nyeri panas muncul pinggang perut belah kanan faktor syaraf tulang pinggang jepit contoh akibat herniasi nukleus pulposus tekan tumor infeksi spondilosis skoliosis lordosis,F3,0,0
433,2,"Gangguan saluran kemih, contohnya akibat sistitis, batu atau infeksi ginjal, batu kandung kemih",ganggu salur kemih contoh akibat sistitis batu infeksi ginjal batu kandung kemih,F3,0,0
433,3,"Gangguan saluran reproduksi, contohnya akibat kista ovarium, endometriosis, radang panggul, hamil ektopik",ganggu salur reproduksi contoh akibat kista ovarium endometriosis radang panggul hamil ektopik,F3,0,0
433,4,"Faktor lain, seperti peritonitis, gastroenteritis, radang usus, obstruksi usus, neuropati perifer, pre menstrual syndrome, gangguan psikosomatis, ischialgia, gangguan cemas berlebih, rheumatoid arthritis, infeksi virus atau bakteri di sistem organ lain, dan sebagainya",faktor peritonitis gastroenteritis radang usus obstruksi usus neuropati perifer pre menstrual syndrome ganggu psikosomatis ischialgia ganggu cemas rheumatoid arthritis infeksi virus bakteri sistem organ,F3,0,0
433,5,"Jika keluhan yang Anda rasakan ringan saja, Anda bisa coba redakan dulu keluhan tersebut dengan mengoleskan krim pereda nyeri atau aplikasikan kompres hangat ke atas pinggang dan perut yang tidak nyaman, perbanyak beristirahat, kenakan pakaian yang longgar, jauhi high heels, disiplin berolahraga untuk meregangkat otot pinggang dan perut, tidak dulu mengangkat beban berat, jangan gemar menunda waktu makan, jangan juga sering menahan buang air besar ataupun kecil, minum lebih banyak air putih, serta jangan Anda sembarangan mengurut area yang nyeri dan panas tersebut",keluh ringan coba reda keluh oles krim reda nyeri aplikasi kompres hangat pinggang perut nyaman istirahat kena pakai longgar high heels disiplin olahraga meregangkat otot pinggang perut angkat beban berat gemar tunda makan tahan buang air minum air putih sembarang urut area nyeri panas,F5,1,1
433,6,"Sebaliknya, jika rasa nyeri dan panas justru semakin memburuk, atau muncul lemas / lumpuh alat gerak, gangguan buang air besar atau kecil, gangguan menstruasi, muntah - muntah, demam tinggi, kebas, dan keluhan lain yang lebih berat, cobalah periksakan langsung diri Anda ke dokter supaya diberikan tatalaksana yang tepat sesuai penyebabnya ya",nyeri panas buruk muncul lemas lumpuh alat gerak ganggu buang air ganggu menstruasi muntah muntah demam kebas keluh berat coba periksa langsung dokter tatalaksana sesuai ya,F5,1,1
433,7,"Bila menduga ada penyakit serius, bisa jadi nantinya dokter akan mengarahkan Anda untuk menjalani pemeriksaan rontgen, USG, tes urin, atau tes penunjang lainnya",duga sakit serius dokter arah jalan periksa rontgen usg tes urin tes tunjang,F5,2,2
433,8,"Bisa jadi juga, nantinya Anda akan dirujuk ke dokter syaraf atau dokter dengan spesialisasi lain yang lebih kompeten mengatasi keluhan Anda",rujuk dokter syaraf dokter spesialisasi kompeten keluh,F5,2,2
433,9,Semoga membantu,moga bantu,F1,2,2
434,0,Hai Desya,hai desya,F1,0,0
434,1,Batu ginjal adalah suatu keadaan dimana adanya terbentuk material yang keras dan menyerupai batu di dalam ginjal,batu ginjal bentuk material keras rupa batu ginjal,F3,0,0
434,2,Materaial ini terbentuk dari limbah - limbah di darah yang dipisahkan ginjal dan mengendap dan mengkristal seiring waktu,materaial bentuk limbah limbah darah pisah ginjal endap kristal iring,F3,0,0
434,3,Terbentuknya batu ginjal ini disebabkan oleh makanan atau masalah kesehatan lain,bentuk batu ginjal makan sehat,F3,0,0
434,4,"Ada berbagai jenis batu yang bisa terbentuk seperti batu kalsium, bau asam urat, batu struvit dan batu sistin",jenis batu bentuk batu kalsium bau asam urat batu struvit batu sistin,F3,0,0
434,5,Ada dua jenis cara yang dilakukan dalam mengobati batu ginjal,jenis laku obat batu ginjal,F3,0,0
434,6,Cara pengobatan yang dilakukan ini dilakukan atas dasar besarnya batu yang terbentuk,obat laku laku dasar batu bentuk,F3,0,0
434,7,Jika batu yang terbentuk berukuran kecil maka dapat dilakukan penanganan konservatif dengan menyarankan penderitanya untuk mengkonsumsi banyak air mineral agar batu yang terbentu dapat meluruh dan keluar dari saluran kencing dengan sendirinya,batu bentuk ukur laku tangan konservatif saran derita mengkonsumsi air mineral batu terbentu luruh salur kencing,F3,0,0
434,8,Dokter akan memberikan obat pereda nyeri untuk mengatasi nyeri yang terjadi,dokter obat reda nyeri nyeri,F3,1,1
434,9,Penanganan lain yang bisa dilakukan antara lain adalah tindakan operasi namun tindakan ini pada umumnya dilakukan pada penderita dengan batu ginjal yang berukuran lebih besar dan tidak bisa melewati saluran kencing,tangan laku tindak operasi tindak laku derita batu ginjal ukur salur kencing,F3,2,2
434,10,Ada beberapa penanganan alami yang bisa dilakukan seperti: Mengkonsumsi teh hitam,tangan alami laku mengkonsumsi teh hitam,F3,2,2
434,11,Cuka sari apel yang dapat meluruhkan batu ginjal,cuka sari apel luruh batu ginjal,F3,3,3
434,12,Akar dandelion,akar dandelion,F3,3,3
434,13,Batang pisang,batang pisang,F3,3,3
434,14,Daun jelatang,daun jelatang,F3,3,3
434,15,Minuman yang mengandung lemon,minum kandung lemon,F3,4,4
434,16,Namun sebaiknya lakukan pula konsultasi dengan dokter sebelum anda mengkonsumsi bahan alami yang sudah disebutkan diatas,laku konsultasi dokter mengkonsumsi bahan alami,F5,4,4
434,17,"Anda juga sebaiknya menyarankan ayah Anda untuk melakukan tips - tips di bawah ini: Mengkonsumsi air mineral yang banyak minimal 2,5 liter dalam 1 hari",saran ayah laku tips tips mengkonsumsi air mineral minimal liter,F5,4,4
434,18,Hindari mengkonsumsi obat - obatan tanpa resep dokter,hindar mengkonsumsi obat obat resep dokter,F5,4,4
434,19,Saat bulan puasa sebaiknya konsumsi air mineral yang banyak di saat sahur dan buka puasa,puasa konsumsi air mineral sahur buka puasa,F5,5,5
434,20,Namun jika tidak mampu sebaiknya hindari melakukan puasa karena dapat memperburuk keadaan ayah Anda,hindar laku puasa buruk ayah,F5,5,5
434,21,Hindari melakukan aktivitas yang terlalu berat,hindar laku aktivitas berat,F5,5,5
434,22,Hindari menahan hasrat buang air kecil,hindar tahan hasrat buang air,F5,5,5
434,23,"Anda juga dapat membaca artikel di bawah ini: Obat alami batu ginjal, Obat herbal untuk batu ginjal",baca artikel obat alami batu ginjal obat herbal batu ginjal,F5,6,6
434,24,Semoga bermanfaat,moga manfaat,F1,6,6
434,25,dr Yosephine,dr yosephine,F1,6,6
435,0,Hai,hai,F1,0,0
435,1,"Keluhan yang Anda alami kemungkinan disebabkan oleh infeksi saluran kemih / ISK, yaitu peradangan pada saluran kemih akibat infeksi bakteri",keluh alami infeksi salur kemih isk radang salur kemih akibat infeksi bakteri,F4,0,0
435,2,"Gejala yang dapat timbul adalah: nyeri saat buang air kecil, sering buang air kecil, buang air kecil sedikit – sedikit, sakit pinggang / perut bagian bawah, Urin berwarna keruh dan berbau menyengat, dan sebagainya",gejala timbul nyeri buang air buang air buang air sakit pinggang perut urin warna keruh bau sengat,F3,0,0
435,3,"Penyakit infeksi akibat bakteri dapat saja diiringi dengan gejala penyerta yang lain seperti demam, sakit kepala, sakit tenggorokan, flu, nyeri otot dan sendi dan sebagainya",sakit infeksi akibat bakteri iring gejala demam sakit kepala sakit tenggorok flu nyeri otot sendi,F3,0,0
435,4,Namun tidak semua gejala ini selalu muncul,gejala muncul,F3,0,0
435,5,"Selain itu keluhan nyeri saat berkemih dapat pula diakibatkan oleh beberapa kemungkinan penyebab yang lain seperti: Infeksi ginjal, Batu ginjal, Radang kandung kemih, Batu kandung kemih, Penyakit menular seksual, dan sebagainya",keluh nyeri kemih akibat infeksi ginjal batu ginjal radang kandung kemih batu kandung kemih sakit tular seksual,F3,0,0
435,6,Untuk memastikan penyebabnya sebaiknya Anda kembali berkonsultasi dengan dokter agar dapat dilakukan pemeriksaan lebih lanjut,konsultasi dokter laku periksa,F5,1,1
435,7,"Dokter akan melakukan pemeriksaan fisik dan tes penunjang jika diperlukan seperti tes urine, USG, X - Ray dan sebagainya",dokter laku periksa fisik tes tunjang tes urine usg x ray,F5,1,1
435,8,Dengan demikian penanganan yang tepat akan dapat diberikan sesuai dengan kondisi yang mendasarinya,tangan sesuai kondisi dasar,F5,2,2
435,9,"Berikut ini anjuran yang dapat dilakukan: Lakukan pengobatan secara tuntas sesuai petunjuk dokter, hindari menyisakan antibiotik karena dapat menyebabkan resistensi bakteri terhadap pengobatan sehingga lebih sulit disembuhkan",anjur laku laku obat tuntas sesuai dokter hindar sisa antibiotik resistensi bakteri hadap obat sulit sembuh,F5,2,2
435,10,Perbanyak konsumsi air putih 10 - 12 gelas sehari agar saluran kemih terbilas secara teratur sehingga bakteri tidak sempat berkembang biak,konsumsi air putih gelas salur kemih bilas atur bakteri kembang biak,F5,3,3
435,11,Jangan menahan keinginan untuk berkemih,tahan kemih,F5,3,3
435,12,Buang air kecil secara teratur,buang air atur,F5,3,3
435,13,Biasakan membasuh organ intim dari arah depan ke belakang untuk menghindari kontaminasi bakteri dari anus ke saluran kemih,basuh organ intim arah hindar kontaminasi bakteri anus salur kemih,F5,3,3
435,14,Istirahat yang cukup dan mengonsumsi makanan bergizi agar daya tahan tubuh terjaga,istirahat konsumsi makan gizi daya tahan tubuh jaga,F5,3,3
435,15,Baca laman artikel berikut ini: Penyebab nyeri saat buang air kecil Infeksi saluran kemih / ISK,baca laman artikel nyeri buang air infeksi salur kemih isk,F5,3,3
435,16,Demikian semoga bermanfaat,moga manfaat,F1,3,3
435,17,dr Muliani Sukiman,dr muliani sukiman,F1,4,4
436,0,"Halo, Terima kasih atas pertanyannya kepada alodokter",halo terima kasih pertanyannya alodokter,F1,0,0
436,1,Pemeriksaan USG lebih unggul dibanding pemeriksaan urin dalam mendeteksi adanya batu,periksa usg unggul banding periksa urin deteksi batu,F3,0,1
436,2,Adanya batu saluran kemih (termasuk ginjal) tidak harus selalu dibarengi dengan tanda adanya kristal di urin yang diperiksa melalui pemeriksaan urin (urinalisis),batu salur kemih masuk ginjal bareng tanda kristal urin periksa periksa urin urinalisis,F3,0,1
436,3,"Dengan pemeriksaan USG (yang mana lebih unggul / lebih baik dibanding pemeriksaan urin) biasanya lebih mampu / baik dalam mencitrakan (menunjukkan) gambaran kondisi saluran kemih anda, termasuk ada atau tidaknya batu",periksa usg unggul banding periksa urin citra gambar kondisi salur kemih masuk batu,F3,0,1
436,4,"Namun, mungkin untuk memastikan batu tersebut kadang dokter masih perlu melakukan pemeriksaan yang lebih unggul, misalnya pemeriksaan yang lebih unggul dibanding USG berupa rontgen dengan bantuan cairan kontras (untuk memastikan benar - benar batu)",batu kadang dokter laku periksa unggul periksa unggul banding usg rupa rontgen bantu cair kontras batu,F3,0,1
436,5,"Karena dalam proses mendiagnosis penyakit kadang - kadang dapat saja diperlukan beberapa pemeriksaan, sesuai pertimbangan dokter yang menangani",proses diagnosis sakit kadang kadang periksa sesuai timbang dokter tangan,F3,1,1
436,6,"Akan tetapi, dapat saja dengan USG dokter sudah cukup yakin tentang kondisi batu tersebut dan tidak memerlukan pemeriksaan lebih lanjut",usg dokter kondisi batu periksa,F3,1,1
436,7,Jadi sangat tergantung dengan dokter yang menangani dan yang melakukan pemeriksaan,gantung dokter tangan laku periksa,F3,1,1
436,8,"Setiap batu yang ada di saluran kemih sebaiknya ditangani agar tidak berlanjut menimbulkan komplikasi terhadap kesehatannya, terutama terkait kesehatan ginjal",batu salur kemih tangan timbul komplikasi hadap sehat utama kait sehat ginjal,F3,1,1
436,9,Batu ginjal dapat menjadi penyebab gagal ginjal,batu ginjal gagal ginjal,F3,1,1
436,10,Penanganan batu ginjal dapat dilakukan dengan obat - obatan (jika ukuran batu dinilai kecil dan masih memiliki peluang keluar secara spontan melalui pipis) atau operasi (jika ukuran batu cukup besar dan dinilai tidak ada peluang untuk batu turun dan keluar secara spontan),tangan batu ginjal laku obat obat ukur batu nilai milik peluang spontan pipis operasi ukur batu nilai peluang batu turun spontan,F3,2,2
436,11,"Pada orang yang mencoba pengobatan dengan obat, tetapi batu juga tidak keluar secara spontan dalam rentang pengamatan tertentu maka operasi juga menjadi pilihan selanjutnya",orang coba obat obat batu spontan rentang operasi pilih,F3,2,2
436,12,"Perlu diketahui bahwa, ukuran batu akan semakin lama semakin besar dan sangat jarang sekali kasus yang batunya justru menjadi kecil (hampir tidak ada)",ukur batu jarang batu,F3,2,2
436,13,"Biasanya dokter akan optimis untuk mencoba terapi awal dengan obat - obatan (yang bertujuan mengeluarkan batu) jika ukuran batu 0,5 cm, dan beberapa dokter juga masih dapat mencoba dengan obat jika ukuran batu 1 cm (namun, sebagian dokter lagi tidak setuju dengan batas 1 cm tersebut yang dinilai peluang keluarnya batu secara spontan sudah menurun)",dokter optimis coba terapi obat obat tuju batu ukur batu cm dokter coba obat ukur batu cm dokter tuju batas cm nilai peluang batu spontan turun,F3,2,2
436,14,"Jadi, kesimpulannya adalah dokter tentu menyarankan agar batu ginjal harus ditangani sesegera mungkin karena berpotensi membahayakan kesehatan dan semakin lama biasanya ukurannya akan semakin besar secara progresif dan semakin berpotensi menyebabkan bahaya (komplikasi terhadap kesehatan",simpul dokter saran batu ginjal tangan potensi bahaya sehat ukur progresif potensi bahaya komplikasi hadap sehat,F3,2,3
436,15,Pilihan terapi yang akan dipilih dan perencanaannya sebaiknya dilakukan oleh anda dan dokter yang menangani,pilih terapi pilih rencana laku dokter tangan,F3,3,3
436,16,"Silahkan kembali kunjungi dokter yang memeriksa dan menangani anda, diskusikan topik tersebut, bertanya / minta pendapat dokter tersebut",silah kunjung dokter periksa tangan diskusi topik dokter,F5,3,3
436,17,"Dokter dapat memberikan pertimbangan, tetapi keputusan tetap dari anda",dokter timbang putus,F5,3,3
436,18,Berikut artikel yang terkait dengan topik pertanyaan konsultasi anda: 1 Batu ginjal,artikel kait topik konsultasi batu ginjal,F5,3,3
436,19,2 Perencanaan penanganan batu ginjal,rencana tangan batu ginjal,F5,3,3
436,20,Semoga jawaban yang saya berikan dapat membantu dan meningkatkan pemahamannya terhadap penyakit yang dialami,moga ikan bantu tingkat paham hadap sakit alami,F1,3,3
436,21,Semoga lekas sembuh,moga lekas sembuh,F1,3,3
436,22,Salam dr Nadra Septiadi,salam dr nadra septiadi,F1,3,3
437,0,"Halo Qurrota Aini, terima kasih atas pertanyaannya untuk Alodokter",halo qurrota ain terima kasih alodokter,F1,0,0
437,1,"Hasil CT scan tersebut menunjukkan adanya abses di bagian bawah ginjal sebelah kanan, sementara organ lainnya seperti hati, usus, empedu, pankreas, limpa, kandung kencing, ginjal kiri, prostat, semuanya baik dan normal",hasil ct scan abses ginjal belah kanan organ hati usus empedu pankreas limpa kandung kencing ginjal kiri prostat normal,F4,1,1
437,2,Hal yang tidak normal hanyalah abses yang ditemukan di ginjal kanan tersebut,normal abses temu ginjal kanan,F4,1,1
437,3,Abses ginjal adalah adanya suatu kantong berisi kumpulan nanah di organ ginjal,abses ginjal kantong isi kumpul nanah organ ginjal,F3,1,1
437,4,Sebagian besar abses ginjal disebabkan karena adanya infeksi pada saluran kencing yang naik ke ginjal dan area di sekitar ginjal,abses ginjal infeksi salur kencing ginjal area ginjal,F3,1,1
437,5,"Penyebab lain yang dapat menyebabkan munculnya abses ginjal adalah operasi di saluran kencing atau saluran reproduksi, atau infeksi pada organ lainnya di sekitar ginjal yang merambat ke ginjal",muncul abses ginjal operasi salur kencing salur reproduksi infeksi organ ginjal rambat ginjal,F3,1,1
437,6,"Faktor risiko munculnya abses ginjal antara lain: batu ginjal (pada CT scan anda tidak ditemukan adanya batu ginjal), penyakit diabetes memiliki bentuk saluran kencing yang tidak normal (biasanya kelainan kongenital atau kelainan bawaan), cedera pada ginjal penggunaan obat - obatan terlarang",faktor risiko muncul abses ginjal batu ginjal ct scan temu batu ginjal sakit diabetes milik bentuk salur kencing normal kongenital bawa cedera ginjal obat obat larang,F3,2,1
437,7,Beberapa gejala yang dapat ditemukan pada penderita abses ginjal antara lain: demam dan menggigil nyeri pada pinggang belakang dan perut nyeri dapat pula menjalar ke area selangkangan keringat dingin,gejala temu derita abses ginjal demam gigil nyeri pinggang perut nyeri jalar area selangkang keringat dingin,F3,2,2
437,8,Terapi untuk abses ginjal tergantung pada ukurannya,terapi abses ginjal gantung ukur,F3,2,3
437,9,"Bila ukuran abses kecil, maka dapat diberikan terapi antibiotik yang dimaksukkan langsung ke pembuluh darah (antibiotik intravena)",ukur abses terapi antibiotik dimaksukkan langsung buluh darah antibiotik intravena,F3,3,3
437,10,"Namun bila abses tidak membaik dengan antibiotik saja atau ukuran abses besar, maka diperlukan tindakan berupa drainase abses atau pengeluaran nanah dari dalam kantong abses",abses antibiotik ukur abses tindak rupa drainase abses nanah kantong abses,F3,3,3
437,11,Tindakan ini dilakukan melalui operasi memasukkan selang ke area abses,tindak laku operasi masuk selang area abses,F3,3,3
437,12,Setelahnya akan dilanjutkan dengan pemberian antibiotik intravena juga,antibiotik intravena,F3,3,3
437,13,Sebaiknya anda membawa hasil CT scan tersebut kepada dokter yang memeriksa anda untuk dilakukan penatalaksanaan lebih lanjut,bawa hasil ct scan dokter periksa laku penatalaksanaan,F5,4,4
437,14,"Sekian informasi dari saya, semoga cukup menjawab dr irna cecilia",sekian informasi moga dr irna cecilia,F1,4,4
438,0,Halo,halo,F1,0,0
438,1,Sakit pinggang bisa disebabkan karena banyak faktor yakni : Radang usus buntu,sakit pinggang faktor radang usus buntu,F1,0,0
438,2,Kista ovarium,kista ovarium,F3,0,0
438,3,Penyakit radang panggul akut,sakit radang panggul akut,F3,0,0
438,4,Infeksi saluran kemih,infeksi salur kemih,F3,0,0
438,5,"Gangguan pada otot pinggang akibat cedera, nyeri otot, postur tubuh yang buruk saat beraktivitas dan lain - lain",ganggu otot pinggang akibat cedera nyeri otot postur tubuh buruk aktivitas,F3,1,1
438,6,"Gangguan pada ginjal = infeksi ginjal, batu ginjal, kista ginjal dan lain - lain",ganggu ginjal infeksi ginjal batu ginjal kista ginjal,F3,2,2
438,7,"gangguan pada tulang belakang bagian punggung = HNP, Spinal stenosis, bergesernya ruas tulang belakang, skoliosis, dan lain - lain",ganggu tulang punggung hnp spinal stenosis geser ruas tulang skoliosis,F3,3,3
438,8,Untuk mengetahui penyebab secara pasti maka pemeriksaan fisik secara langsung perlu dilakukan,periksa fisik langsung laku,F3,4,4
438,9,"Dokter akan melakukan pemeriksaan sesuai dengan keluhan Anda dan melakukan tes medis seperti foto Rontgen, MRI, CT SCAN, USG jika perlu",dokter laku periksa sesuai keluh laku tes medis foto rontgen mri ct scan usg,F3,4,4
438,10,Dengan mengetahui penyebabnya maka dokter bisa memberikan pengobatan yang sesuai dan mengurangi nyeri ibu Anda,dokter obat sesuai nyeri,F3,5,5
438,11,"Untuk membantu mengurangi nyeri, Anda bisa menyarankan ibu Anda untuk : Mengompres dingin bagian yang sakit",bantu nyeri saran kompres dingin sakit,F5,5,5
438,12,Banyak minum air putih,minum air putih,F5,5,5
438,13,Minum obat pereda nyeri seperti paracetamol,minum obat reda nyeri paracetamol,F5,5,5
438,14,Olahraga atau stretching,olahraga stretching,F5,6,6
438,15,Buat postur tubuh yang sehat saat beraktivitas,postur tubuh sehat aktivitas,F5,6,6
438,16,Baca topik diskusi Sakit pinggang bawah,baca topik diskusi sakit pinggang,F5,6,6
438,17,Semoga bermanfaat,moga manfaat,F1,6,6
438,18,dr Yusi,dr yusi,F1,7,7
439,0,Halo,halo,F1,0,0
439,1,Nyeri rahim yang Anda maksud mungkin suatu pelvic pain atau nyeri pelvis,nyeri rahim maksud pelvic pain nyeri pelvis,F3,0,0
439,2,"Nyeri pada pelvis seringkali menandakan adanya masalah pada organ - organ di dalam rongga pelvis seperti rahim atau uterus, kandung telur, tuba, serviks, vagina, kandung kemih, atau kolon",nyeri pelvis seringkali tanda organ organ rongga pelvis rahim uterus kandung telur tuba serviks vagina kandung kemih kolon,F3,0,0
439,3,Mungkin saja nyeri yang terjadi merupakan suatu kondisi yang normal misalnya pada kondisi menstruasi,nyeri rupa kondisi normal kondisi menstruasi,F3,1,1
439,4,"Namun juga terdapat penyebab lain dari nyeri pelvis, yaitu Appendisitis (radang usus buntu)",nyeri pelvis appendisitis radang usus buntu,F3,2,2
439,5,Gangguan kandung kemih,ganggu kandung kemih,F3,2,2
439,6,Infeksi pada ginjal atau batu ginjal,infeksi ginjal batu ginjal,F3,2,2
439,7,Gangguan saluran pencernaan,ganggu salur cerna,F3,2,2
439,8,Hernia,hernia,F3,2,2
439,9,Pelvic inflammatory disease (radang di panggul karena infeksi),pelvic inflammatory disease radang panggul infeksi,F3,2,2
439,10,Kista ovarium,kista ovarium,F3,2,2
439,11,Endometriosis,endometriosis,F3,2,2
439,12,Kehamilan di luar rahim,hamil rahim,F3,3,3
439,13,Kanker Rahim,kanker rahim,F3,3,3
439,14,Kanker Serviks,kanker serviks,F3,3,3
439,15,Penyakit menular seksual dan lain – lain,sakit tular seksual,F3,3,3
439,16,Perlu pemeriksaan lebih lanjut untuk mengetahui penyebab nyeri pelvis Anda,periksa nyeri pelvis,F4,3,4
439,17,"Selain anamnesis dan pemeriksaan fisik dasar, pemeriksaan lain seperti labor darah, urin, feses, pemeriksaan cairan vagina, tes USG, dan CT scan mungkin juga diperlukan untuk menegakkan diagnosisnya",anamnesis periksa fisik dasar periksa labor darah urin feses periksa cair vagina tes usg ct scan tegak diagnosis,F3,4,4
439,18,Pengobatan nantinya akan disesuaikan dengan penyebab yang terjadi,obat sesuai,F3,5,5
439,19,Anda dapat menggunakan obat pereda nyeri seperti paracetamol atau ibuprofen untuk mengurangi keluhannya,obat reda nyeri paracetamol ibuprofen keluh,F3,5,5
439,20,"Semoga bermanfaat, dr Muhammad Fadhil Rahmadiansyah",moga manfaat dr muhammad fadhil rahmadiansyah,F1,6,6
440,0,Hai Yulius,hai yulius,F1,0,0
440,1,"Sampai sekarang belum ada bukti dari penelitian medis adanya efek buruk akibat melakukan onani / masturbasi, banyak sekali mitos di masyarakat mengenai efek buruk onani seperti kemandulan, sakit pinggang, impoten, penis rusak, sakit kelamin, dan sebagainya",bukti teliti medis efek buruk akibat laku onani masturbasi mitos masyarakat kena efek buruk onani mandul sakit pinggang impoten penis rusak sakit kelamin,F4,0,0
440,2,Namun itu semua hanyala mitos yang belum terbukti kebenarannya,hanyala mitos bukti,F4,0,0
440,3,Efek buruk yang mungkin timbul adalah bila onani dilakukan berlebihan sehingga menggangu efek psikologis seperti: Merasa bersalah,efek buruk timbul onani laku menggangu efek psikologis salah,F6,0,0
440,4,"Menimbulkan kecanduan, pada yang berat dapat mengganggu aktivitas sehari - hari karena akan merasa gelisah bila belum melakukan onani",timbul candu berat ganggu aktivitas gelisah laku onani,F6,0,0
440,5,Kurang dapat menikmati hubungan intim dengan istri di kemudian hari sehingga menjadi lebih cepat ejakulasi,nikmat hubung intim istri cepat ejakulasi,F6,0,0
440,6,Dan juga menyebabkan penis terasa nyeri akibat gesekan terus menerus,penis nyeri akibat gesek,F6,0,0
440,7,"Sering buang air kecil (BAK) bukan hanya disebabkan oleh kencing manis atau diabetes melitus, bila dari hasil kadar gula darah Anda normal kemungkinan bukan disebabkan oleh kencing manis",buang air bak kencing manis diabetes melitus hasil kadar gula darah normal kencing manis,F3,1,1
440,8,Beberapa penyebab sering BAK antara lain: Banyak minum air putih,bak minum air putih,F3,1,1
440,9,Kondisi lingkungan yang dingin,kondisi lingkung dingin,F3,1,1
440,10,Cemas Infeksi saluran kemih,cemas infeksi salur kemih,F3,2,2
440,11,Batu saluran kemih,batu salur kemih,F3,2,2
440,12,Kandung kemih yang terlalu aktif,kandung kemih aktif,F3,2,2
440,13,Obat - obatan Dan lainnya,obat obat,F3,3,3
440,14,"Untuk mencari penyebabnya diperlukan informasi lebih lanjut apakah adanya gejala - gejala dari penyebab diatas, pemeriksaan fisik oleh dokter serta pemeriksaan penunjang bila diperlukan seperti pemeriksaan urin, USG, dan sebagainya",cari informasi gejala gejala periksa fisik dokter periksa tunjang periksa urin usg,F5,3,3
440,15,Informasi terkait dapat Anda baca secara lengkap pada artikel berikut ini: Penyebab sering buang air kecil,informasi kait baca lengkap artikel buang air,F5,3,3
440,16,Sisi positif dan negatif dari masturbasi,sisi positif negatif masturbasi,F5,3,3
440,17,Semoga membantu ya,moga bantu ya,F1,4,4
440,18,Terima kasih,terima kasih,F1,4,4
440,19,Dr Yan william,dr yan william,F1,4,4
441,0,Hai,hai,F1,0,0
441,1,"Keluhan yang Anda alami yaitu kencing darah dan nyeri saat buang air kecil kemungkinan disebabkan oleh infeksi saluran kemih / ISK, yaitu peradangan pada saluran kemih akibat infeksi bakteri",keluh alami kencing darah nyeri buang air infeksi salur kemih isk radang salur kemih akibat infeksi bakteri,F4,1,1
441,2,Gejala yang dapat timbul di antaranya adalah: nyeri saat buang air kecil,gejala timbul nyeri buang air,F3,1,1
441,3,sering buang air kecil,buang air,F3,1,1
441,4,buang air kecil sedikit - sedikit,buang air,F3,1,1
441,5,"warna Urin menjadi keruh, kadang dapat bercampur dengan darah",warna urin keruh kadang campur darah,F3,1,1
441,6,Urin berbau menyengat dan sebagainya,urin bau sengat,F3,1,1
441,7,Namun demikian gejala kencing darah dapat pula disebabkan oleh beberapa kondisi medis lainnya seperti: Infeksi ginjal Batu ginjal,gejala kencing darah kondisi medis infeksi ginjal batu ginjal,F3,1,1
441,8,Radang kandung kemih,radang kandung kemih,F3,1,1
441,9,Batu kandung kemih dan sebagainya,batu kandung kemih,F3,1,1
441,10,Berbahaya atau tidaknya kondisi yang Anda alami tentunya sangat tergantung pada penyebabnya,bahaya kondisi alami gantung,F4,2,1
441,11,Untuk memastikannya sebaiknya Anda berkonsultasi dengan dokter,konsultasi dokter,F5,2,2
441,12,"Melalui pemeriksaan fisik dan tes penunjang yang diperlukan (tes urine, USG, X - Ray dan sebagainya) dokter akan menelusuri penyebabnya dan menentukan penanganan yang tepat sesuai dengan kondisi yang mendasarinya",periksa fisik tes tunjang tes urine usg x ray dokter telusur tangan sesuai kondisi dasar,F5,2,2
441,13,Berikut ini anjuran bagi Anda: Beristirahat cukup dan mengonsumsi makanan bergizi agar daya tahan tubuh terjaga,anjur istirahat konsumsi makan gizi daya tahan tubuh jaga,F5,3,3
441,14,Minum cukup air putih 2 - 3 liter sehari,minum air putih liter,F5,3,3
441,15,Jangan menahan keinginan untuk berkemih,tahan kemih,F5,3,3
441,16,Buang air kecil secara teratur,buang air atur,F5,3,3
441,17,Biasakan membasuh organ intim dengan arah yang benar (dari depan ke belakang) untuk mencegah kontaminasi bakteri dari anus ke saluran kemih,basuh organ intim arah cegah kontaminasi bakteri anus salur kemih,F5,4,4
441,18,Jika nyeri terasa mengganggu dapat mengonsumsi obat pereda nyeri seperti ibuprofen atau paracetamol,nyeri ganggu konsumsi obat reda nyeri ibuprofen paracetamol,F5,4,4
441,19,Baca laman artikel berikut ini: Penyebab kencing darah,baca laman artikel kencing darah,F5,5,5
441,20,Demikian semoga bermanfaat,moga manfaat,F1,5,5
441,21,dr Muliani Sukiman,dr muliani sukiman,F1,5,5
442,0,Hai,hai,F1,0,0
442,1,"Keluhan yang Anda alami kemungkinan merupakan suatu infeksi saluran kemih / ISK, yaitu peradangan pada saluran kemih akibat infeksi bakteri",keluh alami rupa infeksi salur kemih isk radang salur kemih akibat infeksi bakteri,F4,0,0
442,2,"Gejala yang dapat timbul adalah nyeri saat buang air kecil, buang air kecil sedikit - sedikit, sering buang air kecil, Urin berwarna keruh atau berbau menyengat, dan sebagainya",gejala timbul nyeri buang air buang air buang air urin warna keruh bau sengat,F3,0,0
442,3,Penanganan ISK adalah dengan pemberian analgetik untuk meredakan nyeri dan antibiotik yang diresepkan oleh dokter,tangan isk analgetik reda nyeri antibiotik resep dokter,F3,0,0
442,4,Namun demikian keluhan yang serupa dapat pula diakibatkan oleh berbagai kemungkinan penyebab lainnya seperti: Infeksi ginjal Batu ginjal,keluh rupa akibat infeksi ginjal batu ginjal,F3,0,0
442,5,Batu kandung kemih,batu kandung kemih,F3,0,0
442,6,"Penyakit menular seksual (gonore, trikomoniasis, klamidia) dan sebagainya",sakit tular seksual gonore trikomoniasis klamidia,F3,1,1
442,7,Sebaiknya Anda tetap berkonsultasi dengan dokter untuk menelusuri penyebabnya sehingga dapat ditangani secara tepat,konsultasi dokter telusur tangan,F5,1,1
442,8,"Dokter akan melakukan pemeriksaan klinis dan tes penunjang yang diperlukan seperti tes urine, X - Ray, USG, dan sebagainya",dokter laku periksa klinis tes tunjang tes urine x ray usg,F5,1,1
442,9,Dengan demikian pengobatan yang tepat dapat diberikan,obat,F5,1,1
442,10,"Berikut ini anjuran yang dapat Anda lakukan: Banyak minum air putih 2 - 3 liter sehari agar saluran kemih terbilas secara teratur, sehingga bakteri tidak sempat berkembang biak",anjur laku minum air putih liter salur kemih bilas atur bakteri kembang biak,F5,2,2
442,11,Jangan menahan keinginan untuk berkemih,tahan kemih,F5,2,2
442,12,Buang air kecil secara teratur,buang air atur,F5,2,2
442,13,Beristirahat cukup dan mengonsumsi makanan bergizi agar daya tahan tubuh terjaga,istirahat konsumsi makan gizi daya tahan tubuh jaga,F5,2,2
442,14,Baca laman artikel berikut ini: Penyebab nyeri saat buang air kecil Infeksi saluran kemih / ISK,baca laman artikel nyeri buang air infeksi salur kemih isk,F5,2,2
442,15,Demikian semoga bermanfaat,moga manfaat,F1,2,2
442,16,"Salam, dr Muliani Sukiman",salam dr muliani sukiman,F1,3,3
443,0,Selamat Malam,selamat malam,F1,0,0
443,1,"Beberapa hal yang dapat memicu nyeri pada perut bagian bawah antara lain : nyeri haid atau nyeri perut menjelang menstruasi, kehamilan ektopik, penyakit radang panggul, endometriosis, kista ovarium, gangguan usus, radang saluran kemih, infeksi ginjal, batu ginjal dan lain - lain",picu nyeri perut nyeri haid nyeri perut jelang menstruasi hamil ektopik sakit radang panggul endometriosis kista ovarium ganggu usus radang salur kemih infeksi ginjal batu ginjal,F3,0,0
443,2,Selengkapnya SAKIT PERUT BAWAH,lengkap sakit perut,F3,0,0
443,3,Kemungkinan di atas masing - masing memiliki karakteristik yang berbeda dan membutuhkan analisis serta keahlian seorang dokter untuk dapat menentukan suatu diagnosis yang dapat mempengaruhi kesembuhan sebab berbeda penyebab akan berbeda cara mengatasinya,milik karakteristik beda butuh analisis ahli orang dokter diagnosis pengaruh sembuh beda beda,F3,1,0
443,4,"Untuk menunjang hal ini, seorang dokter memerlukan pemeriksaan langsung dan alat bantu berupa tes medis (misalnya saja pemeriksaan lab, USG perut, dan lainnya)",tunjang orang dokter periksa langsung alat bantu rupa tes medis periksa lab usg perut,F3,1,0
443,5,Oleh karena itu periksakan kondisi sakit perut yang dialami ke dokter agar dapat dilakukan hal tersebut dan kondisi medis Anda dapat diperjelas dan diatasi,periksa kondisi sakit perut alami dokter laku kondisi medis,F5,1,0
443,6,"Salam, dr Debby Phanggestu",salam dr debby phanggestu,F1,1,0
444,0,Halo,halo,F1,0,0
444,1,Adanya darah dalam Urin Anda menandakan adanya luka atau infeksi pada saluran kencing Anda,darah urin tanda luka infeksi salur kencing,F1,0,0
444,2,Untuk itu sangat disarankan untuk tidak menahan pipis terlalu lama,saran tahan pipis,F4,0,0
444,3,Penyebab timbulnya darah dalam urin antara lain adalah : Infeksi saluran kencing,timbul darah urin infeksi salur kencing,F5,0,0
444,4,Luka / iritasi saluran ureter (muara BAK),luka iritasi salur ureter muara bak,F5,0,0
444,5,Infeksi menular seksual yang berkomplikasi,infeksi tular seksual komplikasi,F5,1,1
444,6,Tumor saluran kencing,tumor salur kencing,F5,1,1
444,7,Infeksi kandung kemih,infeksi kandung kemih,F5,1,1
444,8,Kanker kandung kemih,kanker kandung kemih,F5,1,1
444,9,Menstruasi (wanita),menstruasi wanita,F5,1,1
444,10,Infeksi ginjal (glomerulonefritis = peradangan ginjal) dan lain - lain,infeksi ginjal glomerulonefritis radang ginjal,F5,1,1
444,11,Untuk mengetahui secara jelas penyebab keluhan Anda maka pemeriksaan akan diperlukan,keluh periksa,F5,2,2
444,12,"Dokter akan memeriksa secara seksama dan melakukan tes fisik dan tes medis seperti tes urin, USG, tes darah dan lain - lain jika perlu",dokter periksa seksama laku tes fisik tes medis tes urin usg tes darah,F5,2,2
444,13,Dengan pemeriksaan seksama ke dokter maka diharapkan penyebab keluhan Anda akan diketahui dan tentunya diberikan pengobatan yang sesuai,periksa seksama dokter harap keluh obat sesuai,F5,3,3
444,14,Dengan begitu keluhan Anda akan berkurang dan menghilang,keluh hilang,F5,3,4
444,15,Untuk membantu mengurangi gejala dan menghindari terjadinya kembali maka Anda bisa melakukan : Banyak minum air putih,bantu gejala hindar laku minum air putih,F5,4,4
444,16,Hindari kebiasaan menahan pipis,hindar tahan pipis,F5,4,4
444,17,"Kurangi konsumsi minuman bersoda, alkohol, dan kopi",konsumsi minum soda alkohol kopi,F5,5,5
444,18,Semoga bermanfaat,moga manfaat,F1,5,5
444,19,dr Yusi,dr yusi,F1,6,6
445,0,"Halo, terima kasih sudah bertanya di Alodokter",halo terima kasih alodokter,F1,0,0
445,1,Keluhan yang anda alami dapat didasari oleh berbagai penyebab,keluh alami dasar,F4,1,1
445,2,Sehingga untuk memastikan apakah masalah terjadi pada ginjal atau organ lainnya tentu tidak cukup hanya berdasarkan keluhan yang anda alami,ginjal organ dasar keluh alami,F4,1,1
445,3,"Perlu dilakukan evaluasi lebih lanjut berupa wawancara medis, pemeriksaan fisik lengkap, serta pemeriksaan penunjang tertentu seperti pemeriksaan darah, pemeriksaan urine, USG, foto rontgen, CT Scan, dan sebagainya",laku evaluasi rupa wawancara medis periksa fisik lengkap periksa tunjang periksa darah periksa urine usg foto rontgen ct scan,F3,2,2
445,4,Beberapa kondisi yang bisa mendasari keluhan anda antara lain: Batu ginjal,kondisi dasar keluh batu ginjal,F3,3,3
445,5,Infeksi ginjal,infeksi ginjal,F3,3,3
445,6,Batu saluran kemih,batu salur kemih,F3,3,3
445,7,Infeksi saluran kemih,infeksi salur kemih,F3,3,3
445,8,Peradangan ginjal (glomerulonefritis),radang ginjal glomerulonefritis,F3,3,3
445,9,Pembesaran prostat,prostat,F3,3,3
445,10,"Efek samping obat Kanker ginjal, dan sebagainya",efek samping obat kanker ginjal,F3,3,3
445,11,Oleh karena itu sebaiknya jika keluhan anda terus berlangsung dan dirasa memberat segera konsultasikan pada dokter agar pemeriksaan dan penanganan lebih lanjut dapat diberikan,keluh langsung berat konsultasi dokter periksa tangan,F5,4,4
445,12,Untuk mengatasi keluhan yang terjadi beberapa anjuran bisa coba anda lakukan diantaranya: Konsumsi makanan bergizi seimbang,keluh anjur coba laku konsumsi makan gizi imbang,F5,4,4
445,13,Banyak minum air putih,minum air putih,F5,5,5
445,14,Olahraga teratur dan jaga berat badan ideal,olahraga atur jaga berat badan ideal,F5,5,5
445,15,Cukup istirahat,istirahat,F5,5,5
445,16,Hindari rokok dan alkohol,hindar rokok alkohol,F5,5,5
445,17,Jangan menahan buang air kecil,tahan buang air,F5,5,5
445,18,Perhatikan cara cebok yang benar yakni dari daerah depan ke belakang,perhati cebok daerah,F5,5,5
445,19,Batasi asupan makanan yang asin,batas asupan makan asin,F5,5,5
445,20,Artikel mengenai keluhan kencing berdarah bisa menambah informasi untuk anda,artikel kena keluh kencing darah informasi,F5,6,6
445,21,"Sekian, semoga bermanfaat",sekian moga manfaat,F1,6,6
446,0,Halo terima kasih sudah bertanya ke Alodokter,halo terima kasih alodokter,F1,0,0
446,1,"Timbulnya nyeri pinggang saat batuk dan sendawa dapat terjadi pada beberapa kondisi: - gangguan ginjal: infeksi, batu - radang - masalah tulang belakang: radang sendi, saraf kejepit, penyempitan ruas tulang belakang, cedera, pengikisan bantalan tulang belakang, kelainan lengkung tulang belakang",timbul nyeri pinggang batuk sendawa kondisi ganggu ginjal infeksi batu radang tulang radang sendi saraf jepit sempit ruas tulang cedera kikis bantal tulang lengkung tulang,F3,1,1
446,2,"Sakit pinggang biasa berlangsung beberapa hari sampai dengan minggu, terutama jika disebabkan cedera otot",sakit pinggang langsung minggu utama cedera otot,F3,2,2
446,3,"Pada beberapa kasus, dapat berlangsung sampai dengan 3 bulan",langsung,F3,2,2
446,4,Beberapa faktor yang meningkatkan resiko sakit pinggang antara lain: - usia 30 tahun - BB berlebih - kurang olahraga,faktor tingkat resiko sakit pinggang usia bb olahraga,F3,2,2
446,5,"Anda harus waspada jika sakit pinggang terus berulang selama 1 bulan dan memburuk, meski sedang istirahat",waspada sakit pinggang ulang buruk istirahat,F4,2,2
446,6,"Sebuah studi kasus yang ditulis oleh Quan mengatakan bahwa seorang pasien dengan riwayat infeksi pernapasan (demam, batuk, keringat malam) dan selalu batuk saat berbaring ke kiri menunjukkan bahwa beberapa kemungkinan diagnosis antara lain: tumor, kista (kantong berisi cairan)",buah studi tulis quan orang pasien riwayat infeksi napas demam batuk keringat malam batuk baring kiri diagnosis tumor kista kantong isi cair,F3,3,3
446,7,Batuk tidak terjadi saat berbaring ke arah kanan karena terjadi peningkatan suplai darah dan oksigen di paru kiri yang bermasalah,batuk baring arah kanan tingkat suplai darah oksigen paru kiri,F3,3,3
446,8,Meski demikian kemiripan kondisi tidak dapat disamaratakan karena setiap pasien membutuhkan pemeriksaan lebih lanjut,kondisi disamaratakan pasien butuh periksa,F3,3,3
446,9,Batuk sendiri dapat terjadi pada beberapa kondisi antara lain: - radang tenggorokan - radang saluran napas atas,batuk kondisi radang tenggorok radang salur napas,F3,3,3
446,10,- banyak debu / polutan,debu polutan,F3,3,3
446,11,Saya sarankan anda untuk: - kompres pinggang yang nyeri dengan air hangat selama 20 menit setiap 3 jam,saran kompres pinggang nyeri air hangat menit jam,F5,3,3
446,12,- Paracetamol sesuai dosis,paracetamol sesuai dosis,F5,3,3
446,13,"- anti nyeri oles, pelemas otot",anti nyeri oles lemas otot,F5,3,3
446,14,- hindari mengangkat beban berat,hindar angkat beban berat,F5,4,4
446,15,- turunkan berat badan jika berlebih,turun berat badan,F5,4,4
446,16,"- tidur dengan posisi menyamping dan lutut terlipat ke atas untuk mengurangi tekanan pada pinggang, gunakan alas tidur yang tidak terlalu empuk",tidur posisi samping lutut lipat tekan pinggang alas tidur empuk,F5,4,4
446,17,- hindari sepatu hak tinggi,hindar sepatu hak,F5,4,4
446,18,"- tidak duduk terlalu lama, sesekali berdiri dan berjalan untuk meregangkan otot",duduk jalan regang otot,F5,5,5
446,19,"- rutinkan olahraga untuk menguatkan otot pinggang misal renang, yoga",rutin olahraga kuat otot pinggang renang yoga,F5,5,5
446,20,"- berolahraga ringan misalkan jalan cepat, peregangan otot, hindari aktivitas berat selama beberapa hari sampai dengan gejala membaik",olahraga ringan jalan cepat regang otot hindar aktivitas berat gejala,F5,5,5
446,21,"- menghindari makanan pedas, berminyak, tinggi MSG, es / minuman dingin, minuman berkarbonasi / soda, makanan yang memicu pembentukkan gas (kobis, singkong) - minum air putih hangat minimal 2L per hari",hindar makan pedas minyak msg es minum dingin minum berkarbonasi soda makan picu bentuk gas kobis singkong minum air putih hangat minimal l,F5,6,6
446,22,"- berkumur dengan air putih hangat dan sedikit garam, 4 - 5x per hari - minum air hangat + perasan jeruk nipis / lemon + madu asli minimal 1 sdt, 1 - 2 gelas per hari",kumur air putih hangat garam x minum air hangat peras jeruk nipis lemon madu asli minimal sdt gelas,F5,6,6
446,23,- Vitamin penambah nafsu makan / fish oil Sakit pinggang saat batuk / BAK merupakan salah 1 kriteria yang disarankan untuk periksa lebih lanjut ke SpPD,vitamin nafsu makan fish oil sakit pinggang batuk bak rupa salah kriteria saran periksa sppd,F5,7,7
446,24,apalagi jika benar disertai demam,demam,F5,7,7
446,25,"Dapat dilakukan pemeriksaan penunjang seperti fungsi ginjal, analisa urin, rontgen / CT scan dada atau perut dan lain - lain jika ada indikasi",laku periksa tunjang fungsi ginjal analisa urin rontgen ct scan dada perut indikasi,F5,7,7
446,26,Demikian informasi yang dapat saya sampaikan,informasi,F1,7,7
446,27,Semoga membantu,moga bantu,F1,7,7
447,0,Hai,hai,F1,0,0
447,1,"Tergantung dari lokasi dari nyeri atau kram perut untuk mengetahui penyebabnya, sangat sulit untuk menentukan kira - kira apa penyebabnya tanpa informasi yang lengkap mengenai gejala keluhan kram perut Anda",gantung lokasi nyeri kram perut sulit informasi lengkap kena gejala keluh kram perut,F4,0,0
447,2,"Beberapa penyebab kram perut disertai pinggang, antara lain: Nyeri saat menstruasi (dismenore)",kram perut pinggang nyeri menstruasi dismenore,F3,0,0
447,3,Infeksi saluran kemih,infeksi salur kemih,F3,0,0
447,4,Batu ginjal,batu ginjal,F3,0,0
447,5,"Gangguan pada organ kandungan, misal kista ovarium, infeksi, dan sebagainya",ganggu organ kandung kista ovarium infeksi,F3,0,0
447,6,Gangguan pada saluran cerna,ganggu salur cerna,F3,0,0
447,7,Gangguan pada otot perut,ganggu otot perut,F3,0,0
447,8,Stres psikologis Dan lainnya,stres psikologis,F3,0,0
447,9,Untuk mengetahui penyebabnya diperlukan pemeriksaan oleh dokter dengan wawancara lebih detil mengenai keluhan dan pemeriksaan fisik,periksa dokter wawancara detil kena keluh periksa fisik,F5,1,1
447,10,Semoga membantu ya,moga bantu ya,F1,1,1
447,11,Terima kasih,terima kasih,F1,1,1
447,12,Dr Yan william,dr yan william,F1,2,2
448,0,Hai,hai,F1,0,0
448,1,Pada dasarnya keluhan nyeri pada pinggang / pinggul dapat diakibatkan oleh berbagai kemungkinan penyebab berikut ini: Cedera otot / tulang,dasar keluh nyeri pinggang pinggul akibat cedera otot tulang,F3,0,0
448,2,"Gangguan pada saluran kemih (infeksi saluran kemih / ISK , infeksi ginjal, batu ginjal)",ganggu salur kemih infeksi salur kemih isk infeksi ginjal batu ginjal,F3,0,0
448,3,"Kelainan pada sistem pencernaan (sindrom iritasi usus, gangguan usus besar)",sistem cerna sindrom iritasi usus ganggu usus,F3,0,0
448,4,"Gangguan pada sistem reproduksi ( radang panggul, kista ovarium, endometriosis)",ganggu sistem reproduksi radang panggul kista ovarium endometriosis,F3,0,0
448,5,Skiatika (penekanan dan iritasi pada saraf skiatik),skiatika tekan iritasi saraf skiatik,F3,0,0
448,6,Penyempitan jalur tulang belakang dan sebagainya,sempit jalur tulang,F3,0,0
448,7,Untuk memastikan penyebabnya tentunya diperlukan pemeriksaan lebih lanjut,periksa,F5,1,1
448,8,"Jika keluhan terus berlangsung sebaiknya Anda berkonsultasi dengan dokter agar dapat ditelusuri penyebabnya melalui pemeriksaan fisik dan tes penunjang yang diperlukan (tes urine, tes darah, USG, X - Ray dan sebagainya)",keluh langsung konsultasi dokter telusur periksa fisik tes tunjang tes urine tes darah usg x ray,F5,1,1
448,9,Dengan demikian penyebabnya dapat diidentifikasi dan ditangani secara tepat,identifikasi tangan,F5,1,1
448,10,Berikut ini anjuran bagi Anda: Beristirahat cukup dan mengonsumsi makanan bergizi untuk menjaga daya tahan tubuh,anjur istirahat konsumsi makan gizi jaga daya tahan tubuh,F5,2,2
448,11,"Batasi aktivitas fisik dan gerakan tubuh yang dapat membebani pinggang (membungkuk, mengangkat beban berat)",batas aktivitas fisik gerak tubuh beban pinggang bungkuk angkat beban berat,F5,2,2
448,12,Minum cukup air putih 2 - 3 liter sehari,minum air putih liter,F5,3,3
448,13,Jangan menahan keinginan untuk berkemih,tahan kemih,F5,3,3
448,14,Buang air kecil secara teratur,buang air atur,F5,3,3
448,15,Hindari mengurut / memijat bagian pinggang / pinggul yang sakit,hindar urut pijat pinggang pinggul sakit,F5,4,4
448,16,"Baca laman artikel berikut ini: Penyebab sakit pinggang, Sakit pinggang sebelah kiri",baca laman artikel sakit pinggang sakit pinggang belah kiri,F5,4,4
448,17,Demikian semoga bermanfaat,moga manfaat,F1,4,4
448,18,dr Muliani Sukiman,dr muliani sukiman,F1,4,4
449,0,Hai,hai,F1,0,0
449,1,Sakit pinggang dapat disebabkan oleh berbagai kondisi medis berikut ini: Cedera otot / tulang,sakit pinggang kondisi medis cedera otot tulang,F3,0,0
449,2,Skiatika (penekanan dan iritasi pada saraf skiatik),skiatika tekan iritasi saraf skiatik,F3,0,0
449,3,Penyempitan tulang belakang,sempit tulang,F3,0,0
449,4,"Gangguan ginjal (infeksi ginjal, batu ginjal)",ganggu ginjal infeksi ginjal batu ginjal,F3,0,0
449,5,"Gangguan pada sistem pencernaan (sindrom iritasi usus, konstipasi, gangguan usus besar) dan sebagainya",ganggu sistem cerna sindrom iritasi usus konstipasi ganggu usus,F3,0,0
449,6,Jika keluhan belum kunjung membaik Anda sebaiknya kembali berkonsultasi dengan dokter,keluh kunjung konsultasi dokter,F5,1,1
449,7,"Dokter akan melakukan pemeriksaan fisik untuk menilai perkembangan kondisi setelah pengobatan yang sebelumnya, dan akan menganjurkan tes penunjang untuk menelusuri lebih jauh seperti tes urine, X - Ray, USG, CT Scan, dan sebagainya",dokter laku periksa fisik nilai kembang kondisi obat anjur tes tunjang telusur tes urine x ray usg ct scan,F5,1,1
449,8,Dengan demikian keluhan yang Anda alami dapat diidentifikasi penyebabnya dan ditangani secara tepat,keluh alami identifikasi tangan,F5,2,2
449,9,Berikut ini anjuran yang dapat dilakukan: Beristirahat cukup dan tidur yang cukup,anjur laku istirahat tidur,F5,2,2
449,10,"Batasi aktivitas fisik atau gerakan tubuh yang dapat membebani pinggang, seperti membungkuk, mengangkat beban berat dan sebagainya",batas aktivitas fisik gerak tubuh beban pinggang bungkuk angkat beban berat,F5,2,2
449,11,Banyak minum air putih 2 - 3 liter sehari,minum air putih liter,F5,3,3
449,12,Jangan menahan keinginan untuk berkemih,tahan kemih,F5,3,3
449,13,Buang air kecil secara teratur,buang air atur,F5,3,3
449,14,Hindari mengurut / memijat bagian pinggang yang sakit,hindar urut pijat pinggang sakit,F5,4,4
449,15,"Baca laman artikel berikut ini: Sakit pinggang, Penyebab nyeri pinggang sebelah kiri",baca laman artikel sakit pinggang nyeri pinggang belah kiri,F5,4,4
449,16,Demikian semoga bermanfaat,moga manfaat,F1,4,4
449,17,dr Muliani Sukiman,dr muliani sukiman,F1,4,4
450,0,"Halo Yulianto, Terima kasih atas pertanyaannya",halo yulianto terima kasih,F1,0,0
450,1,Pusing yang disertai dengan sakit di daerah perut dapat disebabkan oleh banyak hal,pusing sakit daerah perut,F3,1,1
450,2,"Hal tersebut tergantung dari karakteristik keluhan, sepeti sejak kapan keluhan muncul, keluhan apa yang pertama kali muncul, kapan saja keluhan muncul, apakah disertai dengan gejala lain seperti mual / muntah, diare / konstipasi, gangguan buang air kecil, demam, riwayat penyakit sebelumnya (apa yang Anda maksud dengan lambung bengkak, dan gangguan liver apa yang Anda pernah alami, dan bagaimana perjalanan penyakit tersebut), riwayat gaya hidup, riwayat pengobatan, dan lain - lain",gantung karakteristik keluh sepet keluh muncul keluh kali muncul keluh muncul gejala mual muntah diare konstipasi ganggu buang air demam riwayat sakit maksud lambung bengkak ganggu liver alami jalan sakit riwayat gaya hidup riwayat obat,F3,1,1
450,3,"Adapun nyeri pada perut dapat disebabkan oleh banyak hal, tergantung dari lokasi nyeri tersebut: Perut kanan atas: hepatitis, batu empedu, radang kandung empedu , infeksi ginjal, batu ginjal",nyeri perut gantung lokasi nyeri perut kanan hepatitis batu empedu radang kandung empedu infeksi ginjal batu ginjal,F3,2,2
450,4,"Perut kanan bawah: usus buntu, infeksi saluran kemih, batu saluran kemih, radang usus, sumbatan (obstruksi) usus",perut kanan usus buntu infeksi salur kemih batu salur kemih radang usus sumbat obstruksi usus,F3,2,2
450,5,"Perut kiri atas: pembesaran limpa, infeksi ginjal, batu ginjal, sembelit",perut kiri limpa infeksi ginjal batu ginjal sembelit,F3,2,2
450,6,"Perut kiri bawah: infeksi saluran kemih, batu saluran kemih, radang usus",perut kiri infeksi salur kemih batu salur kemih radang usus,F3,2,2
450,7,"Perut bagian tengah: GERD (asam lambung), tukak lambung, sindrom dispepsia",perut gerd asam lambung tukak lambung sindrom dispepsia,F3,2,2
450,8,"Pusing yang Anda rasakan dapat disebabkan oleh migrain, vertigo, tekanan darah rendah, yang bisa terkait atau tidak terkait dengan kondisi sakit perut yang Anda alami",pusing migrain vertigo tekan darah rendah kait kait kondisi sakit perut alami,F4,2,2
450,9,"Berikut kiat yang dapat Anda lakukan: Menghindari perubahan posisi secara mendadak, baik dari tidur ke duduk, atau duduk ke berdiri",kiat laku hindar ubah posisi dadak tidur duduk duduk,F5,3,3
450,10,"Meminum obat - obatan yang bisa dibeli secara bebas di apotek seperti pereda nyeri seperti parasetamol, dan antasida apabila nyeri perut terasa perih",minum obat obat beli bebas apotek reda nyeri parasetamol antasida nyeri perut perih,F5,4,4
450,11,"Menghindari makanan yang asam, pedas, bergas, dan berminyak",hindar makan asam pedas bergas minyak,F5,4,4
450,12,Menghindari merokok,hindar rokok,F5,4,4
450,13,Mencukupi kebutuhan nutrisi sehat dan bergizi dan mencukupi air putih 2 - 3 liter per hari,butuh nutrisi sehat gizi air putih liter,F5,4,4
450,14,Rutin berolahraga,rutin olahraga,F5,4,4
450,15,Menghindari stres,hindar stres,F5,4,4
450,16,Anda tidak perlu panik,panik,F5,4,4
450,17,"Hubungi fasilitas kesehatan terdekat apabila nyeri perut sangat mengganggu dan menyebabkan tidak bisa beraktivitas sehari - hari, perut seperti papan dan nyeri ketika ditekan, serta terdapat demam",hubung fasilitas sehat nyeri perut ganggu aktivitas perut papan nyeri tekan demam,F5,4,4
450,18,Semoga informasi ini dapat membantu dan semoga lekas sembuh,moga informasi bantu moga lekas sembuh,F1,4,4
450,19,Salam,salam,F1,4,4
451,0,Hai,hai,F1,0,0
451,1,Nyeri tersebut bisa saja akibat cedera saat olahraga belebihan atau mengangkat beban berat,nyeri akibat cedera olahraga belebihan angkat beban berat,F4,0,0
451,2,Penyebab lain dari sakit pinggang kanan diantaranya: batu ginjal infeksi saluran kemih hernia sakit punggung bawah penyempitan tulang belakang,sakit pinggang kanan batu ginjal infeksi salur kemih hernia sakit punggung sempit tulang,F3,0,0
451,3,"Cobalah tidak mengangkat beban - beban yang berat, dan tidak melakukan aktifitas yang melibatkan otot pinggang secara berlebihan",coba angkat beban beban berat laku aktifitas libat otot pinggang,F3,0,0
451,4,"Miliki postur yang benar, misalnya saat duduk atau menarik benda",milik postur duduk tarik benda,F3,0,0
451,5,Perbanyak minum air mineral dan tidak menahan rasa saat ingin buang air kecil,minum air mineral tahan buang air,F3,0,0
451,6,"Jika keluhan masih berlanjut, disarankan agar Anda periksa ke dokter",keluh saran periksa dokter,F5,1,1
451,7,"Sehingga dapat dilakukan pemeriksaan fisik maupun tes penunjang seperti tes urin, sinar X, atau USG",laku periksa fisik tes tunjang tes urin sinar x usg,F5,1,1
451,8,Penanganan yang tepat akan diberikan sesuai penyebab dasarnya,tangan sesuai dasar,F5,1,1
451,9,Halaman berikut membahas : Penyebab sakit pinggang sebelah kanan,halaman bahas sakit pinggang belah kanan,F5,1,1
451,10,"Semoga bermanfaat, dr Jessica",moga manfaat dr jessica,F1,1,1
452,0,"Salam Alodokter, Terima kasih sudah bertanya di Alodokter",salam alodokter terima kasih alodokter,F1,0,0
452,1,"Adanya keluhan nyeri perut kanan bawah dan saat ini siklus haid andansudah berlalu, namun keluhan ini disertai juga dengan kekuhan nyeri perut saat miksi atau buang air kecil, maka kondisi ini kemungkinan dapat disebabkan oleh infeksi saluran kencing",keluh nyeri perut kanan siklus haid andansudah keluh kekuhan nyeri perut miksi buang air kondisi infeksi salur kencing,F4,1,1
452,2,"Pada pasien dengan infeksi saluran kencing atau isk, maka pasien sering merasakan keluhan penyerta,nseperti rasa anyang - anyangen atau sering kencing, nyeri perut, nyeri pinggang, serta sakit atau perih saat kencing",pasien infeksi salur kencing isk pasien keluh penyertanseperti anyang anyangen kencing nyeri perut nyeri pinggang sakit perih kencing,F3,1,1
452,3,"Hal ini dapat menggangu kenyamanan perut dan pinggang Anda, terutama bila keluhan ini disertai demam ringan",menggangu nyaman perut pinggang utama keluh demam ringan,F4,1,1
452,4,"Adanya kebiasaan menahan kencing, kurang mencukupi kebutuhan air putih, keputihan, infeksi pada vagina, atau adanya riwayat hubungan seksual berisiko dapat memicu suatu infeksi saluran kencing",tahan kencing butuh air putih putih infeksi vagina riwayat hubung seksual risiko picu infeksi salur kencing,F3,2,2
452,5,"Sehingga mencegah pemicu keluhan ini, maka anda dapat membantu proses oerawatan dan pencegahan keluhan ini berulang",cegah picu keluh bantu proses oerawatan cegah keluh ulang,F3,2,2
452,6,"Selain karena suatu infeksi saluran kencing, beberapa kondisi lain juga dapat memicu keluhan yang hampir sama, seperti: 1 Batu ginjal",infeksi salur kencing kondisi picu keluh batu ginjal,F3,2,2
452,7,2 Infeksi pencernaan,infeksi cerna,F3,2,2
452,8,3 Gangguan lambung,ganggu lambung,F3,2,2
452,9,4 Usus buntu,usus buntu,F3,2,2
452,10,5 Radang panggul,radang panggul,F3,2,2
452,11,6 Gangguan pada organ reproduksi,ganggu organ reproduksi,F3,2,2
452,12,"Karena penyebab keluhan ini beragam, maka perlu dipastikan secara langsung oleh dokter anda penyebab utama keluhan ini",keluh agam langsung dokter utama keluh,F3,3,3
452,13,"Dan bila keluhan nyeri ini sangat mengganggu, maka segera kunjungi UGD di rumah sakit terdekat, semakin lama menunggu untuk pemeriksaan, maka semakin lama proses perawatan dannpemulihannya",keluh nyeri ganggu kunjung ugd rumah sakit tunggu periksa proses rawat dannpemulihannya,F5,3,3
452,14,"Bila keluhan ini tidak semakin berat atau nyeri sekali, maka anda juga dapat berkonsultasi langsung ke dokter keluarga anda atau dokter bedah anda untuk evaluasi beberapa risiko yang mungkin",keluh berat nyeri konsultasi langsung dokter keluarga dokter bedah evaluasi risiko,F5,3,3
452,15,"Dokter akan melakukan wawancara berkaitan dengan keluhan ini, selanjutnya dokter akan melakukan pemeriksaan fisik dan pemeriksaan penunjang yang diperlukan, seperti pemeriksaan darah, urin atau usg",dokter laku wawancara kait keluh dokter laku periksa fisik periksa tunjang periksa darah urin usg,F5,3,3
452,16,Hasil pemeriksaan akan membantu dokter dalam menentukan penyebabnya,hasil periksa bantu dokter,F5,3,3
452,17,Selanjutnya perawatan dan penanganan akan diberikan dokter sesuai indikasinya,rawat tangan dokter sesuai indikasi,F5,3,3
452,18,"Untuk saat ini, beberapa usaha dapat anda lakukan dalam masa perawatan ini, seperti:1 Hindari kelelahan fisik",usaha laku rawat hindar lelah fisik,F5,3,3
452,19,2 Hindari tidur larut malam,hindar tidur larut malam,F5,4,4
452,20,3 Hindari stres,hindar stres,F5,4,4
452,21,4 Perbanyak air putih,air putih,F5,5,5
452,22,"5 Hindari makanan pedas, bersantan, dan makanan intan dalam kemasan",hindar makan pedas santan makan intan kemas,F5,5,5
452,23,6 Berikan kompres hangat pada daerah perut yang sakit,ikan kompres hangat daerah perut sakit,F5,5,5
452,24,Demikian info yang bisa kami sampaikan,info,F1,6,6
452,25,Terima kasih,terima kasih,F1,6,6
453,0,"Halo Citra, Terima kasih atas pertanyaannya",halo citra terima kasih,F1,0,0
453,1,"Nyeri ketika buang air kecil, dengan kencing berdarah dan sakit pada pinggang dapat disebabkan oleh beberapa hal, dan sebagian besar memang mengarah ke sistem perkemihan, yang terdiri dari ginjal, saluran kemih atau ureter, kandung kemih, dan lubang kemih atau uretra",nyeri buang air kencing darah sakit pinggang arah sistem kemih ginjal salur kemih ureter kandung kemih lubang kemih uretra,F3,1,1
453,2,"Gangguan ini biasanya terkait dengan faktor genetik, kebiasaan makan atau minum",ganggu kait faktor genetik makan minum,F3,1,2
453,3,"Berikut merupakan kemungkinan penyebab dari keluhan tersebut: Batu saluran kemih, bisa dari batu ginjal, batu kandung kemih, dan batu ureter",rupa keluh batu salur kemih batu ginjal batu kandung kemih batu ureter,F3,2,3
453,4,"Infeksi saluran kemih, bisa infeksi pada ginjal maupun kandung kemih",infeksi salur kemih infeksi ginjal kandung kemih,F3,3,4
453,5,Trauma pada saluran kemih,trauma salur kemih,F3,3,4
453,6,Pengaruh konsumsi obat - obatan,pengaruh konsumsi obat obat,F3,4,5
453,7,"Oleh karena itu sebaiknya Anda langsung memeriksakan diri ke dokter spesialis urologi agar dokter dapat mengevaluasi keluhan Anda, melakukan pemeriksaan fisik, dan pemeriksaan penunjang seperti rontgen pinggang dan USG untuk melihat ada / tidaknya kelainan pada bagian ginjal dan struktur saluran kemih lainnya",langsung periksa dokter spesialis urologi dokter evaluasi keluh laku periksa fisik periksa tunjang rontgen pinggang usg lihat ginjal struktur salur kemih,F5,5,6
453,8,Hal yang dapat Anda lakukan di rumah sebelum memeriksakan diri yaitu meminum obat pereda nyeri seperti parasetamol dan meminum air putih yang banyak minimal 2L,laku rumah periksa minum obat reda nyeri parasetamol minum air putih minimal l,F5,6,7
453,9,"Jangan takut untuk memeriksakan diri, karena apabila Anda memiliki kondisi medis tertentu, lebih cepat untuk dideteksi lebih baik, sehingga mengurangi kemungkinan terjadinya komplikasi",takut periksa milik kondisi medis cepat deteksi komplikasi,F5,7,7
453,10,Semoga informasi ini membantu dan semoga lekas sembuh,moga informasi bantu moga lekas sembuh,F1,7,7
453,11,Salam,salam,F1,7,7
454,0,Halo,halo,F1,0,0
454,1,"Rasa nyeri saat buang air kecil, kemungkinan disebabkan oleh: Infeksi saluran kemih (ISK)",nyeri buang air infeksi salur kemih isk,F3,0,0
454,2,Batu saluran kemih (BSK),batu salur kemih bsk,F3,0,0
454,3,Iritasi atau lecet pada muara saluran kemih,iritasi lecet muara salur kemih,F3,0,0
454,4,"Wanita rentan terkena ISK, karena saluran kemihnya relatif lebih pendek, dan berdekatannya antara anus dan muara saluran kemih",wanita rentan kena isk salur kemih relatif pendek anus muara salur kemih,F3,0,0
454,5,"Sering terjadi, bakteri yang pada orang normal hidup disekitar anus berpindah ke saluran kemih",bakteri orang normal hidup anus pindah salur kemih,F3,1,1
454,6,Hal inilah yang nantinya menimbulkan rasa nyeri dan tanda - tanda infeksi seperti disebutkan diatas,timbul nyeri tanda tanda infeksi,F3,1,1
454,7,"Walaupun kemungkinan besar disebabkan oleh ISK, namun masih diperlukan pemeriksaan fisik untuk mengkonfirmasikan diagnosis serta pemeriksan penunjang yang sesuai, seperti misalnya pemeriksaan laboratorium darah dan urin rutin",isk periksa fisik mengkonfirmasikan diagnosis pemeriksan tunjang sesuai periksa laboratorium darah urin rutin,F4,2,2
454,8,"Setelah mengetahui penyebab pasti dari keluhan, barulah dokter dapat menentukan pengobatan yang sesuai",keluh dokter obat sesuai,F4,2,2
454,9,"Jika memang benar disebabkan oleh ISK, maka dokter biasanya akan memberikan antibiotik untuk mengeradikasi bakteri",isk dokter antibiotik eradikasi bakteri,F4,2,2
454,10,"Pemberian antibiotik ini tidak dapat dilakukan tanpa resep dokter, karena harus disesuaikan dengan kondisi pasien",antibiotik laku resep dokter sesuai kondisi pasien,F4,2,2
454,11,Jangan sembarangan mengkonsumsi antibiotik,sembarang mengkonsumsi antibiotik,F4,2,2
454,12,Hal yang dapat dilakukan untuk mengurangi keluhan Anda: Minum air putih dalam jumlah cukup,laku keluh minum air putih,F5,3,3
454,13,Cukup beristirahat,istirahat,F5,3,3
454,14,Mengkonsumsi obat pereda nyeri seperti paracetamol,mengkonsumsi obat reda nyeri paracetamol,F5,3,3
454,15,Berikut ini diskusi dengan topik serupa: Sakit pada tetesan terakhir air kencing,diskusi topik rupa sakit tetes air kencing,F5,3,3
454,16,"Semoga membantu dan semoga lekas sembuh, dr Agatha",moga bantu moga lekas sembuh dr agatha,F1,4,4
455,0,Hai,hai,F1,0,0
455,1,"Keluhan yang Anda rasakan kemungkinan disebabkan oleh infeksi saluran kemih / ISK, yaitu peradangan pada saluran kemih akibat infeksi bakteri",keluh infeksi salur kemih isk radang salur kemih akibat infeksi bakteri,F4,0,0
455,2,"Gejalanya adalah: nyeri saat buang air kecil, sering buang air kecil, sakit pinggang atau perut bagian bawah, warna Urin berubah menjadi keruh, Urin berbau menyengat",gejala nyeri buang air buang air sakit pinggang perut warna urin ubah keruh urin bau sengat,F3,0,0
455,3,"Penderita ISK memang disarankan untuk banyak minum air, tujuannya adalah agar saluran kemih terbilas secara teratur sehingga bakteri tidak sempat berkembang biak",derita isk saran minum air tuju salur kemih bilas atur bakteri kembang biak,F3,0,0
455,4,Penanganan ISK meliputi pemberian obat - obatan pereda nyeri dan antibiotik yang dikonsumsi menurut petunjuk dokter,tangan isk liput obat obat reda nyeri antibiotik konsumsi dokter,F3,0,1
455,5,Namun demikian sakit pinggang dapat pula disebabkan oleh penyebab yang lain seperti infeksi ginjal ataupun batu ginjal,sakit pinggang infeksi ginjal batu ginjal,F3,0,1
455,6,Untuk memastikan penyebabnya Anda dapat kembali berkonsultasi dengan dokter yang merawat,konsultasi dokter rawat,F5,1,1
455,7,"Dokter akan melakukan pemeriksaan fisik untuk menilai perkembangan kondisi setelah pengobatan sebelumnya, dan jika dibutuhkan dokter akan menganjurkan tes medis untuk menelusuri lebih jauh, seperti tes darah, USG, X - Ray dan sebagainya",dokter laku periksa fisik nilai kembang kondisi obat butuh dokter anjur tes medis telusur tes darah usg x ray,F5,1,1
455,8,Pengobatan yang tepat akan dapat diberikan sesuai kondisi,obat sesuai kondisi,F5,1,1
455,9,Berikut anjuran bagi Anda: Cukup beristirahat dan cukup tidur,anjur istirahat tidur,F5,2,2
455,10,Batasi kegiatan fisik dan jangan terlalu lelah,batas giat fisik lelah,F5,2,2
455,11,Konsumsi makanan bergizi agar daya tahan tubuh terjaga,konsumsi makan gizi daya tahan tubuh jaga,F5,2,2
455,12,Minum air putih minimal 10 gelas sehari,minum air putih minimal gelas,F5,3,3
455,13,Jangan menahan keinginan untuk buang air kecil,tahan buang air,F5,3,3
455,14,Rutin buang air kecil secara teratur agar saluran kemih bersih terbilas,rutin buang air atur salur kemih bersih bilas,F5,3,3
455,15,Baca laman artikel berikut ini: Infeksi saluran kemih / ISK,baca laman artikel infeksi salur kemih isk,F5,4,4
455,16,Demikian semoga bermanfaat,moga manfaat,F1,4,4
455,17,"Salam, dr Muliani Sukiman",salam dr muliani sukiman,F1,4,4
456,0,Hai,hai,F1,0,0
456,1,"Kondisi stres, gangguan pola makan, atau olahraga yang berlebihan juga dapat mempengaruhi siklus menstruasi yang terjadi",kondisi stres ganggu pola makan olahraga pengaruh siklus menstruasi,F3,0,0
456,2,"Normalnya, menstruasi memiliki siklus 21 hingga 35 hari",normal menstruasi milik siklus,F3,0,0
456,3,Menstruasi dapat berlangsung 2 hingga 7 hari,menstruasi langsung,F3,0,0
456,4,Sakit pinggang dan perut kiri tersebut diantaranya dapat disebabkan oleh: infeksi saluran kemih batu ginjal,sakit pinggang perut kiri infeksi salur kemih batu ginjal,F3,1,1
456,5,penyakit radang panggul kista ovarium,sakit radang panggul kista ovarium,F3,1,1
456,6,Endometriosis,endometriosis,F3,1,1
456,7,gangguan pada serviks (leher rahim),ganggu serviks leher rahim,F3,1,1
456,8,infeksi pada tuba falopi atau ovarium,infeksi tuba falopi ovarium,F3,1,1
456,9,radang usus besar,radang usus,F3,1,1
456,10,"sindrom iritasi usus, yang sering menimbulkan nyeri perut, kembung, diare, atau konstipasi",sindrom iritasi usus timbul nyeri perut kembung diare konstipasi,F3,1,1
456,11,Kompres hangat dan obat pereda nyeri seperti parasetamol dapat diberikan sementara untuk mengurangi rasa sakit yang timbul,kompres hangat obat reda nyeri parasetamol sakit timbul,F3,1,1
456,12,"Perbanyak minum air mineral, minum secara perlahan - lahan, dan tidak menahan rasa saat ingin buang air kecil",minum air mineral minum perlahan lahan tahan buang air,F3,2,2
456,13,"Kurangi makanan berlemak dan pedas, serta batasi konsumsi kafein, alkohol / minuman bersoda",makan lemak pedas batas konsumsi kafein alkohol minum soda,F3,2,2
456,14,"Jika keluhan masih berlanjut, disarankan agar Anda periksa ke dokter",keluh saran periksa dokter,F5,3,3
456,15,"Pemeriksaan fisik dan tes penunjang seperti tes darah, tes urin, sinar X, atau USG, dapat membantu untuk mengetahui penyebab medis yang terjadi",periksa fisik tes tunjang tes darah tes urin sinar x usg bantu medis,F5,3,3
456,16,Penanganan akan diberikan sesuai dengan penyebab dasarnya,tangan sesuai dasar,F5,4,4
456,17,Anda dapat membaca halaman Sakit pinggang dan Penyebab sakit perut sebelah kiri,baca halaman sakit pinggang sakit perut belah kiri,F5,4,4
456,18,"Semoga bermanfaat, Dr Jessica Winoto",moga manfaat dr jessica winoto,F1,4,4
457,0,Halo,halo,F1,0,0
457,1,"Nyeri ketika berkemih kemungkinan besar menunjukkan adanya gangguan pada sistem saluran kemih, baik karena proses infeksi maupun akibat adanya sumbatan, misalnya akibat batu saluran kemih (BSK)",nyeri kemih ganggu sistem salur kemih proses infeksi akibat sumbat akibat batu salur kemih bsk,F3,0,0
457,2,"Namun tidak menutup kemungkinan nyeri disebabkan karena iritasi sekitar muara saluran kemih, maupun adanya penyakit menular seksual",tutup nyeri iritasi muara salur kemih sakit tular seksual,F3,0,0
457,3,"Infeksi saluran kemih (ISK) sering dialami oleh wanita, karena faktor anatomis, yaitu saluran uretra yang relatif lebih pendek dibandingkan pada pria",infeksi salur kemih isk alami wanita faktor anatomis salur uretra relatif pendek banding pria,F3,0,0
457,4,"Selain itu, ISK juga dapat disebabkan oleh hygiene (kebersihan diri) yang buruk",isk hygiene bersih buruk,F3,0,0
457,5,Tanda dan gejala pada ISK antara lain adalah sebagai berikut: Nyeri saat berkemih,tanda gejala isk nyeri kemih,F3,0,0
457,6,Merasa anyang - anyangan (serasa ingin sering berkemih),anyang anyang serasa kemih,F3,0,0
457,7,Nyeri pada perut bagian bawah,nyeri perut,F3,0,0
457,8,Urin yang berdarah,urin darah,F3,0,0
457,9,Demam dan lemas,demam lemas,F3,0,0
457,10,Faktor kurangnya minum air putih dapat menjadi salah satu faktor penyebab ISK dan BSK,faktor minum air putih salah faktor isk bsk,F3,1,1
457,11,Sedikitnya air dalam saluran kemih menyebabkan koloni kuman mengendap dan berkembang biak sehingga menimbulkan infeksi,air salur kemih koloni kuman endap kembang biak timbul infeksi,F3,1,1
457,12,"Kurangnya air dalam saluran kemih juga dapat menyebabkan mineral yang dapat menjadi bahan pembentuk batu mengendap, kemudian membentuk BSK yang dapat menyumbat saluran kemih",air salur kemih mineral bahan bentuk batu endap bentuk bsk sumbat salur kemih,F3,1,1
457,13,"Jika muncul gejala seperti ini, sebaiknya Anda memeriksakan diri ke dokter",muncul gejala periksa dokter,F5,2,2
457,14,"Dokter akan melakukan pemeriksaan fisik, dan pemeriksaan penunjang jika perlu, seperti pemeriksaan laboratorium darah rutin, atau pemeriksaan urin rutin",dokter laku periksa fisik periksa tunjang periksa laboratorium darah rutin periksa urin rutin,F5,2,2
457,15,Selanjutnya dokter akan menentukan penanganan yang tepat sesuai dengan diagnosis,dokter tangan sesuai diagnosis,F5,2,2
457,16,"Apabila memang mengalami ISK, umumnya dokter akan memberikan pengobatan antibiotik untuk mengatasi kuman",alam isk dokter obat antibiotik kuman,F5,3,3
457,17,Obat - obatan lain untuk meringankan demam maupun nyeri juga dapat ditambahkan,obat obat ringan demam nyeri,F5,3,3
457,18,"Jika nyeri dirasakan sangat mengganggu, Anda dapat memperoleh sendiri paracetamol yang dijual bebas",nyeri ganggu paracetamol jual bebas,F5,4,4
457,19,"Untuk mencegah ISK, ada baiknya Anda minum air putih yang cukup, sekitar 2 liter per hari, serta selalu menjaga kebersihan sekitar muara saluran kemih dan alat kelamin",cegah isk minum air putih liter jaga bersih muara salur kemih alat kelamin,F5,4,4
457,20,Berikut ini adalah artikel dengan topik yang serupa: Sakit dan ngilu saat BAK,artikel topik rupa sakit ngilu bak,F5,5,5
457,21,"Semoga lekas sembuh, dr Agatha",moga lekas sembuh dr agatha,F1,6,6
458,0,"Halo Lusi Yana, terima kasih atas pertanyaannya untuk Alodokter",halo lus yana terima kasih alodokter,F1,0,0
458,1,Batu ginjal atau yang disebut juga dengan nefrolitiasis adalah deposisi mineral dan garam yang mengeras di dalam ginjal,batu ginjal nefrolitiasis deposisi mineral garam keras ginjal,F3,1,1
458,2,Pilihan terapi untuk batu ginjal sangat tergantung kepada ukuran dari batu ginjal tersebut,pilih terapi batu ginjal gantung ukur batu ginjal,F3,1,1
458,3,Berikut ini adalah beberapa pilihan terapi untuk batu ginjal: Menunggu pengeluaran batu sendiri,pilih terapi batu ginjal tunggu batu,F3,1,1
458,4,"Bila batu ginjal berukuran kurang dari 5mm dan tidak menimbulkan gejala yang signifikan, batu biasanya dapat keluar sendiri tanpa memerlukan pengobatan khusus",batu ginjal ukur mm timbul gejala signifikan batu obat khusus,F3,1,1
458,5,Pasien biasanya akan direkomendasikan untuk minum 2 - 3 liter air per hari dan diberi obat antinyeri untuk mengurangi rasa sakit saat batu keluar,pasien rekomendasi minum liter air obat antinyeri sakit batu,F3,2,2
458,6,Pengeluaran batu dengan bantuan obat - obatan,batu bantu obat obat,F3,2,2
458,7,Bila batu ginjal berukuran kurang dari 10mm dokter akan memberikan obat - obatan untuk membantu pengeluaran batu disamping rekomendasi untuk minum banyak dan obat antinyeri,batu ginjal ukur mm dokter obat obat bantu batu samping rekomendasi minum obat antinyeri,F3,2,2
458,8,"Beberapa obat yang dapat digunakan adalah obat antispasmodik, obat dari golongan calcium channel blockers (CCB), dan alpha blockers",obat obat antispasmodik obat golong calcium channel blockers ccb alpha blockers,F3,2,2
458,9,Shock wave lithotripsy (SWL),shock wave lithotripsy swl,F3,3,3
458,10,SWL adalah penggunaan suatu gelombang getaran berenergi tinggi untuk menghancurkan batu di ginjal hingga batu menjadi kecil - kecil dan dapat keluar sendiri melalui kencing,swl gelombang getar energi hancur batu ginjal batu kencing,F3,4,4
458,11,Terapi ini menjadi pilihan utama bagi batu yang tidak teralu besar dan tidak kompleks,terapi pilih utama batu alu kompleks,F3,4,4
458,12,Rigid and flexible ureteroscopy (URS),rigid and flexible ureteroscopy urs,F3,4,5
458,13,URS adalah memasukan semacam selang baik yang kaku (rigid) ataupun yang fleksibel dari uretra (saluran keluar kencing) hingga ke dalam ginjal untuk mengeluarkan batu,urs pasu selang kaku rigid fleksibel uretra salur kencing ginjal batu,F3,4,6
458,14,"URS direkomendasikan untuk batu yang berukuran tidak terlalu besar, namun gagal dikeluarkan dengan terapi SWL",urs rekomendasi batu ukur gagal terapi swl,F3,5,6
458,15,Percutaneous nephrolithotomy (PNL),percutaneous nephrolithotomy pnl,F3,5,6
458,16,PNL adalah salah satu jenis operasi yang digunakan untuk pengeluaran batu ginjal,pnl salah jenis operasi batu ginjal,F3,5,6
458,17,Operasi ini jauh lebih kecil dibandingkan operasi ginjal terbuka,operasi banding operasi ginjal buka,F3,5,6
458,18,"PNL akan disarankan untuk batu yang berukuran lebih dari 2cm, batu yang tidak bisa dipecahkan dengan terapi SWL, dan batu yang terdapat pada ginjal yang mengalami kelainan anatomis",pnl saran batu ukur cm batu pecah terapi swl batu ginjal alam anatomis,F3,5,6
458,19,Operasi ginjal terbuka,operasi ginjal buka,F3,5,6
458,20,Operasi ginjal terbuka adalah pilihan terakhir untuk mengeluarkan batu ginjal,operasi ginjal buka pilih batu ginjal,F3,5,6
458,21,"Operasi ginjal terbuka terutama direkomendasikan untuk batu ginjal yang tidak bisa dikeluarkan dengan PNL, batu ginjal kompleks (staghorn), pasien dengan masalah obesitas atau kelebihan berat badan, dan pasien dengan gangguan anatomis saluran kencing",operasi ginjal buka utama rekomendasi batu ginjal pnl batu ginjal kompleks staghorn pasien obesitas berat badan pasien ganggu anatomis salur kencing,F3,5,6
458,22,Batu empedu adalah deposisi dari cairan pencernaan yang mengeras di dalam empedu,batu empedu deposisi cair cerna keras empedu,F3,6,7
458,23,"Pada sebagian besar orang, batu empedu tidak memberikan gejala apapun, dapat keluar dengan sendirinya, dan tidak membutuhkan terapi khusus",orang batu empedu gejala butuh terapi khusus,F3,6,7
458,24,"Namun bila batu empedu menimbulkan gejala yang signifikan, maka terapi pengeluaran batu akan direkomendasikan",batu empedu timbul gejala signifikan terapi batu rekomendasi,F3,6,7
458,25,Berikut ini adalah beberapa pilihan terapi untuk batu empedu: Penggunaan obat untuk meluruhkan batu,pilih terapi batu empedu obat luruh batu,F3,6,7
458,26,"Penggunaan obat untuk meluruhkan batu empedu biasanya diberikan untuk penderita batu empedu yang tidak bergejala karena dibutuhkan waktu sangat lama, berbulan - bulan hingga beberapa tahun, hingga batu empedu dapat luruh dengan obat - obatan",obat luruh batu empedu derita batu empedu gejala butuh batu empedu luruh obat obat,F3,6,7
458,27,Obat juga diberikan bila pasien tidak dapat menjalani operasi karena satu dan lain hal,obat pasien jalan operasi,F3,6,7
458,28,Endoscopic retrograde cholangiopancreatography (ERCP),endoscopic retrograde cholangiopancreatography ercp,F3,6,7
458,29,ERCP adalah penggunaan endoskopi untuk mengeluarkan batu empedu,ercp endoskopi batu empedu,F3,6,7
458,30,Biasanya lakukan bila batu empedu menyumbat saluran keluar batu empedu,laku batu empedu sumbat salur batu empedu,F3,6,7
458,31,Operasi pengangkatan empedu (cholecystectomy),operasi angkat empedu cholecystectomy,F3,6,7
458,32,"Operasi pengangkatan empedu direkomendasikan apabila terjadi pembentukan batu empedu berulang yang tidak bisa keluar dengan sendirinya, menimbulkan gejala yang signifikan, ataupun tidak bisa luruh dengan penggunaan obat - obatan tertentu",operasi angkat empedu rekomendasi bentuk batu empedu ulang timbul gejala signifikan luruh obat obat,F3,6,7
458,33,"Beberapa hal yang dapat dilakukan untuk mengurangi risiko terbentuknya batu ginjal: Minum air dalam jumlah cukup, kira - kira 2 - 2,5 liter per hari",laku risiko bentuk batu ginjal minum air liter,F3,7,7
458,34,"Mengurangi makanan yang mengandung banyak oksalat seperti okra, bayam, ubi, kacang - kacangan, teh, coklat, produk kacang kedelai, lada hitam",makan kandung oksalat okra bayam ubi kacang kacang teh coklat produk kacang kedelai lada hitam,F3,8,8
458,35,Mengurangi konsumsi garam dan protein hewani,konsumsi garam protein hewani,F3,8,9
458,36,Berhati - hati dalam menggunakan suplemen kalsium,hati hati suplemen kalsium,F3,9,9
458,37,"Beberapa hal yang dapat dilakukan untuk mengurangi risiko terbentuknya batu empedu: Makan secara teratur, jangan melompati makan atau puasa makan",laku risiko bentuk batu empedu makan atur lompat makan puasa makan,F3,10,10
458,38,Turunkan berat badan perlahan bila sedang dalam program penurunan berat badan,turun berat badan perlahan program turun berat badan,F3,11,11
458,39,Menjaga berat badan ideal,jaga berat badan ideal,F3,11,11
458,40,"Sekian yang dapat saya informasikan, semoga dapat bermanfaat dr Irna Cecilia",sekian informasi moga manfaat dr irna cecilia,F1,12,12
459,0,Halo,halo,F1,0,0
459,1,Masih ada kemungkinan Anda terkena radang maupun infeksi pada ginjal,kena radang infeksi ginjal,F4,0,0
459,2,"Infeksi ginjal (pielonefritis) dapat bergejala: demam mual dan muntah, tidak nyaman pada punggung maupun perut bagian samping, nyeri saat buang air kecil, Urin yang berbau menyengat",infeksi ginjal pielonefritis gejala demam mual muntah nyaman punggung perut samping nyeri buang air urin bau sengat,F3,0,0
459,3,"Namun demikian, keluhan di atas dapat dijumpai juga pada infeksi saluran kemih yang lain seperti infeksi kandung kemih (sistitis), infeksi uretra",keluh jumpa infeksi salur kemih infeksi kandung kemih sistitis infeksi uretra,F3,0,0
459,4,"Infeksi yang bermula dari saluran kemih bagian bawah (kandung kemih), jika tidak diobati dengan baik dapat naik ke atas menyebabkan infeksi pada ginjal",infeksi salur kemih kandung kemih obat infeksi ginjal,F3,0,0
459,5,"Demikian juga jika ada batu di ginjal, dapat meningkatkan risiko infeksi ginjal akut",batu ginjal tingkat risiko infeksi ginjal akut,F3,0,0
459,6,"Untuk memastikannya, perlu dilakukan pemeriksaan secara menyeluruh oleh dokter",laku periksa dokter,F5,1,1
459,7,"Dokter akan melakukan pemeriksaan fisik maupun evaluasi diagnostik seperti tes urine, tes darah, USG",dokter laku periksa fisik evaluasi diagnostik tes urine tes darah usg,F5,1,1
459,8,Segeralah berobat ke dokter untuk mendapat penanganan yang tepat,obat dokter tangan,F5,1,1
459,9,"Anjuran untuk Anda: konsumsi air putih yang cukup, tidak menahan kencing, batasi konsumsi minuman berkafein",anjur konsumsi air putih tahan kencing batas konsumsi minum berkafein,F5,2,2
459,10,Laman yang dapat Anda baca: Infeksi ginjal Nyeri perut bagian bawah,laman baca infeksi ginjal nyeri perut,F5,2,2
459,11,"Semoga membantu ya, dr Mira",moga bantu ya dr mira,F1,3,3
460,0,Alo!,alo,F1,0,0
460,1,Terima kasih telah menggunakan layanan konsultasi alodokter,terima kasih layan konsultasi alodokter,F1,0,0
460,2,Batu ginjal dalam istilah medis sering disebut dengan batu saluran kemih,batu ginjal istilah medis batu salur kemih,F3,1,1
460,3,"Batu saluran kemih merupakan kondisi terbentuknya batu di sistem kemih manusia, mulai dari ginjal, ureter, kandung kemih hingga di uretra / muara akhir saluran kemih",batu salur kemih rupa kondisi bentuk batu sistem kemih manusia ginjal ureter kandung kemih uretra muara salur kemih,F3,1,1
460,4,Terbentuknya batu disaluran kemih seringkali disebabkan penumpukan kristal kalsium di ginjal,bentuk batu salur kemih seringkali tumpuk kristal kalsium ginjal,F3,1,1
460,5,"Penumpukan kristal kalsium dapat dipicu oleh kurangnya asupan cairan dalam tubuh, terlalu berlebihan mengkonsumsi makanan atau minuman tinggi kalsium, penggunaan vitamin c dalam jangka waktu lama, faktor lingkungan dan gaya hidup serta faktor keturunan",tumpuk kristal kalsium picu asupan cair tubuh mengkonsumsi makan minum kalsium vitamin c jangka faktor lingkung gaya hidup faktor turun,F3,2,2
460,6,"Batu saluran kemih tidak hanya dapat disebabkan oleh kristal kalsium, namun batu dapat terbentuk dari kristal asam urat, sistein dan batu sturvit yang sering ditemukan pada wanita",batu salur kemih kristal kalsium batu bentuk kristal asam urat sistein batu sturvit temu wanita,F3,3,3
460,7,"Gejala yang sering dikeluhkan adalah nyeri kolik / nyeri dengan intensitas kuat yang hilang timbul di perut maupun pinggang, namun terkadang juga ditemukan nyeri tumpul seperti pegal di area punggung",gejala keluh nyeri kolik nyeri intensitas kuat hilang timbul perut pinggang terkadang temu nyeri tumpul pegal area punggung,F3,4,4
460,8,Nyeri disebabkan karena sumbatan batu disaluran ureter / uretra,nyeri sumbat batu salur ureter uretra,F3,4,4
460,9,Nyeri dapat menjalar ke bagian atas perut maupun ke area paha hingga kaki,nyeri jalar perut area paha kaki,F3,4,4
460,10,"Beberapa kasus juga banyak ditemukan gejala seperti mual dan muntah, gangguan saat berkemih, demam, urin berwarna merah, frekuensi berkemih yang sering namun jumlahnya sedikit sedikit",temu gejala mual muntah ganggu kemih demam urin warna merah frekuensi kemih,F3,4,4
460,11,"Terkait dengan pertanyaan anda, jika dokter telah menganalisa dan mencurigai adanya batu ginjal maka beberapa pemeriksaan wajib dilakukan",kait dokter menganalisa curiga batu ginjal periksa wajib laku,F4,5,5
460,12,Hal yang perlu diketahui adalah letak pasti dimana batu berada dan berapakah perkiraan ukuran batu tersebut,letak batu ukur batu,F4,5,5
460,13,Karena hal ini berkaitan dengan pertimbangan terapi yang baik untuk diberikan,kait timbang terapi,F3,6,6
460,14,"Pemeriksaan fisik secara langsung dan dibantu dengan pemeriksaan penunjang dengan urinalisis, urin dipstick, pemeriksaan radiologi dengan rontgen perut, usg perut atau CT scan dapat membantu mengevaluasi secara visual gambaran batu yang terbentuk",periksa fisik langsung bantu periksa tunjang urinalisis urin dipstick periksa radiologi rontgen perut usg perut ct scan bantu evaluasi visual gambar batu bentuk,F3,6,6
460,15,Umumnya batu berukuran kecil dapat keluar dengan sendirinya dengan bantuan obat obatan atau mengkonsumsi air yang banyak,batu ukur bantu obat obat mengkonsumsi air,F3,7,7
460,16,"Namun, batu yang berukuran agak besar dan menyumbat cukup sulit untuk dapat keluar dengan sendirinya",batu ukur sumbat sulit,F3,7,7
460,17,Obat obatan pereda nyeri dan tindakan medis dapat dipertimbangkan untuk mengeluarkan batu,obat obat reda nyeri tindak medis timbang batu,F3,7,7
460,18,Dewasa ini metode pengeluaran batu dapat dilakukan dalam bidang kedokteran tanpa dilakukan pembedahan terbuka,dewasa metode batu laku bidang dokter laku bedah buka,F3,8,8
460,19,Konsultasikanlah lebih lanjut dengan dokter spesialis urologi untuk mendapatkan informasi yang lebih lengkap dan relevan,konsultasi dokter spesialis urologi informasi lengkap relevan,F5,8,8
460,20,Batu saluran kemih merupakan penyakit yang dapat dicegah,batu salur kemih rupa sakit cegah,F5,9,9
460,21,"Berikut ini beberapa langkah pencegahan dan perawatan dini bagi pasien dengan kecurigaan batu saluran kemih dirumah antara lain : Mengkonsumsi banyak air putih, usahakan untuk berkemih hingga 2L per harinya",langkah cegah rawat pasien curiga batu salur kemih rumah mengkonsumsi air putih usaha kemih l,F5,9,9
460,22,Hindari konsumsi makanan / minuman kemasan,hindar konsumsi makan minum kemas,F5,10,10
460,23,"Konsumsi makanan yang seimbang, sehat dan bergizi",konsumsi makan imbang sehat gizi,F5,10,10
460,24,Masaklah air hingga mendidih saringlah air menggunakan filter,masak air didih saring air filter,F5,10,10
460,25,Hindari konsumsi makanan yang mengandung tinggi purin / asam urat,hindar konsumsi makan kandung purin asam urat,F5,10,10
460,26,Hindari mengkonsumsi suplemen multivitamin secara berlebihan,hindar mengkonsumsi suplemen multivitamin,F5,10,10
460,27,Olahraga teratur,olahraga atur,F5,10,10
460,28,Istirahat cukup,istirahat,F5,10,10
460,29,Konsumsi antinyeri jika dirasa nyeri saat keluhan kambuh,konsumsi antinyeri nyeri keluh kambuh,F5,10,10
460,30,"Sekian informasi yang dapat kami sampaikan, semoga membantu",sekian informasi moga bantu,F1,10,10
461,0,Hai Ratu,hai ratu,F1,0,0
461,1,Peningkatan kadar asam urat di dalam darah tidak bergejala apapun kecuali bila asam urat mengendap pada sendi yang menyebabkan peradangan yang disebut dengan rematik asam urat (gout),tingkat kadar asam urat darah gejala kecuali asam urat endap sendi radang rematik asam urat gout,F3,1,1
461,2,Gejalanya antara lain: Nyeri disertai bengkak kemerahan pada sendi yang terkena,gejala nyeri bengkak merah sendi kena,F3,2,1
461,3,"Umumnya hanya mengenai salah satu sisi sendi, paling sering terkena adalah sendi jempol kaki, pergelangan kaki, lutut dan siku",kena salah sisi sendi kena sendi jempol kaki gelang kaki lutut siku,F3,2,2
461,4,Dapat disertai demam,demam,F3,3,3
461,5,"Selain mengendap di sendi, asam urat juga dapat mengendap pada saluran kemih dan ginjal sehingga menyebabkan pembentukan batu ginjal",endap sendi asam urat endap salur kemih ginjal bentuk batu ginjal,F3,3,3
461,6,Gejala yang terjadi adalah sesuai dengan batu ginjal seperti: Nyeri pinggang,gejala sesuai batu ginjal nyeri pinggang,F3,3,3
461,7,Buang air kecil disertai darah,buang air darah,F3,3,3
461,8,Nyeri saat buang air kecil,nyeri buang air,F3,3,3
461,9,Dapat tidak bergejala apapun bila batu ginjal berukuran kecil dan tidak menyebabkan sumbatan,gejala batu ginjal ukur sumbat,F3,3,3
461,10,Untuk memastikannya Anda dapat memeriksakan mama Anda pada dokter untuk mencari penyebabnya,periksa mama dokter cari,F5,4,4
461,11,"Gejala kram pada kaki disertai sulit bergerak dapat disebabkan gangguan pada otot, ligamen, persarafan, tulang atau lainnya",gejala kram kaki sulit gerak ganggu otot ligamen saraf tulang,F5,5,5
461,12,Untuk mengetahui kadar asam urat yang tinggi dapat melalui pemeriksaan asam urat darah,kadar asam urat periksa asam urat darah,F5,6,6
461,13,Informasi terkait dapat Anda baca pada artikel berikut ini: Gejala penyakit asam urat,informasi kait baca artikel gejala sakit asam urat,F5,6,6
461,14,Semoga membantu ya,moga bantu ya,F1,7,7
461,15,Terima kasih,terima kasih,F1,7,7
461,16,Dr Yan william,dr yan william,F1,8,8
462,0,Hai,hai,F1,0,0
462,1,"Nyeri pinggang dan perut kiri diantaranya dapat disebabkan oleh: infeksi saluran kemih, batu ginjal, kista ovarium, penyakit radang panggul, konstipasi, cedera otot",nyeri pinggang perut kiri infeksi salur kemih batu ginjal kista ovarium sakit radang panggul konstipasi cedera otot,F3,0,0
462,2,"Perbanyak minum air mineral, dan tidak menahan rasa saat ingin BAK maupun BAB",minum air mineral tahan bak bab,F3,0,0
462,3,Sebaiknya tidak mengangkat beban - beban yang berat,angkat beban beban berat,F3,0,0
462,4,Hindari olahraga atau aktifitas yang melibatkan penggunaan otot perut atau pinggang secara berlebihan,hindar olahraga aktifitas libat otot perut pinggang,F3,0,0
462,5,Konsumsi makanan secara teratur,konsumsi makan atur,F3,1,1
462,6,"Batasi makanan yang menghasilkan banyak gas seperti kol, bawang, kacang - kacangan",batas makan hasil gas kol bawang kacang kacang,F3,1,1
462,7,"Memiliki waktu istirahat yang cukup, serta tidak stres",milik istirahat stres,F3,2,2
462,8,"Jika keluhan masih berlanjut, Anda sebaiknya periksa ke dokter",keluh periksa dokter,F5,2,2
462,9,"Pemeriksaan fisik dan tes penunjang seperti USG, dapat membantu mengetahui penyebabnya",periksa fisik tes tunjang usg bantu,F5,2,2
462,10,Sehingga penanganan yang tepat akan diberikan sesuai penyebab dasarnya,tangan sesuai dasar,F5,2,2
462,11,Halaman berikut membahas Sakit perut sebelah kiri,halaman bahas sakit perut belah kiri,F5,2,2
462,12,"Semoga bermanfaat, dr Jessica",moga manfaat dr jessica,F1,2,2
463,0,Halo Adlan,halo adlan,F1,0,0
463,1,"Terima kasih sudah bertanya di Alodokter, saya coba bantu jawab ya",terima kasih alodokter coba bantu ya,F1,0,0
463,2,"Keluhan anda yang lebih mengarah pada sakit saat buang air kecil, hingga mengeluarkan cairan merah seperti darah, memang harus diperhatikan",keluh arah sakit buang air cair merah darah perhati,F4,1,1
463,3,"Beberapa penyebab kencing disertai darah yaitu: - Infeksi saluran kemih : penyebab paling seringnya adalah bakteri E Coli, keluhannya dapat berupa sakit saak bak, bak yang sering, perasaan tidak tuntas setelah bak, dan bisa disertai darah saat bak",kencing darah infeksi salur kemih bakteri e coli keluh rupa sakit saak bak bak tuntas bak darah bak,F3,1,1
463,4,"Jika infeksi berada di kandung kemih, makan akan disertai dengan keluhan nyeri pada perut bagian bawah",infeksi kandung kemih makan keluh nyeri perut,F3,1,1
463,5,- Gangguan pada ginjal : batu ginjal juga dapat menyebabkan keluhan pada saat BAK karena batu tersebut menghambat saluran kemih,ganggu ginjal batu ginjal keluh bak batu hambat salur kemih,F3,1,1
463,6,"Kanker ginjal juga bisa menyebabkan keluhan tersebut, biasanya dialami pada orang dengan usia 50 tahun ke atas, obesitas, merokok",kanker ginjal keluh alami orang usia obesitas rokok,F3,1,1
463,7,"Keluhannya dapat berupa adanya benjolan di area ginjal, rasa sakit yang terus menerus di punggung samping, dan kencing darah",keluh rupa benjol area ginjal sakit punggung samping kencing darah,F3,1,1
463,8,"- Gangguan prostat : prostat yang membengkak menyebabkan kandung kemih dan uretra tertekan, akibatnya akan sulit untuk mengeluarkan urin atau air kencing, biasanya terjadi pada usia diatas 50 tahun, gejalanya dapat berupa : pancaran urin yang lemah, bak lebih sering, anyang - anyangan, sulit memulai untuk mengeluarkan kencing",ganggu prostat prostat bengkak kandung kemih uretra tekan akibat sulit urin air kencing usia gejala rupa pancar urin lemah bak anyang anyang sulit pulai kencing,F3,1,1
463,9,"Untuk lebih memastikan kondisi anda, sebaiknya periksalah ke dokter, agar dokter dapat melakukan pemeriksaan secara menyeluruh, dimulai dari anamnesis, pemeriksaan fisik dan jika dibutuhkan dokter akan melakukan tes urin, USG atau PSA (Prostate Specific Antigen) untuk memastikan penyebab dari keluhan anda",kondisi periksa dokter dokter laku periksa anamnesis periksa fisik butuh dokter laku tes urin usg psa prostate specific antigen keluh,F5,2,2
463,10,"Untuk sementara ini, hal yang dapat anda lakukan dirumah adalah dengan mencukupi kebutuhan air minum anda minimal 2L per hari, jaga kebersihan area vital anda, dan jangan menahan kencing jika ingin buang air kecil",laku rumah butuh air minum minimal l jaga bersih area vital tahan kencing buang air,F5,3,3
463,11,"Jika keluhan anda disertai dengan, demam, sakit pada punggung bagian samping kanan atau kiri, nyeri yang tak tertahankan saat bak sebaiknya periksalah ke dokter",keluh demam sakit punggung samping kanan kiri nyeri tahan bak periksa dokter,F5,3,3
463,12,"Dalam situasi penyebaran virus corona yang semakin pesat, jika tidak disertai kebutuhan dan keadaan mendesak sebaiknya tetaplah berada dirumah, atau jagalah diri anda agar tidak terpapar virus tersebut, jangan lupa juga untuk rajin mencuci tangan terutama saat anda ingin memegang area wajah (mata, hidung dan mulut), apabila terdapat keluhan seperti nyeri tenggorokan yang dirasakan makin memburuk lebih dari 2 minggu, disertai demam lebih dari 38 derajat celcius, batuk, pilek yang tidak kunjung sembuh walau sudah meminum obat, hingga terdapat rasa sesak atau sulit untuk bernapas, walau sudah berusaha meminum obat, maka sebaiknya periksalah diri anda ke dokter, untuk dilakukan pemeriksaan lebih lanjut",situasi sebar virus corona pesat butuh desak rumah jaga papar virus lupa rajin cuci tangan utama pegang area wajah mata hidung mulut keluh nyeri tenggorok buruk minggu demam derajat celcius batuk pilek kunjung sembuh minum obat sesak sulit napas usaha minum obat periksa dokter laku periksa,F5,3,3
463,13,"Demikian jawaban saya, semoga membantu",moga bantu,F1,3,3
464,0,"Halo Zulfikar, Terima kasih atas pertanyaannya",halo zulfikar terima kasih,F1,0,0
464,1,Batu ginjal adalah kondisi terbentuknya material padat menyerupai batu di dalam ginjal atau saluran kemih,batu ginjal kondisi bentuk material padat rupa batu ginjal salur kemih,F3,1,1
464,2,"Kondisi ini dapat menyebabkan gejala sering kencing, sakit saat kencing, rasa tidak tuntas setelah kencing, urin bercampur darah, sakit pinggang yang menjalar ke perut bagian depan atau selangkangan, demam, mual, muntah, lemas",kondisi gejala kencing sakit kencing tuntas kencing urin campur darah sakit pinggang jalar perut selangkang demam mual muntah lemas,F3,1,1
464,3,Gejala yang Anda alami bisa berkaitan dengan kondisi batu ginjal,gejala alami kait kondisi batu ginjal,F4,1,1
464,4,Badan yang terlihat kurus dapat berkaitan dengan batu ginjal tetapi biasanya terjadi jika memang sudah terjadi gangguan pada fungsi ginjal,badan lihat kurus kait batu ginjal ganggu fungsi ginjal,F3,1,1
464,5,"Badan yang terlihat kurus dapat disebabkan oleh kondisi lain seperti infeksi kronis misalnya tuberkulosis, diabetes, gangguan hormon tiroid, dan lainnya",badan lihat kurus kondisi infeksi kronis tuberkulosis diabetes ganggu hormon tiroid,F3,1,1
464,6,"Karena keterbatasan informasi mengenai tingkat keparahan kondisi yang Anda alami, silahkan Anda segera berkonsultasi dengan dokter urologi terdekat hari ini",batas informasi kena tingkat parah kondisi alami silah konsultasi dokter urologi,F4,1,1
464,7,"Dokter perlu melakukan pemeriksaan darah, pemeriksaan urin, USG, atau CT scan, untuk memastikan kondisi Anda",dokter laku periksa darah periksa urin usg ct scan kondisi,F4,1,1
464,8,Penanganan batu ginjal akan disesuaikan dengan ukuran batu ginjal,tangan batu ginjal sesuai ukur batu ginjal,F3,2,2
464,9,"Untuk penderita batu ginjal yang berukuran kecil (kurang dari 4 mm), biasanya tidak memerlukan penanganan khusus karena batu ini dapat keluar dengan sendirinya",derita batu ginjal ukur mm tangan khusus batu,F3,2,2
464,10,Penanganan yang diberikan dalam kondisi ini biasanya berupa obat pereda nyeri dan meningkatkan asupan minuman,tangan kondisi rupa obat reda nyeri tingkat asupan minum,F3,2,2
464,11,"Untuk ukuran batu ginjal yang besar (lebih dari 6 mm), dokter akan menganjurkan tindakan lebih lanjut berupa extracorporeal shockwave lithotripsy (ESWL) yaitu menggunakan gelombang suara untuk menghancrukan batu, ureteroskopi, percutaneous nephrolithotmy, dan bedah terbuka",ukur batu ginjal mm dokter anjur tindak rupa extracorporeal shockwave lithotripsy eswl gelombang suara menghancrukan batu ureteroskopi percutaneous nephrolithotmy bedah buka,F3,2,2
464,12,"Untuk saat ini, silakan Anda perbanyak konsumsi air putih, hindari kebiasaan menahan BAK, dan konsumsi parasetamol sesuai aturan pakai jika mengalami sakit yang mengganggu",sila konsumsi air putih hindar tahan bak konsumsi parasetamol sesuai atur pakai alam sakit ganggu,F5,3,3
464,13,"Namun, kalau ada tanda bahaya seperti sulit BAK atau sakit perut hebat, silakan segera mengunjungi IGD rumah sakit terdekat",tanda bahaya sulit bak sakit perut hebat sila kunjung igd rumah sakit,F5,3,3
464,14,Semoga membantu,moga bantu,F1,3,3
465,0,"Halo Asa, terima kasih sudah bertanya di Alodokter",halo asa terima kasih alodokter,F1,0,0
465,1,Sebelumnya perkenalkan saya dr Rio akan mencoba menjawab pertanyaan anda,kenal dr rio coba,F1,0,0
465,2,Batu ginjal atau dalam istilah medis disebut nefrolitiasis merupakan suatu gangguan akibat adanya komponen batu kristal yang menyumbat dan menghambat kerja ginjal terutama di saluran - salurannya yang disebabkan oleh gangguan keseimbangan pada kelarutan dan pengendapan garam di saluran urin dan ginjal,batu ginjal istilah medis nefrolitiasis rupa ganggu akibat komponen batu kristal sumbat hambat kerja ginjal utama salur salur ganggu imbang larut endap garam salur urin ginjal,F3,1,1
465,3,"Gejala atau tanda klinis yang bisa timbul pada penderita batu ginjal sebagai berikut: Nyeri ringan hingga berat dan terasa tajam baik pada perut, punggung maupun selangkangan (kolik) Nyeri saat buang air kecil Sering buang air kecil, terkadang buang air kecil sedikit – sedikit Mual dan muntah, Nyeri perut yang dirasakan ayah anda dinamakan Kolik",gejala tanda klinis timbul derita batu ginjal nyeri ringan berat tajam perut punggung selangkang kolik nyeri buang air buang air terkadang buang air mual muntah nyeri perut ayah nama kolik,F3,2,2
465,4,Kolik adalah nyeri yang timbul diakibatkan oleh kontraksi otot polos karena adanya sumbatan,kolik nyeri timbul akibat kontraksi otot polos sumbat,F3,2,2
465,5,Yang mana pada ayah anda disebabkan karena batu ginjal yang menjadi sumbatannya,ayah batu ginjal sumbat,F4,2,3
465,6,Pengobatan untuk batu ginjal bisa menggunakan obat - obatan atau pembedahan,obat batu ginjal obat obat bedah,F3,3,3
465,7,"Pemilihan pengobatan tergantung dari ukuran batu, lokasi / posisi batu, usia, dan kondisi klinis pasien sendiri",pilih obat gantung ukur batu lokasi posisi batu usia kondisi klinis pasien,F3,3,3
465,8,"Apabila dokter belum menyarankan untuk operasi, dokter tersebut pasti sudah memiliki pertimbangan dalam keputusan tersebut",dokter saran operasi dokter milik timbang putus,F3,4,4
465,9,Yang perlu anda khawatirkan sebenarnya disini adalah penyakit jantung dan diabetes ayah anda,khawatir sakit jantung diabetes ayah,F4,4,4
465,10,Dengan adanya batu di ginjal justru akan memperberat kerja jantung,batu ginjal berat kerja jantung,F4,4,4
465,11,Konsultasikan kedokter penyakit dalam apabila diperlukan,konsultasi dokter sakit,F5,4,4
465,12,Asupan cairan sangatlah diperhatikan dalam kondisi seperti ini,asupan cair perhati kondisi,F5,4,4
465,13,Yang dapat anda lakukan saat ini adalah : Kontrol rutin sesuai dengan jadwal yang di tetapkan,laku kontrol rutin sesuai jadwal,F5,4,4
465,14,"Hindari minum berlebihan karena akan menambah beban kerja jantung, mengingat ayah anda memiliki penyakit jantung",hindar minum beban kerja jantung ayah milik sakit jantung,F5,4,4
465,15,Makan - makanan tinggi serat,makan makan serat,F5,5,5
465,16,"Hindari minum teh, kopi, jamu yang tidak jelas",hindar minum teh kopi jamu,F5,5,5
465,17,Minum obat yang sesuai dengan dosis dan jenis yang dianjurkan dokter,minum obat sesuai dosis jenis anjur dokter,F5,5,5
465,18,Jangan meminum obat sembarangan dikarenakan ginjal ayah anda bermasalah dan sebagian besar obat dibuang melalui ginjal,minum obat sembarang ginjal ayah obat buang ginjal,F4,5,5
465,19,Sekian jawaban yang saya berikan,sekian ikan,F1,6,6
465,20,Terima kasih,terima kasih,F1,6,6
465,21,"Semoga lekas sembuh, dan sehat selalu :)",moga lekas sembuh sehat,F1,6,6
466,0,Hai,hai,F1,0,0
466,1,"Keluhan yang Anda alami kemungkinan disebabkan oleh infeksi saluran kemih, yaitu peradangan pada saluran kemih akibat infeksi oleh bakteri",keluh alami infeksi salur kemih radang salur kemih akibat infeksi bakteri,F4,0,0
466,2,"Gejala yang dapat timbul di antaranya adalah nyeri saat buang air kecil, buang air kecil sedikit - sedikit, sering buang air kecil, warna Urin keruh, Urin berbau menyengat, dan sebagainya",gejala timbul nyeri buang air buang air buang air warna urin keruh urin bau sengat,F3,0,0
466,3,"Namun demikian nyeri saat buang air kecil dapat pula diakibatkan oleh berbagai kemungkinan penyebab lainnya seperti: Infeksi ginjal, Batu ginjal, Batu kandung kemih, Radang kandung kemih, Penyakit menular seksual, dan sebagainya",nyeri buang air akibat infeksi ginjal batu ginjal batu kandung kemih radang kandung kemih sakit tular seksual,F3,0,0
466,4,"Untuk memastikan penyebabnya tentunya diperlukan pemeriksaan lebih lanjut, baik melalui pemeriksaan fisik maupun tes penunjang seperti tes urine, USG, X - Ray dan sebagainya",periksa periksa fisik tes tunjang tes urine usg x ray,F3,1,1
466,5,Bila keluhan terus berlanjut sebaiknya Anda berkonsultasi dengan dokter agar penyebabnya dapat ditelusuri dan ditangani secara tepat,keluh konsultasi dokter telusur tangan,F5,1,1
466,6,Berikut ini anjuran yang dapat dilakukan: Perbanyak konsumsi air putih 10 - 12 gelas sehari agar saluran kemih terbalas secara teratur sehingga bakteri tidak sempat berkembang biak,anjur laku konsumsi air putih gelas salur kemih balas atur bakteri kembang biak,F5,2,2
466,7,Jangan menahan keinginan untuk berkemih,tahan kemih,F5,2,2
466,8,Buang air kecil secara teratur,buang air atur,F5,2,2
466,9,Jika nyeri terasa mengganggu dapat mengonsumsi ibuprofen atau paracetamol untuk meredakannya,nyeri ganggu konsumsi ibuprofen paracetamol reda,F5,2,2
466,10,Beristirahat cukup dan mengonsumsi makanan bergizi agar daya tahan tubuh terjaga,istirahat konsumsi makan gizi daya tahan tubuh jaga,F5,2,2
466,11,"Baca laman artikel berikut ini: Penyebab nyeri saat buang air kecil, Infeksi saluran kemih / ISK",baca laman artikel nyeri buang air infeksi salur kemih isk,F5,2,2
466,12,Demikian semoga bermanfaat,moga manfaat,F1,2,2
466,13,dr Muliani Sukiman,dr muliani sukiman,F1,3,3
467,0,Halo wiwit,halo wiwit,F1,0,0
467,1,Terima kasih atas pertanyaan Anda,terima kasih,F1,0,0
467,2,"Kondisi yang Anda alami berupa rasa sakit pada daerah perut di mana dalam bahasa medis disebut sebagai nyeri abdomen, dapat disebabkan oleh berbagai macam hal",kondisi alami rupa sakit daerah perut bahasa medis nyeri abdomen,F4,1,1
467,3,"Berikut ini beberapa penyebab yang dapat menyebabkan sakit perut sebelah kiri bagian atas, Diantaranya adalah : infeksi atau batu ginjal, tinja yang mengeras didalam usus, peradangan pada dinding lambung bagian dalam, peradangan pada pankreas, gangguan pada jantung ataupun paru - paru",sakit perut belah kiri infeksi batu ginjal tinja keras usus radang dinding lambung radang pankreas ganggu jantung paru paru,F3,1,1
467,4,"Sedangkan berikut ini penyebab dari timbulnya rasa sakit pada perut sebelah kiri bagian bawah, yaitu : radang usus buntu, infeksi atau batu ginjal, gangguan pada usus, kanker, cedera",timbul sakit perut belah kiri radang usus buntu infeksi batu ginjal ganggu usus kanker cedera,F3,1,1
467,5,"Sedangkan jika sakit perut sebelah kiri bagian bawah terjadi pada wanita, maka hal ini dapat berhubungan dengan organ reproduksinya, di mana penyakit diantaranya adalah : kista ovarium, endometriosis, infeksi pada saluran telur, gangguan pada ovarium, masalah pada leher rahim",sakit perut belah kiri wanita hubung organ reproduksi sakit kista ovarium endometriosis infeksi salur telur ganggu ovarium leher rahim,F3,1,1
467,6,"Apabila keadaan ini sudah sering di alami dan sangat mengganggu aktivitas Anda sehari - hari, maka kami sangat menyarankan kepada Anda untuk segera menemui dokter spesialis penyakit dalam terlebih dahulu, agar Anda dapat dilakukan serangkaian pemeriksaan lebih lanjut",alami ganggu aktivitas saran temu dokter spesialis sakit laku rangkai periksa,F5,2,2
467,7,"Dokter kemungkinan akan melakukan beberapa macam pemeriksaan terkait masalah ini, yang meliputi : Pemeriksaan fisik, tes darah, tes urin, USG khusus perut, dan lain - lain, sehingga penyebab pasti dari timbulnya keadaan ini diketahui, dan akhirnya penanganan yang tepat dapat segera diberikan",dokter laku periksa kait liput periksa fisik tes darah tes urin usg khusus perut timbul tangan,F5,2,2
467,8,"Demikian penjelasan yang dapat kami sampaikan, semoga bermanfaat",moga manfaat,F1,2,2
467,9,"Salam, Dr Jati",salam dr jati,F1,2,2
468,0,Selamat malam Bagas,selamat malam bagas,F1,0,0
468,1,"Dari keluhan yang Anda utarakan kemungkinan disebabkan oleh karena infeksi saluran kemih, yang gejalanya antara lain : Nyeri saat BAK",keluh utara infeksi salur kemih gejala nyeri bak,F4,1,1
468,2,BAK yang tidak tuntas atau seperti anyang – anyangan,bak tuntas anyang anyang,F3,1,1
468,3,BAK yang lebih sering dan sulit untuk ditahan,bak sulit tahan,F3,1,1
468,4,Warna urin yang berubah menjadi keruh dan kadang dapat disertai dengan darah,warna urin ubah keruh kadang darah,F3,1,1
468,5,Nyeri pada perut bagian bawah,nyeri perut,F3,1,1
468,6,"Selain ISK sakit saat BAK dapat disebabkan oleh karena : Infeksi ginjal Batu ginjal, Batu saluran kemih, Penyakit menular seksual dan lain – lain",isk sakit bak infeksi ginjal batu ginjal batu salur kemih sakit tular seksual,F3,1,1
468,7,"Untuk memastikan keluhan Anda sebaiknya lakukan konsultasi secara langsung dengan dokter agar dapat dilakukan pemeriksaan fisik dan penunjang seperti tes urin, USG, tes darah dan lainnya jika perlu sehingga penanganan yang tepat dapat diberikan",keluh laku konsultasi langsung dokter laku periksa fisik tunjang tes urin usg tes darah tangan,F5,2,2
468,8,Beberapa tips yang dapat Anda lakukan : Banyak minum air putih minimal 2 liter / hari,tips laku minum air putih minimal liter,F5,3,3
468,9,Menjaga kebersihan area kelamin,jaga bersih area kelamin,F5,3,3
468,10,Jangan menahan keinginan untuk BAK,tahan bak,F5,3,3
468,11,Jika nyeri tidak tertahankan Anda dapat mengkonsumsi obat pereda nyeri yang dijual bebas seperti parasetamol sesuai dengan dosis pada label kemasan,nyeri tahan mengkonsumsi obat reda nyeri jual bebas parasetamol sesuai dosis label kemas,F5,3,3
468,12,Baca artikel terkait : Nyeri saat buang air kecil,baca artikel kait nyeri buang air,F5,3,3
468,13,"Semoga membantu, dr Rievia",moga bantu dr rievia,F1,4,4
469,0,Halo Adilla,halo adilla,F1,0,0
469,1,"Haid yang sering datang terlambat mungkin saja disebabkan oleh hal - hal di bawah ini : Stres, Perubahan berat badan yang terlalu drastis, Gangguan tiroid, Olahraga berlebihan, Kista ovarium, dan lain – lain",haid lambat stres ubah berat badan drastis ganggu tiroid olahraga kista ovarium,F3,0,0
469,2,"Sedangkan nyeri perut bagian bawah dapat disebabkan oleh hal - hal berikut : Sakit menjelang menstruasi (PMS), Ovulasi, Penyakit radang panggul, Kista ovarium, Endometriosis, Infeksi pada rahim, Penyakit menular seksual, Infeksi saluran kemih, Batu ginjal, Gangguan pada usus, dan lain – lain",nyeri perut sakit jelang menstruasi pms ovulasi sakit radang panggul kista ovarium endometriosis infeksi rahim sakit tular seksual infeksi salur kemih batu ginjal ganggu usus,F3,0,0
469,3,"Untuk menghilangkan rasa kekhawatiran kamu, memang disarankan untuk memeriksakan diri kembali ke dokter",hilang khawatir saran periksa dokter,F5,1,1
469,4,"Jika nyeri yang kamu rasakan dicurigai berasal dari organ reproduksi, maka sebaiknya kamu memeriksakan diri ke dokter kandungan",nyeri curiga organ reproduksi periksa dokter kandung,F5,1,1
469,5,"Tetapi jika nyeri yang dirasakan dicurigai berasal dari organ yang lain, maka sebaiknya kamu berkonsultasi dengan dokter penyakit dalam",nyeri curiga organ konsultasi dokter sakit,F5,1,1
469,6,Dokter akan melakukan beberapa pemeriksaan fisik dan penunjang seperti pemeriksaan darah dan USG,dokter laku periksa fisik tunjang periksa darah usg,F5,1,1
469,7,"Selain itu, kamu berhak mencari pendapat kedua ke dokter lain mengenai kondisi kamu",hak cari dokter kena kondisi,F5,1,1
469,8,"Semoga membantu Adilla ya, dr Tri",moga bantu adilla ya dr tri,F1,1,1
470,0,Dear Mamih,dear mamih,F1,0,0
470,1,"Masalah buang air kecil pada anak menjadi perhatian khusus bagi kita, terutama orang tua",buang air anak perhati khusus utama orang tua,F3,0,0
470,2,Apalagi anak kecil lebih sulit melaporkan keluhannya dengan tepat,anak sulit lapor keluh,F3,0,0
470,3,Anak yang sudah lebih besar mungkin lebih dapat menyatakan keluhannya,anak nyata keluh,F3,0,0
470,4,Sakit saat kencing pada anak sangat mungkin merupakan gejala dari infeksi saluran kemih,sakit kencing anak rupa gejala infeksi salur kemih,F3,1,1
470,5,"Saluran kemih terdiri dari urethra, kandung kemih, ureter, dan ginjal",salur kemih urethra kandung kemih ureter ginjal,F3,1,1
470,6,Infeksi dapat terjadi di sepanjang saluran tersebut,infeksi salur,F3,1,1
470,7,"Ada dua tipe infeksi saluran kemih yang umum terjadi, yaitu: infeksi pada kandung kemih, yang diakibatkan kuman masuk melalui urethra, naik ke atas menuju kandung kemih infeksi pada ginjal, bisa diakibatkan karena kuman naik ke atas dari kandung kemih menuju ke ginjal melewati ureter atau merupakan infeksi yang dibawa oleh kuman melalui aliran darah",tipe infeksi salur kemih infeksi kandung kemih akibat kuman masuk urethra tuju kandung kemih infeksi ginjal akibat kuman kandung kemih tuju ginjal ureter rupa infeksi bawa kuman alir darah,F3,1,1
470,8,"Pada infeksi kandung kemih, bakteri berkembang biak dan mengiritasi kandung kemih",infeksi kandung kemih bakteri kembang biak iritasi kandung kemih,F3,1,1
470,9,"Kandung kemih akan terasa sakit ketika Urin mengalir ke kandung kemih, bahkan untuk jumlah yang sedikit",kandung kemih sakit urin alir kandung kemih,F3,1,1
470,10,"Anak Anda akan berusaha mengurangi rasa nyeri dengan berkemih sesering mungkin, namun Urin yang keluar hanya sedikit",anak usaha nyeri kemih urin,F4,1,1
470,11,"Selain rasa nyeri, gejala lain bisa menyertai infeksi saluran kemih: demam, sering kencing, tidak dapat menahan kencing, nyeri perut, darah dalam Urin, Urin yang berbau menyengat tidak seperti biasanya, nyeri di sisi perut, dan sebagainya",nyeri gejala infeksi salur kemih demam kencing tahan kencing nyeri perut darah urin urin bau sengat nyeri sisi perut,F3,2,2
470,12,Sebaiknya konsultasikan keluhan anak Anda dengan dokter spesialis anak,konsultasi keluh anak dokter spesialis anak,F5,3,3
470,13,Dokter akan menanyakan riwayat lengkap keluhan anak Anda kepada Anda,dokter riwayat lengkap keluh anak,F5,3,3
470,14,"Dokter juga akan melakukan pemeriksaan fisik juga pemeriksaan penunjang seperti tes darah dan urine, atau mungkin USG",dokter laku periksa fisik periksa tunjang tes darah urine usg,F5,3,3
470,15,Berikut tips yang bisa Anda lakukan di rumah untuk mengurangi sakit kencing pada anak Anda: Berikan anak Anda lebih banyak minum segera setelah Anda mengetahui keluhan sakit kencing ini sampai 1 hari ke depan,tips laku rumah sakit kencing anak ikan anak minum keluh sakit kencing,F5,3,4
470,16,Jangan berikan anak Anda minuman berkarbonasi atau berkafein karena dapat mengiritasi kandung kemih,ikan anak minum berkarbonasi berkafein iritasi kandung kemih,F5,4,4
470,17,"Motivasi anak Anda untuk lebih sering berkemih, agar kuman terdorong keluar dari kandung kemih dan iritasinya berkurang",motivasi anak kemih kuman dorong kandung kemih iritasi,F5,4,4
470,18,Mandikan anak Anda dengan air hangat,mandi anak air hangat,F5,4,4
470,19,Hal ini akan mengurangi keluhan rasa nyeri dan gatal pada organ genitalnya,keluh nyeri gatal organ genital,F5,5,5
470,20,Baca artikel tentang: infeksi saluran kemih dan infeksi ginjal,baca artikel infeksi salur kemih infeksi ginjal,F5,5,5
470,21,"Demikian penjelasan saya, semoga bermanfaat",moga manfaat,F1,5,6
470,22,"Terima kasih dan salam, dr Rony Wijaya",terima kasih salam dr rony wijaya,F1,6,6
471,0,Hi Tata,hi tata,F1,0,0
471,1,Nyeri perut kanan bagian bawah dapat terjadi pada berbagai kondisi seperti: Radang appendiks,nyeri perut kanan kondisi radang appendiks,F3,1,1
471,2,Peradangan panggul,radang panggul,F3,1,1
471,3,Radang usus besar,radang usus,F3,1,1
471,4,Batu saluran kemih,batu salur kemih,F3,1,1
471,5,"Wanita memiliki organ kewanitaan di area perut bawah, sehingga pada wanita perlu diketahui riwayat menstruasi, apakah ada cairan yang keluar melalui vagina, apakah nyeri terjadi saat menstruasi",wanita milik organ wanita area perut wanita riwayat menstruasi cair vagina nyeri menstruasi,F3,1,1
471,6,"Sedangkan pada batu saluran kemih, nyeri dirasakan seperti diremas dan hilang timbul dan bisa disertai dengan darah saat buang air kecil",batu salur kemih nyeri remas hilang timbul darah buang air,F3,1,1
471,7,Sedangkan peradangan pada usus besar biasanya disertai dengan BAB berdarah dan disertai keluhan mencret - mencret,radang usus bab darah keluh mencret mencret,F3,1,1
471,8,Appendisitis atau usus buntu memiliki rasa nyeri di kanan bawah perut disertai mual muntah dan demam,appendisitis usus buntu milik nyeri kanan perut mual muntah demam,F3,1,1
471,9,"Untuk mengetahui penyebab pasti, sebaiknya Anda mengonsultasikan diri Anda ke dokter",konsultasi dokter,F5,1,1
471,10,"Pada kunjungan Anda mungkin akan dilakukan pemeriksaan darah, urin, pemeriksaan USG",kunjung laku periksa darah urin periksa usg,F5,1,1
471,11,"Berikut artikel yang terkait:http: / / wwwalodoktercom / batu - kandung - kemi, hhttp: / / wwwalodoktercom / batu - ginjal",artikel terkaithttp wwwalodoktercom batu kandung kemi hhttp wwwalodoktercom batu ginjal,F5,2,2
471,12,"Tips - tips yang Anda terapkan di rumah: Minum air yang cukup, Hindari kebiasaan menahan BAK karena dapat mencetuskan pembentukan batu, Miliki berat badan ideal Sekian",tips tips terap rumah minum air hindar tahan bak cetus bentuk batu milik berat badan ideal sekian,F5,2,2
471,13,semoga bermanfaat,moga manfaat,F1,2,2
471,14,Dr Radius Kusuma,dr radius kusuma,F1,3,3
472,0,Hai,hai,F1,0,0
472,1,"Sakit perut di sebelah kiri bawah dapat diakibatkan oleh berbagai kemungkinan penyebab berikut ini: Cedera otot / tulang, Peradangan usus, Sindrom iritasi usus, Gangguan usus besar, Infeksi saluran kemih / ISK, Infeksi ginjal, Batu ginjal dan sebagainya",sakit perut belah kiri akibat cedera otot tulang radang usus sindrom iritasi usus ganggu usus infeksi salur kemih isk infeksi ginjal batu ginjal,F3,0,0
472,2,Untuk memastikan penyebabnya tentunya diperlukan pemeriksaan lebih lanjut,periksa,F3,1,1
472,3,"Jika keluhan terus berlanjut sebaiknya Anda berkonsultasi dengan dokter agar dapat dilakukan pemeriksaan fisik dan tes penunjang untuk menelusuri lebih jauh, seperti tes urine, USG, X - Ray, dan sebagainya",keluh konsultasi dokter laku periksa fisik tes tunjang telusur tes urine usg x ray,F5,1,1
472,4,Dengan demikian penanganan yang tepat akan dapat diberikan,tangan,F5,2,2
472,5,"Berikut ini anjuran yang dapat Anda lakukan: Konsumsi makanan bergizi seimbang secara teratur, jangan terlambat makan",anjur laku konsumsi makan gizi imbang atur lambat makan,F5,2,2
472,6,"Hindari konsumsi makanan yang terlalu pedas, berlemak, atau asam",hindar konsumsi makan pedas lemak asam,F5,2,2
472,7,Banyak minum air putih 2 - 3 liter sehari,minum air putih liter,F5,2,2
472,8,Jangan menahan keinginan untuk berkemih,tahan kemih,F5,2,2
472,9,Buang air kecil secara teratur,buang air atur,F5,2,2
472,10,Beristirahat yang cukup dan tidur cukup,istirahat tidur,F5,2,2
472,11,Baca laman artikel berikut ini: Penyebab sakit perut sebelah kiri,baca laman artikel sakit perut belah kiri,F5,3,3
472,12,Demikian semoga bermanfaat,moga manfaat,F1,3,3
472,13,"Salam, dr Muliani Sukiman",salam dr muliani sukiman,F1,3,3
473,0,Halo Dina,halo dina,F1,0,0
473,1,"Nyeri panggul dapat disebabkan oleh: Efek samping KB, terutama KB spiral",nyeri panggul efek samping kb utama kb spiral,F3,0,0
473,2,Infeksi saluran kemih,infeksi salur kemih,F3,1,1
473,3,"Batu di kandung kemih (mirip dengan batu ginjal , hanya saja letaknya di kandung kemih)",batu kandung kemih batu ginjal letak kandung kemih,F3,1,1
473,4,"Penyakit radang panggul, biasanya bermula dari keputihan yang dibiarkan",sakit radang panggul putih biar,F3,2,2
473,5,Kista ovarium,kista ovarium,F3,2,2
473,6,"Endometriosis , berkaitan dengan nyeri saat hubungan seks",endometriosis kait nyeri hubung seks,F3,2,2
473,7,Kanker serviks,kanker serviks,F3,2,2
473,8,"Berbagai kondisi penyakit memang dapat menyebabkan penurunan nafsu makan, kebanyakan karena stres",kondisi sakit turun nafsu makan stres,F3,3,3
473,9,"Sering nafsu makan ini kembali membaik, bahkan saat diagnosanya ditemukan",nafsu makan diagnosanya temu,F3,3,3
473,10,"Mungkin juga penurunan nafsu makan berkaitan dengan masalah pencernaan, salah satunya gangguan lambung",turun nafsu makan kait cerna salah ganggu lambung,F3,3,3
473,11,"Untuk lebih jelasnya, diperlukan pemeriksaan oleh Dokter",periksa dokter,F3,4,4
473,12,"Mungkin diperlukan pemeriksaan darah, spekulum, USG hingga CT - Scan untuk menunjang diagnosis",periksa darah spekulum usg ct scan tunjang diagnosis,F3,4,4
473,13,Berikut tips untuk Anda: Hindari mengenakan celana dalam yang terlalu ketat,tips hindar kena celana ketat,F5,5,5
473,14,"Obati keputihan Anda; keputihan berbau, gatal, berwarna atau nyeri merupakan ciri - ciri keputihan abnormal dan seyogianya tidak dibiarkan",obat putih putih bau gatal warna nyeri rupa ciri ciri putih abnormal yogia biar,F5,5,5
473,15,Lakukan skrining Pap's smear rutin sekurangnya 3 tahun sekali untuk deteksi dini kanker serviks,laku skrining paps smear rutin deteksi kanker serviks,F5,6,6
473,16,Vaksinasi HPV untuk pencegahan kanker serviks,vaksinasi hpv cegah kanker serviks,F5,6,6
473,17,"Sekian, semoga bermanfaat",sekian moga manfaat,F1,7,7
473,18,dr Radius Kusuma,dr radius kusuma,F1,7,7
474,0,Halo,halo,F1,0,0
474,1,"Sistem saluran kemih terdiri atas: ginjal, ureter, buli, dan uretra",sistem salur kemih ginjal ureter buli uretra,F3,0,0
474,2,"Batu ginjal, adalah batu yang terletak pada organ ginjal",batu ginjal batu letak organ ginjal,F3,0,0
474,3,"Batu ini dapat terbentuk sebagai akibat: kurang minum, terjadi pengkristalan batu terlalu sering mengkonsumsi produk tinggi kalsium, asam oksalat, asam urat tinggi genetik infeksi ginjal penyakit hiperparatiroid",batu bentuk akibat minum kristal batu mengkonsumsi produk kalsium asam oksalat asam urat genetik infeksi ginjal sakit hiperparatiroid,F3,0,0
474,4,"Batu ginjal yang kecil umumnya tidak bergejala, namun batu ini baru menjadi masalah bila ukurannya melebihi besar saluran kemih",batu ginjal gejala batu ukur salur kemih,F3,0,0
474,5,Efek buruk dari batu ginjal adalah: resiko infeksi ginjal meningkat pembengkakan ginjal kerusakan ginjal permanen (gagal ginjal),efek buruk batu ginjal resiko infeksi ginjal tingkat bengkak ginjal rusak ginjal permanen gagal ginjal,F3,0,0
474,6,Oleh karena itu apabila ditemukan batu ginjal dalam saluran kemih sebaiknya diobati sejak dini walaupun tidak bergejala,temu batu ginjal salur kemih obat gejala,F3,0,0
474,7,"Pada kasus Anda, didapatkan batu ginjal yang berjumlah banyak, letaknya berada di ginjal kanan, setinggi tulang belakang (lumbal 2 dan 3)",batu ginjal letak ginjal kanan tulang lumbal,F4,0,0
474,8,"Teknik membuang batu ginjal bermacam - macam, dapat melalui beberapa prosedur seperti ESWL, pembuangan dari dalam (lewat kateter urin), atau operasi terbuka",teknik buang batu ginjal prosedur eswl buang kateter urin operasi buka,F3,1,0
474,9,Konsultasikan keluhan Anda kepada dokter spesialis urologi untuk informasi lebih lanjut,konsultasi keluh dokter spesialis urologi informasi,F5,1,1
474,10,"Berikut kami sertakan TIPS bagaimana cara mencegah terjadinya batu ginjal: minum air putih minimal 8 gelas per hari, kurangi makanan tinggi asam urat (kerang, jeroan, dan lain sebagainya), kurangi makanan tinggi kalsium dan asam fosfat obati penyakit hiperparatiroid (bila ada)",tips cegah batu ginjal minum air putih minimal gelas makan asam urat kerang jeroan makan kalsium asam fosfat obat sakit hiperparatiroid,F5,2,2
474,11,"Segera ke dokter untuk mendapatkan tindakan darurat bila mendapat keluhan ini: mendadak sulit berkemih, nyeri saat berkemih, keluar darah dari saluran kemih, keluar batu dari saluran kemih, nyeri punggung hebat",dokter tindak darurat keluh dadak sulit kemih nyeri kemih darah salur kemih batu salur kemih nyeri punggung hebat,F5,3,3
474,12,Demikianlah informasi yang dapat kami berikan,informasi ikan,F5,4,4
474,13,"Berikut kami berikan artikel: batu ginjal - gejala, penyebab, dan mengobati",ikan artikel batu ginjal gejala obat,F5,4,4
474,14,"Semoga bermanfaat, dr Mira",moga manfaat dr mira,F1,4,4
475,0,Halo Fani,halo fani,F1,0,0
475,1,ESWL (extracorporeal shock wave lithotripsy) adalah prosedur penghancuran batu ginjal dengan menggunakan gelombang ultrasonik,eswl extracorporeal shock wave lithotripsy prosedur hancur batu ginjal gelombang ultrasonik,F3,0,0
475,2,Tujuan prosedur ini adalah agar serpihan - serpihan batu ginjal dapat keluar dengan mudah melalui saluran kencing,tuju prosedur serpih serpih batu ginjal mudah salur kencing,F3,0,0
475,3,"Namun, sama seperti prosedur lainnya, ESWL juga memiliki risiko dan efek samping yang mungkin timbul, yaitu : kencing bercampur darah, nyeri pinggang, infeksi saluran kemih (peningkatan frekuensi berkemih, nyeri / perih saat berkemih, berkemih tidak tuntas), infeksi ginjal (nyeri pinggang, mual, muntah, demam), memar pada kulit, dan lain - lain",prosedur eswl milik risiko efek samping timbul kencing campur darah nyeri pinggang infeksi salur kemih tingkat frekuensi kemih nyeri perih kemih kemih tuntas infeksi ginjal nyeri pinggang mual muntah demam memar kulit,F6,0,0
475,4,"Kemungkinan keluhan yang ayah Anda alami merupakan efek samping dari tindakan ESWL, seperti infeksi ginjal",keluh ayah alami rupa efek samping tindak eswl infeksi ginjal,F6,0,0
475,5,"Untuk memastikannya, sebaiknya Anda memeriksakan diri ke dokter spesialis penyakit dalam",periksa dokter spesialis sakit,F5,1,1
475,6,"Dokter akan melakukan tes tamabahan seperti tes darah, tes urin, USG, dan lain - lain",dokter laku tes tamabahan tes darah tes urin usg,F5,1,1
475,7,Penanganan akan disesuaikan dengan penyebab yang mendasari,tangan sesuai dasar,F5,2,2
475,8,"Sebagai anjuran selama di rumah : perbanyak konsumsi minum air putih ~2 - 3 liter per hari, hindari kebiasaan menahan buang air kecil, hindari makanan yang dapat menyebabkan terbentuknya batu (tergantung pada jenis batu yang sebelumnya dialami ayah Anda, bila disebabkan oleh batu asam urat maka hindari makanan yang mengandung purin, bila disebabkan oleh batu sitrat hindari konsumsi vitamin C megadosis, dan sebagainya)",anjur rumah konsumsi minum air putih liter hindar tahan buang air hindar makan bentuk batu gantung jenis batu alami ayah batu asam urat hindar makan kandung purin batu sitrat hindar konsumsi vitamin c megadosis,F5,2,2
475,9,"Demikian, semoga bermanfaat, dr Lili",moga manfaat dr lili,F1,2,2
476,0,Hai,hai,F1,0,0
476,1,Nyeri saat berkemih (disuria) atau biasa dikenal sebagai anyang - anyangan dapat disebabkan oleh: Infeksi saluran kemih,nyeri kemih disuria kenal anyang anyang infeksi salur kemih,F3,1,1
476,2,"Batu ginjal, terutama yang berada di kandung kemih",batu ginjal utama kandung kemih,F3,1,1
476,3,"Penyempitan saluran kemih, biasanya akibat jaringan parut (scar) pasca pemasangan selang kencing",sempit salur kemih akibat jaring parut scar pasca pasang selang kencing,F3,1,1
476,4,Tumor jinak kandung kemih,tumor jinak kandung kemih,F3,1,1
476,5,Keganasan kandung kemih,ganas kandung kemih,F3,1,1
476,6,Ketidakteraturan menstruasi Anda mungkin berkaitan / mungkin juga tidak berkaitan dengan gejala berkemih dan rasa gatal di liang vagina,ketidakteraturan menstruasi kait kait gejala kemih gatal liang vagina,F3,1,1
476,7,Berikut kemungkinannya: Berbagai penyakit menular seksual,sakit tular seksual,F3,1,1
476,8,Endometriosis - yaitu jaringan endometrium (lapisan dalam rahim) yang tumbuh secara \liar\ di luar tempat seharusnya,endometriosis jaring endometrium lapis rahim tumbuh liar,F3,1,1
476,9,Berbagai macam Vaginitis (peradangan vagina),vaginitis radang vagina,F3,1,1
476,10,Anda sebaiknya berkonsultasi pada Dokter Anda / Spesialis Kandungan dan Kebidanan (SpOG) untuk dilakukan penggalian riwayat terarah dan pemeriksaan fisik secara langsung,konsultasi dokter spesialis kandung bidan spog laku gali riwayat arah periksa fisik langsung,F5,2,2
476,11,"Anda juga mungkin memerlukan pemeriksaan tambahan seperti pemeriksaan spekulum (bagi yang sudah menikah), pemeriksaan air seni dan USG bila dirasa perlu",periksa periksa spekulum nikah periksa air seni usg,F5,3,3
476,12,"Untuk sementara waktu, Anda sebaiknya: Minum cukup air setiap harinya, sekurangnya 8 gelas per hari atau setiap kali Anda haus",minum air gelas kali haus,F5,3,3
476,13,Tidak menahan BAK,tahan bak,F5,4,4
476,14,Tidak mengenakan bawahan / celana dalam ketat dan panas,kena celana ketat panas,F5,4,4
476,15,Membersihkan alat kelamin setiap sehabis BAK atau hubungan intim dengan arah depan ke belakang,bersih alat kelamin habis bak hubung intim arah,F5,5,5
476,16,Artikel ini mungkin membantu: Menangani vagina gatal Sekian,artikel bantu tangan vagina gatal sekian,F5,5,5
476,17,Semoga bermanfaat,moga manfaat,F1,5,5
476,18,dr Radius Kusuma,dr radius kusuma,F1,6,6
477,0,Hai,hai,F1,0,0
477,1,"Nyeri saat buang air kecil (BAK) dan lebih sering, kemungkinan diakibatkan adanya infeksi saluran kemih",nyeri buang air bak akibat infeksi salur kemih,F4,1,1
477,2,"Infeksi saluran kemih dapat disebabkan oleh infeksi bakteri, jamur, dan lain – lain",infeksi salur kemih infeksi bakteri jamur,F3,1,1
477,3,"Gejala infeksi saluran kemih, antara lain: Nyeri dan terasa panas pada saat BAK",gejala infeksi salur kemih nyeri panas bak,F3,1,1
477,4,BAK lebih sering dan kadang terasa tidak tuntas (anyang - anyangan),bak kadang tuntas anyang anyang,F3,2,2
477,5,Sulit menahan kencing,sulit tahan kencing,F3,2,2
477,6,"Urin berwarna keruh, kadang kemerahan",urin warna keruh kadang merah,F3,2,2
477,7,Nyeri pada perut bawah,nyeri perut,F3,2,2
477,8,"Penyebab nyeri saat kencing lain adalah adanya batu pada saluran kencing, luka pada ujung saluran kencing, dan lain – lain",nyeri kencing batu salur kencing luka ujung salur kencing,F3,2,2
477,9,Sebaiknya tidak sering menahan kencing karena urin yang tertahan di kandung kemih mudah mengendap dan dapat terjadi infeksi atau batu,tahan kencing urin tahan kandung kemih mudah endap infeksi batu,F5,2,2
477,10,"Untuk lebih pasti sebaiknya berkonsultasi langsung ke dokter dan bila perlu dilakukan pemeriksaan urin, USG, dan lain – lain",konsultasi langsung dokter laku periksa urin usg,F5,3,3
477,11,Mengenai infeksi saluran kemih dapat dibaca dibawah ini Infeksi Saluran Kemih,kena infeksi salur kemih baca infeksi salur kemih,F5,3,3
477,12,"Semoga membantu ya, terima kasih",moga bantu ya terima kasih,F1,4,4
477,13,Dr Yan william,dr yan william,F1,5,5
478,0,Halo Vilola,halo vilola,F1,0,0
478,1,Terima kasih telah bertanya di Alodokter :'),terima kasih alodokter,F1,0,0
478,2,Penyakit batu ginjal atau nefrolitiasis merupakan suatu kondisi yang muncul ketika material keras yang menyerupai batu terbentuk di dalam ginjal,sakit batu ginjal nefrolitiasis rupa kondisi muncul material keras rupa batu bentuk ginjal,F3,1,1
478,3,Material tersebut berasal dari sisa zat - zat limbah di dalam darah yang disaring oleh ginjal yang kemudian mengendap dan mengkristal seiring berjalannya waktu,material sisa zat zat limbah darah saring ginjal endap kristal iring jalan,F3,1,1
478,4,Endapan batu di dalam ginjal ini dapat disebabkan oleh makanan atau masalah kesehatan lain yang mendasari,endap batu ginjal makan sehat dasar,F3,2,2
478,5,"Berdasarkan jenisnya, batu ginjal dibagi menjadi : batu kalsium, batu asam urat, batu struvit, batu sistin",dasar jenis batu ginjal batu kalsium batu asam urat batu struvit batu sistin,F3,2,2
478,6,"Selain faktor makanan dan kondisi kesehatan yang mendasari, ada beberapa faktor lain yang bisa memicu terjadinya penyakit batu ginjal, di antaranya: Kurang minum air putih",faktor makan kondisi sehat dasar faktor picu sakit batu ginjal minum air putih,F3,3,3
478,7,Riwayat kesehatan keluarga,riwayat sehat keluarga,F3,3,3
478,8,Mengalami obesitas,alam obesitas,F3,3,3
478,9,Kebiasaan menahan BAK,tahan bak,F3,4,3
478,10,"Mengonsumsi obat - obatan, misalnya diuretik, aspirin, antibiotik, antasid, serta beberapa obat antiepilepsi dan antiretroviral",konsumsi obat obat diuretik aspirin antibiotik antasid obat antiepilepsi antiretroviral,F3,4,4
478,11,Efek samping operasi terhadap organ pencernaan,efek samping operasi hadap organ cerna,F3,4,5
478,12,Batu ginjal bisa tidak menimbulkan gejala apapun jika ukuran relatif kecil dan bisa keluar dari saluran kemih bersamaan dengan aliran Urin dengan lancar,batu ginjal timbul gejala ukur relatif salur kemih alir urin lancar,F3,5,5
478,13,"Namun gejala akan dirasakan apabila batu tertahan di dalam ginjal, batu berukuran terlalu besar melewati ureter, atau batu ginjal menyebabkan infeksi",gejala batu tahan ginjal batu ukur ureter batu ginjal infeksi,F3,5,5
478,14,"Gejala batu ginjal dapat berupa : rasa nyeri yang menetap pada perut bagian samping, punggung bagian bawah, pinggang, selangkangan, atau bahkan testis (pada pria)",gejala batu ginjal rupa nyeri perut samping punggung pinggang selangkang testis pria,F3,5,5
478,15,Meningkatnya frekuensi buang air kecil dan rasa sakit saat berkemih,tingkat frekuensi buang air sakit kemih,F3,6,5
478,16,Warna Urin tampak keruh dan beraroma tidak sedap,warna urin keruh aroma sedap,F3,7,6
478,17,Warna Urin merah seperti berdarah,warna urin merah darah,F3,7,6
478,18,Warna Urin keruh seperti kecokelatan atau kemerahan pada Urin tersebut bisa diakibatkan oleh adanya pendarahan saat batu ginjal melewati saluran kemih,warna urin keruh cokelat merah urin akibat darah batu ginjal salur kemih,F3,7,6
478,19,Mual dan bisa disertai muntah,mual muntah,F3,8,6
478,20,Gelisah,gelisah,F3,8,7
478,21,Sulit beristirahat karena sulit menemukan posisi yang tepat untuk melakukannya,sulit istirahat sulit temu posisi laku,F3,8,7
478,22,"Demam, badan terasa lemas, tubuh terasa dingin bahkan sampai menggigil, Urin tampak keruh dan beraroma tidak sedap, serta diare jika ginjal sudah mengalami infeksi",demam badan lemas tubuh dingin gigil urin keruh aroma sedap diare ginjal alam infeksi,F3,9,8
478,23,"Jadi sering menahan kencing bukanlah suatu penyebab langsung terjadinya batu ginjal, namun kebiasaan ini memang dapat meningkatkan resiko terjadinya batu ginjal",tahan kencing langsung batu ginjal tingkat resiko batu ginjal,F4,9,9
478,24,Silahkan baca mengenai PENYEBAB BATU GINJAL untuk informasi lebih lengkap,silah baca kena batu ginjal informasi lengkap,F5,10,9
478,25,Semoga informasi ini bermanfaat :') - dr Lia N Amalina,moga informasi manfaat dr lia n amalina,F1,10,10
479,0,Hai Nurwahida,hai nurwahida,F1,0,0
479,1,Infeksi ginjal atau pielonefritis adalah penyakit yang utamanya disebabkan oleh bakteri pada kandung kemih yang berpindah menuju ginjal,infeksi ginjal pielonefritis sakit utama bakteri kandung kemih pindah tuju ginjal,F3,0,0
479,2,"Kondisi ini ditandai dengan gejala : nyeri saat buang air kecil, sering buang air kecil, warna dan bau urin tidak seperti biasanya, nyeri atau tidak nyaman di sekitar perut samping atau bagian punggung, demam atau menggigil, mual dan muntah, merasa kelelahan, rasa tidak nyaman di perut, kehilangan selera makan",kondisi tanda gejala nyeri buang air buang air warna bau urin nyeri nyaman perut samping punggung demam gigil mual muntah lelah nyaman perut hilang selera makan,F3,1,1
479,3,Infeksi ginjal harus segera ditangani oleh dokter karena penderitanya perlu mendapatkan antibiotik,infeksi ginjal tangan dokter derita antibiotik,F3,2,2
479,4,"Pada infeksi ginjal yang berat, tidak jarang dibutuhkan perawatan di rumah sakit (rawat inap), yaitu : gejala semakin parah, tidak membaik dengan pengobatan antibiotik, berisiko atau sudah mengalami komplikasi akibat infeksi ginjal, infeksi kambuhan (sudah pernah sembuh kemudian gejala muncul lagi)",infeksi ginjal berat jarang butuh rawat rumah sakit rawat inap gejala parah obat antibiotik risiko alam komplikasi akibat infeksi ginjal infeksi kambuh sembuh gejala muncul,F3,2,2
479,5,Perbaikan gejala infeksi ginjal biasanya terlihat dalam 1 - 3 hari setelah konsums antibiotik,gejala infeksi ginjal lihat konsums antibiotik,F3,2,2
479,6,Berkonsultasilah kembali dengan dokter yang memeriksa ayah Anda apabila keluhan masih dirasakan / tidak membaik,konsultasi dokter periksa ayah keluh,F5,3,3
479,7,"Dokter akan melakukan pemeriksaan fisik ulang dan evaluasi terhadap pengobatan, kemungkinan dokter akan menambahkan obat untuk ayah Anda",dokter laku periksa fisik ulang evaluasi hadap obat dokter obat ayah,F5,3,3
479,8,"Sedangkan untuk perawatan di rumah, perbanyaklah konsumsi air, terutama dalam kondisi demam",rawat rumah konsumsi air utama kondisi demam,F5,3,3
479,9,"Pantangan disesuaikan dengan fungsi ginjal ayah Anda, diskusikanlah dengan dokter yang memeriksanya",pantang sesuai fungsi ginjal ayah diskusi dokter periksa,F5,3,3
479,10,Baca tentang infeksi ginjal,baca infeksi ginjal,F5,3,3
479,11,"Demikian, semoga membantu, dr Lili",moga bantu dr lili,F1,3,3
480,0,Halo Faizarkala!,halo faizarkala,F1,0,0
480,1,Terima kasih atas pertanyaannya di Alodokter,terima kasih alodokter,F1,0,0
480,2,"Urolithiasis merupakan istilah medis adanya batu pada saluran kemih pada tubuh manusia, salah satu komponen dari saluran kemih adalah ginjal sebagai alat filtrasi pada tubuh manusia",urolithiasis rupa istilah medis batu salur kemih tubuh manusia salah komponen salur kemih ginjal alat filtrasi tubuh manusia,F3,1,1
480,3,"Batu ginjal dapat menimbulkan gejala, namun dapat juga tidak menimbulkan gejala tergantung dari ukuran batu yang terbentuk",batu ginjal timbul gejala timbul gejala gantung ukur batu bentuk,F3,1,1
480,4,Batu ginjal dapat terbentuk dari kristalisasi mineral dan materi lain yang berada di dalam saluran ginjal,batu ginjal bentuk kristalisasi mineral materi salur ginjal,F3,1,1
480,5,"Gejala batu pada saluran kemih, terutama ginjal, antara lain : Nyeri pada punggung bawah, dapat muncul dari daerah punggung bawah yang dirasakan menjalar ke arah dalam",gejala batu salur kemih utama ginjal nyeri punggung muncul daerah punggung jalar arah,F3,2,2
480,6,Peningkatan frekuensi BAK,tingkat frekuensi bak,F3,2,2
480,7,Nyeri pada saat BAK,nyeri bak,F3,2,2
480,8,"BAK sedikit, terdapat perubahan warna menjadi kemerahan, kecoklatan",bak ubah warna merah coklat,F3,2,2
480,9,Mual dan muntah,mual muntah,F3,2,2
480,10,Disertai demam jika terdapat infeksi pada saluran kemih,demam infeksi salur kemih,F3,2,2
480,11,"Untuk memastikan diagnosis batu ginjal ada beberapa tahap yang perlu dilakukan, dari tatap muka dengan dokter, dilakukan anamnesis / wawancara mendalam mengenai keluhan, pemeriksaan fisik, dan pemeriksaan penunjang (dapat berupa tes darah, tes urine, tes fungsi ginjal, ataupun rontgen jika diperlukan)",diagnosis batu ginjal tahap laku tatap muka dokter laku anamnesis wawancara kena keluh periksa fisik periksa tunjang rupa tes darah tes urine tes fungsi ginjal rontgen,F3,3,3
480,12,Pengobatan yang diberikan akan bervariasi tergantung dari derajat obstruksi dan besarnya ukuran batu ginjal,obat variasi gantung derajat obstruksi ukur batu ginjal,F3,4,4
480,13,Untuk batu ginjal dengan ukuran 4 mm dapat dianjurkan untuk meningkatkan konsumsi air minum yang cukup untuk mencegah pembentukkan batu saluran kemih lebih lanjut,batu ginjal ukur mm anjur tingkat konsumsi air minum cegah bentuk batu salur kemih,F3,4,4
480,14,"Namun pada batu ginjal dengan ukuran 6 mm ada beberapa modalitas seperti ESWL, PCNL, ataupun pembedahan, untuk informasi lebih lanjut mengenai metode - metode ini dapat dibaca pada artikel : pengobatan batu ginjal",batu ginjal ukur mm modalitas eswl pcnl bedah informasi kena metode metode baca artikel obat batu ginjal,F3,4,4
480,15,"Untuk kondisi ini perlu dilakukan pemeriksaan terlebih dahulu untuk mengetahui kondisi penyakit yang sekarang, bagaimana kondisi dan ukuran batu saluran kemih bila memang dahulu sudah terkonfirmasi batu ginjal",kondisi laku periksa kondisi sakit kondisi ukur batu salur kemih konfirmasi batu ginjal,F3,4,4
480,16,Disarankan untuk melakukan konsultasi pada dokter spesialis urologi untuk menilai kondisi lebih lanjut,saran laku konsultasi dokter spesialis urologi nilai kondisi,F5,5,5
480,17,"Semoga informasi ini membantu anda, Salam",moga informasi bantu salam,F1,5,5
481,0,"Halo Riswan, terimakasih telah bertanya di Alodokter",halo riswan terimakasih alodokter,F1,0,0
481,1,"Batu ginjal merupakan suatu kondisi dimana terbentuknya material seperti batu di ginjal, namun batu tersebut juga bisa turun ke ureter hingga saluran kencing bawah",batu ginjal rupa kondisi bentuk material batu ginjal batu turun ureter salur kencing,F3,0,0
481,2,"Gejala yang timbul adalah nyeri perut bawah, nyeri selangkangan, nyeri tumpul pada pinggang, tapi jika sudah turun ke ureter (saluran penghubung ginjal dan kandung kemih), nyeri yang ditimbulkan bisa sangat hebat, karena bisa terjadi gesekan / iritasi antara batu dan dinding ureter",gejala timbul nyeri perut nyeri selangkang nyeri tumpul pinggang turun ureter salur hubung ginjal kandung kemih nyeri timbul hebat gesek iritasi batu dinding ureter,F3,0,0
481,3,"Jika batu ginjal telah didiagnosis, maka pengobatan awalnya adalah perbanyak konsumsi air putih, yang diharapkan dengan mengalirnya air terus menerus, batu bisa mengecil sehingga mudah keluar melalui kencing",batu ginjal diagnosis obat konsumsi air putih harap alir air batu mudah kencing,F3,1,1
481,4,"Hindari konsumsi makanan yang mengandung oksalat, kalsium, dan protein yang merupakan bahan pembentuk batu",hindar konsumsi makan kandung oksalat kalsium protein rupa bahan bentuk batu,F3,1,1
481,5,Contoh makanan tersebut bisa dibaca disini,contoh makan baca,F3,1,1
481,6,"Jika hal ini belum cukup, dokter kemungkinan akan meresepkan obat untuk membantu melancarkan pengeluaran batu ginjal, misalnya tamsulosin",dokter resep obat bantu lancar batu ginjal tamsulosin,F3,1,1
481,7,"Sedangkan untuk batu yang telah menyumbat, mesti segera dilakukan tindakan bedah untuk mencegah komplikasi seperti perdarahan atau kerusakan pada ginjal",batu sumbat mesti laku tindak bedah cegah komplikasi darah rusak ginjal,F3,1,1
481,8,"Untuk lebih jelasnya, sebaiknya Anda konsultasikan kembali ke dokter yang merawat, karena beliau lah yang lebih mengetahui kondisi kesehatan Anda saat ini berdasarkan pemeriksaan yang telah dilakukan sebelumnya",konsultasi dokter rawat beliau kondisi sehat dasar periksa laku,F5,1,1
481,9,Anjuran yang dapat Anda terapkan antara lain : Perbanyak konsumsi air putih,anjur terap konsumsi air putih,F5,1,1
481,10,"Konsumsi makanan yang sehat dan seimbang, hindari makanan yang mencetuskan timbulnya batu",konsumsi makan sehat imbang hindar makan cetus timbul batu,F5,1,1
481,11,"Obati penyebab dasar jika ada, seperti asam urat, infeksi saluran kemih",obat dasar asam urat infeksi salur kemih,F5,1,1
481,12,Berolahraga teratur,olahraga atur,F5,2,2
481,13,"Rajin untuk kontrol kesehatan di dokter, terutama jika ada yang mengkhawatirkan",rajin kontrol sehat dokter utama khawatir,F5,2,2
481,14,"Sekian, semoga membantu",sekian moga bantu,F1,3,3
481,15,"Salam, dr Vita Rahayu",salam dr vita rahayu,F1,3,3
482,0,Hai,hai,F1,0,0
482,1,"Keluhan yang Anda alami bisa saja merupakan gejala infeksi saluran kemih / ISK, yaitu peradangan pada saluran kemih akibat infeksi bakteri",keluh alami rupa gejala infeksi salur kemih isk radang salur kemih akibat infeksi bakteri,F4,1,1
482,2,Gejala yang dapat timbul adalah: nyeri perut bagian bawah atau pinggang,gejala timbul nyeri perut pinggang,F3,1,1
482,3,sakit saat buang air kecil,sakit buang air,F3,1,2
482,4,buang air kecil sedikit – sedikit,buang air,F3,1,2
482,5,sering buang air kecil,buang air,F3,1,2
482,6,"warna Urin menjadi keruh, kadang dapat bercampur dengan darah",warna urin keruh kadang campur darah,F3,1,3
482,7,"Urin berbau menyengat, dan sebagainya",urin bau sengat,F3,1,3
482,8,Penanganan ISK adalah dengan pemberian obat pereda nyeri dan antibiotik yang diresepkan oleh dokter,tangan isk obat reda nyeri antibiotik resep dokter,F3,1,3
482,9,Namun demikian keluhan yang Anda alami dapat pula disebabkan oleh berbagai kemungkinan penyebab lainnya seperti: Infeksi ginjal,keluh alami infeksi ginjal,F3,1,4
482,10,Batu ginjal,batu ginjal,F3,2,4
482,11,Batu kandung kemih,batu kandung kemih,F3,2,4
482,12,Overactive bladder (kandung kemih yang terlalu aktif),overactive bladder kandung kemih aktif,F3,2,4
482,13,"Penyakit menular seksual (gonore, trikomoniasis, klamidia), dan sebagainya",sakit tular seksual gonore trikomoniasis klamidia,F3,3,4
482,14,Berikut ini anjuran yang dapat dilakukan: Minum banyak air putih minimal 2 - 3 liter sehari agar saluran kemih terbilas secara teratur sehingga bakteri tidak sempat berkembang biak,anjur laku minum air putih minimal liter salur kemih bilas atur bakteri kembang biak,F3,4,5
482,15,Jangan menahan keinginan buang air kecil,tahan buang air,F3,4,5
482,16,Buang air kecil secara teratur,buang air atur,F3,4,5
482,17,Membasuh organ intim dari arah depan ke belakang agar tidak terjadi kontaminasi bakteri dari anus ke saluran kemih,basuh organ intim arah kontaminasi bakteri anus salur kemih,F3,4,5
482,18,Biasakan buang air kecil sebelum dan sesudah berhubungan intim,buang air hubung intim,F3,4,5
482,19,Cukup istirahat dan konsumsi makanan bergizi untuk menjaga daya tahan tubuh,istirahat konsumsi makan gizi jaga daya tahan tubuh,F3,5,5
482,20,Jika keluhan terus berlanjut sebaiknya konsultasikan dengan dokter agar dapat ditelusuri penyebabnya,keluh konsultasi dokter telusur,F5,6,6
482,21,"Dokter akan melakukan pemeriksaan klinis dan tes medis untuk memastikan diagnosis, seperti tes urine, USG, X - Ray, dan sebagainya",dokter laku periksa klinis tes medis diagnosis tes urine usg x ray,F5,6,6
482,22,Dengan demikian penanganan yang tepat akan dapat diberikan sesuai dengan penyebab yang mendasarinya,tangan sesuai dasar,F5,7,7
482,23,"Baca laman artikel berikut ini: Nyeri saat buang air kecil, Penyebab sering buang air kecil",baca laman artikel nyeri buang air buang air,F5,8,8
482,24,Demikian semoga bermanfaat,moga manfaat,F1,8,8
482,25,"Salam, dr Muliani Sukiman",salam dr muliani sukiman,F1,9,9
483,0,Halo,halo,F1,0,0
483,1,Sakit pinggang dapat disebabkan oleh berbagai penyebab,sakit pinggang,F3,0,0
483,2,"Beberapa kondisi yang dapat menyebabkan sakit pinggang sebelah kanan adalah: Cedera, terutama di daerah persendian yang berhubungan dengan saraf",kondisi sakit pinggang belah kanan cedera utama daerah sendi hubung saraf,F3,0,0
483,3,Biasanya erat hubungannya cedera akibat mengangkat beban yang terlalu berat (keseleo),erat hubung cedera akibat angkat beban berat keseleo,F3,0,0
483,4,Trauma otot,trauma otot,F3,1,1
483,5,"Otot menjadi kram dan kaku menyebabkan kesulitan dalam duduk, membungkuk atau berdiri",otot kram kaku sulit duduk bungkuk,F3,1,1
483,6,"Gangguan pada bentuk tulang belakang: kifosis, lordosis",ganggu bentuk tulang kifosis lordosis,F3,1,1
483,7,Penyempitan pada tulang belakang,sempit tulang,F3,1,1
483,8,Gangguan ginjal akibat batu ginjal atau adanya infeksi pada ginjal,ganggu ginjal akibat batu ginjal infeksi ginjal,F3,2,2
483,9,"Batu ginjal dapat menyebabkan nyeri pada pinggang yang muncul hilang timbul, selain itu batu pada saluran ginjal (ureter) juga dapat menimbulkan nyeri hebat atau kolik yang dapat muncul tiba - tiba",batu ginjal nyeri pinggang muncul hilang timbul batu salur ginjal ureter timbul nyeri hebat kolik muncul,F3,2,2
483,10,"Gangguan pada empedu, dan lain – lain",ganggu empedu,F3,2,2
483,11,"Dalam menentukan diagnosis pasti penyebab keluhan Anda, seorang dokter perlu melakukan wawancara menyeluruh, pemeriksaan fisik langsung, dan menganjurkan beberapa pemeriksaan penunjang (seperti cek darah, rontgen atau bahkan MRI tulang belakang)",diagnosis keluh orang dokter laku wawancara periksa fisik langsung anjur periksa tunjang cek darah rontgen mri tulang,F3,3,3
483,12,"Sebaiknya konsultasikan dengan dokter apabila nyeri yang dirasakan semakin bertambah berat, disertai gangguan berkemih (ngompol atau tidak bisa BAK) atau mengganggu aktifitas sehari - hari",konsultasi dokter nyeri berat ganggu kemih ngompol bak ganggu aktifitas,F5,3,3
483,13,Beberapa tips yang dapat dilakukan: Tidak mengangkat benda yang terlalu berat untuk sementara waktu,tips laku angkat benda berat,F5,4,4
483,14,Konsumsi obat penghilang nyeri seperti ibuprofen atau piroksikam,konsumsi obat hilang nyeri ibuprofen piroksikam,F5,4,4
483,15,Mengubah postur tubuh yang lebih nyaman,ubah postur tubuh nyaman,F5,4,4
483,16,Melakukan olahraga ringan secara teratur,laku olahraga ringan atur,F5,4,4
483,17,Istirahat yang cukup,istirahat,F5,4,4
483,18,"Semoga membantu, dr Theresia",moga bantu dr theresia,F1,5,5
484,0,Hai Umar,hai umar,F1,0,0
484,1,"ISK atau infeksi saluran kemih merupakan penyakit yang disebabkan oleh bakteri, dimana keluhan yang dialami dapat timbul kembali untuk menegakan diagnosa dapat dilihar dari pemeriksaan urin lengkap yaitu salah satunya bakteri (+)",isk infeksi salur kemih rupa sakit bakteri keluh alami timbul tega diagnosa dilihar periksa urin lengkap salah bakteri,F3,1,1
484,2,"Cara pengobatan ISK yaitu dengan pemberian antibiotik yang sesuai penyebabnya (ciprofloxasin, levofloxasin, amoxicilin, trimethoprim)",obat isk antibiotik sesuai ciprofloxasin levofloxasin amoxicilin trimethoprim,F3,1,1
484,3,Apabila pengobatan yang diberikan teratur di minum dan kontrol kembali ke dokter untuk di follow - up perkembangan infeksi ini serta mengikuti saran yang dianjurkan dokter maka prognosanya bagus dan terhindar dari komplikasi yang bisa terjadi,obat atur minum kontrol dokter follow up kembang infeksi saran anjur dokter prognosanya bagus hindar komplikasi,F3,1,1
484,4,ISK terbagi dua yaitu ISK atas yaitu dari ginjal hingga ureter ISK bawah yaitu dari Kandung kemih hingga uretra,isk isk ginjal ureter isk kandung kemih uretra,F3,1,1
484,5,Penyebab yang paling sering adalah E Coli,e coli,F3,1,1
484,6,Apabila ISK tidak tertangani dengan baik maka dapat terjadi komplikasi yaitu gangguan ginjal infeksi darah prostatitis sebaiknya segera ke dokter jika anda mengalami komplikasi ini,isk tangan komplikasi ganggu ginjal infeksi darah prostatitis dokter alam komplikasi,F4,1,1
484,7,Infeksi Saluran Kemih dapatlah disembuhkan,infeksi salur kemih sembuh,F4,1,1
484,8,"Berikut saran yang dapat anda lakukan agar ISK tidak kambuh yaitu Minumlah air putih yang banyak karena jika akan membuat anda buang air kecil sering, dimana bakteri akan ikut terbuang dan bakteri sulit berkembang biak",saran laku isk kambuh minum air putih buang air bakteri buang bakteri sulit kembang biak,F5,2,2
484,9,Setelah buang air kecil dan besar maka bersihkanlah menggunakan tisu atau air dari depan kebelakang,buang air bersih tisu air,F5,2,2
484,10,Bersihkan organ intim anda setelah berhubungan intim,bersih organ intim hubung intim,F5,2,3
484,11,"Jika ISK sangat sering kambuh, maka mintalah obat antibiotik untuk pencegahannya",isk kambuh obat antibiotik cegah,F5,3,3
484,12,"Bawalah diri anda ke dokter untuk mendapatkan terapi lanjutan dan mendapatkan pemeriksaan urin darah, USG, IVP, BNO, rontgen untuk melihat perkembangan bakteri dan melihat apakah telah terjadi komplikasi atau belum",bawa dokter terapi periksa urin darah usg ivp bno rontgen lihat kembang bakteri lihat komplikasi,F5,3,3
484,13,Baca mengenai ISK,baca kena isk,F5,4,4
484,14,Semoga membantu,moga bantu,F1,4,4
484,15,"Salam, dr Nofrina",salam dr nofrina,F1,4,4
485,0,Selamat malam,selamat malam,F1,0,0
485,1,Nyeri pada pinggul kiri kemungkinan penyebabnya adalah : Infeksi ginjal,nyeri pinggul kiri infeksi ginjal,F3,1,1
485,2,Batu ginjal,batu ginjal,F3,1,1
485,3,Ginjal bengkak akibat batu di kandung kemih,ginjal bengkak akibat batu kandung kemih,F3,1,1
485,4,Gastritis kronis (maag),gastritis kronis maag,F3,1,1
485,5,"Nyeri di pinggul jika tidak ada riwayat trauma, paling banyak dikaitkan dengan ginjal karena organ di daerah tersebut yang sering terganggu adalah ginjal",nyeri pinggul riwayat trauma kait ginjal organ daerah ganggu ginjal,F3,1,1
485,6,Infeksi di ginjal sering berhubungan dengan riwayat infeksi saluran kemih berulang sebelumnya,infeksi ginjal hubung riwayat infeksi salur kemih ulang,F3,1,1
485,7,Infeksi saluran kemih banyak berhubungan dengan : Kebiasaan hanya minum sedikit air putih,infeksi salur kemih hubung minum air putih,F3,1,2
485,8,Kebiasaan menahan kencing Kebiasaan membersihkan daerah kewanitaan sehabisa kencing yang tidak benar,tahan kencing bersih daerah wanita sehabisa kencing,F3,2,2
485,9,arah yang benar adalah dari depan ke belakang untuk menghindari berpindahnya bakteri dari anus ke arah vagina,arah hindar pindah bakteri anus arah vagina,F3,2,3
485,10,Tidak membersihkan daerah kewanitaan sehabis berhubungan badan,bersih daerah wanita habis hubung badan,F3,3,4
485,11,Sering menggunakan pembersih daerah kewanitaan berbahan dasar kimia sehingga ph daerah kewanitaan berubah,bersih daerah wanita bahan dasar kimia ph daerah wanita ubah,F3,3,4
485,12,"Saran saya agar Anda memeriksakan diri ke dokter agar dapat dilakukan pemeriksaan fisik lebih lanjut dan evaluasi keadaan Anda menggunakan pemeriksaan penunjang lain jika dibutuhkan, sehingga keluhan yang anda keluhkan dapat ditangani secara tepat",saran periksa dokter laku periksa fisik evaluasi periksa tunjang butuh keluh keluh tangan,F5,4,5
485,13,"Saran di rumah yaitu banyak minum air mineral minimal 2L / hari, serta hindari kebiasaan - kebiasaan yang dapat menimbulkan infeksi pada saluran kemih",saran rumah minum air mineral minimal l hindar timbul infeksi salur kemih,F5,5,5
485,14,Artikel terkait : Infeksi ginjal,artikel kait infeksi ginjal,F5,5,5
485,15,Sekian informasi dari Saya,sekian informasi,F1,5,5
485,16,semoga bermanfaat,moga manfaat,F1,5,5
485,17,Dr Anthony,dr anthony,F1,6,6
486,0,Halo Aprilza,halo aprilza,F1,0,0
486,1,Apakah yang Anda maksudkan adalah sebelumnya Anda pernah menderita batu ginjal?,maksud derita batu ginjal,F2,0,0
486,2,"Jika memang bukan hal tersebut yang Anda maksudkan, Anda bisa membalas jawaban ini",maksud balas,F4,0,0
486,3,"Batu ginjal terbentuk karena endapan mineral, utamanya dikarenakan kekurangan cairan sehingga mineral tersebut menjadi mengendap dan membentuk batu ginjal",batu ginjal bentuk endap mineral utama cair mineral endap bentuk batu ginjal,F3,0,0
486,4,"Batu ginjal terdiri dari banyak jenis, namun jenis utamanya adalah: Batu kalsium, karena tingginya kadar kalsium pada urine, bisa karena keturunan maupun gangguan kelenjar paratiroid",batu ginjal jenis jenis utama batu kalsium kadar kalsium urine turun ganggu kelenjar paratiroid,F3,0,0
486,5,"Batu asam urat, akibat tingginya kadar asam urat dalam tubuh",batu asam urat akibat kadar asam urat tubuh,F3,0,0
486,6,"Batu struvit, yang terbentuk karena infeksi saluran kemih yang berulang, lebih sering terjadi pada wanita",batu struvit bentuk infeksi salur kemih ulang wanita,F3,0,0
486,7,"Batu sistin, sangat jarang, akibat penyakit sistinuria",batu sistin jarang akibat sakit sistinuria,F3,0,0
486,8,"Faktor resiko terkena batu ginjal diantaranya adalah: Pernah mengalami batu ginjal sebelumnya (berhubungan dengan metabolisme tubuh, pola hidup atau penyakit yang mendasarinya)",faktor resiko kena batu ginjal alam batu ginjal hubung metabolisme tubuh pola hidup sakit dasar,F3,0,0
486,9,Riwayat keluarga / faktor keturunan,riwayat keluarga faktor turun,F3,1,1
486,10,"Tidak mengonsumsi cukup air putih, terutama orang yang tinggal di iklim tropis dan sering berkeringat",konsumsi air putih utama orang tinggal iklim tropis keringat,F3,1,1
486,11,"Pola makan yang tinggi protein, garam (sodium) dan gula",pola makan protein garam sodium gula,F3,2,1
486,12,Obesitas,obesitas,F3,2,2
486,13,"Memiliki penyakit tertentu seperti hiperparatiroidisme, sistinuria dan infeksi saluran kemih",milik sakit hiperparatiroidisme sistinuria infeksi salur kemih,F3,2,2
486,14,"Jika Anda memiliki faktor resiko di atas, kemungkinan batu ginjal dapat terulang kembali",milik faktor resiko batu ginjal ulang,F4,2,2
486,15,"Setelah batu ginjal sembuh, agar tidak terulang, hal yang bisa dilakukan adalah: Konsumsi banyak air putih",batu ginjal sembuh ulang laku konsumsi air putih,F3,2,2
486,16,"Tidak terlalu banyak makan makanan yang mengandung oksalat seperti teh, okra, ubi, kacang - kacangan, bayam, dan lain – lain",makan makan kandung oksalat teh okra ubi kacang kacang bayam,F3,3,3
486,17,Menjaga berat badan ideal,jaga berat badan ideal,F3,4,4
486,18,Diet rendah garam dan rendah protein hewani,diet rendah garam rendah protein hewani,F3,4,4
486,19,"Tetap mengonsumsi makanan yang mengandung kalsium, namun hati - hati akan suplemen kalsium",konsumsi makan kandung kalsium hati hati suplemen kalsium,F3,4,4
486,20,"Bisa saja hal yang Anda rasakan saat ini adalah terbentuknya batu ginjal kembali, tetapi bisa saja karena kelainan yang lainnya, misalnya infeksi pada ginjal (pyelonefritis) atau nyeri pinggang karena hal lainnya misal nyeri pada otot, tulang, saluran pencernaan atau organ lain",bentuk batu ginjal infeksi ginjal pyelonefritis nyeri pinggang nyeri otot tulang salur cerna organ,F3,5,5
486,21,"Sebaiknya, Anda saat ini memeriksakan diri Anda ke dokter agar mendapatkan pemeriksaan yang lebih rinci, baik wawancara medis, pemeriksaan fisik maupun pemeriksaan penunjang seperti rontgen maupun laboratorium",periksa dokter periksa rinci wawancara medis periksa fisik periksa tunjang rontgen laboratorium,F5,6,6
486,22,"Salam, dr Mega",salam dr mega,F1,7,7
487,0,Halo,halo,F1,0,0
487,1,Terima kasih sudah bertanya pada alodokter,terima kasih alodokter,F1,0,0
487,2,Keinginan buang air kecil yang meningkat dapat disebabkan oleh : Â infeksi saluran kemih,buang air tingkat infeksi salur kemih,F3,1,1
487,3,Â kandung kemih terlalu aktif,kandung kemih aktif,F3,1,1
487,4,Â infeksi ginjal,infeksi ginjal,F3,1,1
487,5,Â batu ginjal,batu ginjal,F3,1,1
487,6,Â diabetes,diabetes,F3,1,1
487,7,Â konsumsi obat diuretik,konsumsi obat diuretik,F3,1,1
487,8,Â stroke,stroke,F3,1,1
487,9,Â divertikulitis,divertikulitis,F3,1,1
487,10,Â kecemasan berlebihan,cemas,F3,1,2
487,11,Ada baiknya Anda berkonsultasi dengan dokter secara langsung dikarenakan terdapat juga keluhan yang lain serta riwayat tersebut,konsultasi dokter langsung keluh riwayat,F5,2,2
487,12,Nanti dokter akan menelusuri gejala dan melakukan pemeriksaan fisik yang diperlukan,dokter telusur gejala laku periksa fisik,F5,3,2
487,13,"Tes penunjang seperti tes urine, tes darah, dan USG mungkin akan dokter anjurkan",tes tunjang tes urine tes darah usg dokter anjur,F5,3,3
487,14,Terapi yang sesuai dengan diagnosis akan dokter berikan,terapi sesuai diagnosis dokter ikan,F5,3,3
487,15,"Anjuran yang dapat dilakukan: Â minum air putih dalam jumlah cukup minimal 8 - 10 gelas perhari, hindari juga minum terlalu banyak air karena dapat menyebabkan buang air kecil lebih sering",anjur laku minum air putih minimal gelas hindar minum air buang air,F5,4,4
487,16,Â hindari kebiasaan menahan buang air kecil dan buang air besar,hindar tahan buang air buang air,F5,4,4
487,17,Â biasakan buang air kecil sebelum dan sesudah berhubungan intim,buang air hubung intim,F5,4,4
487,18,Â hindari minum minuman keras dan kafein,hindar minum minum keras kafein,F5,5,5
487,19,Â atasi stres dengan bijak,stres bijak,F5,5,5
487,20,Semoga bermanfaat,moga manfaat,F1,5,5
487,21,"Salam, dr Satya Sueningrat",salam dr satya sueningrat,F1,6,6
488,0,"Halo,Terima kasih telah bertanya ke Alodokter com",haloterima kasih alodokter com,F1,0,0
488,1,Saya mengerti kekhawatiran yang Anda rasakan,erti khawatir,F1,0,0
488,2,Batu ginjal merupakan kondisi terbentuknya material keras seperti batu di dalam ginjal,batu ginjal rupa kondisi bentuk material keras batu ginjal,F3,1,1
488,3,"Material tersebut yang berasal dari endapan sisa zat limbah dalam tubuh yang mengkristal membentuk batu kalsium, batu asam urat, batu struvit, atau batu sistin",material endap sisa zat limbah tubuh kristal bentuk batu kalsium batu asam urat batu struvit batu sistin,F3,1,1
488,4,"Gejala batu ginjal dapat berupa nyeri pada perut / punggung bawah / pinggang / selangkangan, sering BAK, nyeri saat BAK, urin berwarna keruh atau kemerahan, mual, atau muntah",gejala batu ginjal rupa nyeri perut punggung pinggang selangkang bak nyeri bak urin warna keruh merah mual muntah,F3,2,2
488,5,Kondisi ini lebih sering mengenai pria dibanding wanita,kondisi kena pria banding wanita,F3,2,2
488,6,"Penyebabnya bermacam - macam, di antaranya: Batu kalsium: terlalu banyak konsumsi makanan yang mengandung kalsium (susu, keju, kacang - kacangan, sarden) atau vitamin D (kedelai, hati sapi, cokelat, teh), hiperaktifitas kelenjar paratiroid",batu kalsium konsumsi makan kandung kalsium susu keju kacang kacang sarden vitamin d kedelai hati sapi cokelat teh hiperaktifitas kelenjar paratiroid,F3,3,3
488,7,"Batu asam urat: terlalu banyak konsumsi makanan yang mengandung purin (kerang, daging kambing, jeroan)",batu asam urat konsumsi makan kandung purin kerang daging kambing jeroan,F3,3,3
488,8,Batu struvit: sering mengalami infeksi saluran kemih,batu struvit alam infeksi salur kemih,F3,4,4
488,9,Batu sistin: mengalami penyakit sistinuria,batu sistin alam sakit sistinuria,F3,4,4
488,10,"Jika Anda mengalami gejala batu ginjal, sebaiknya Anda berkonsultasi dengan dokter untuk dilakukan pemeriksaan lanjutan",alam gejala batu ginjal konsultasi dokter laku periksa,F5,4,4
488,11,"Dokter umumnya akan melakukan pemeriksaan fisik dan penunjang (pemeriksaan darah, urin, rontgen)",dokter laku periksa fisik tunjang periksa darah urin rontgen,F5,4,4
488,12,"Jika batu ginjal masih berukuran kecil, dokter umumnya hanya akan meresepkan obat untuk mengurangi keluhan, seperti anti nyeri, anti mual, atau obat penghambat alfa",batu ginjal ukur dokter resep obat keluh anti nyeri anti mual obat hambat alfa,F5,4,4
488,13,"Jika batu ginjal dirasakan cukup besar dan membahayakan, dapat dilakukan terapi pembedahan",batu ginjal bahaya laku terapi bedah,F5,4,4
488,14,"Selain itu, Anda dapat melakukan beberapa tips berikut ini: Perbanyak konsumsi air putih 8 - 10 gelas per hari",laku tips konsumsi air putih gelas,F5,5,5
488,15,"Batasi konsumsi makanan dan minuman yang mengandung zat - zat pemicu timbulnya batu ginjal, seperti kalsium, oksalat, vitamin D, dan protein hewani",batas konsumsi makan minum kandung zat zat picu timbul batu ginjal kalsium oksalat vitamin d protein hewani,F5,5,5
488,16,Biasakan olahraga secara teratur,olahraga atur,F5,5,5
488,17,"Konsumsi susu dan berbagai produk olahannya (keju, yoghurt) sebaiknya dibatasi pada penderita batu ginjal",konsumsi susu produk olah keju yoghurt batas derita batu ginjal,F5,5,5
488,18,Hal ini dikarenakan susu mengandung kalsium yang mudah diserap oleh usus dan berpotensi memicu terbentuknya batu ginjal,susu kandung kalsium mudah serap usus potensi picu bentuk batu ginjal,F5,5,5
488,19,Penderita batu ginjal disarankan untuk membatasi asupan kalsium maksimal 800 mg per hari untuk pria dan 1200 mg per hari untuk wanita,derita batu ginjal saran batas asupan kalsium maksimal mg pria mg wanita,F5,5,5
488,20,Hal ini kurang lebih setara dengan 3 sendok makan susu rendah lemak,tara sendok makan susu rendah lemak,F5,5,5
488,21,"Sekian penjelasan dari kami, semoga bermanfaat",sekian moga manfaat,F1,5,5
488,22,"Informasi terkait dapat Anda baca pada tautan berikut: Batu ginjal, Diet and kidney stones, Diet for kidney stone prevention",informasi kait baca taut batu ginjal diet and kidney stones diet for kidney stone prevention,F5,6,6
489,0,Halo Jana,halo jana,F1,0,0
489,1,Pada dasarnya ginjal manusia akan terus memproduksi air kencing setiap harinya,dasar ginjal manusia produksi air kencing,F3,0,0
489,2,"Umumnya buang air kecil dalam sehari adalah 4 - 8 kali atau sebanyak 1 - 1,8 liter",buang air kali liter,F3,0,0
489,3,Akan tetapi beberapa orang dapat mengalami peningkatan dalam buang airnya,orang alam tingkat buang air,F3,0,0
489,4,"Berikut beberapa penyebab meningkatnya frekuensi buang air kecil : Infeksi saluran kemih, Kandung kemih yang terlalu aktif, Infeksi ginjal, Batu ginjal, Kehamilan, Diabetes, Gangguan prostat, Mengonsumsi obat - obatan diuretik, Stroke atau penyakit syaraf, Faktor psikologis (pikiran)",tingkat frekuensi buang air infeksi salur kemih kandung kemih aktif infeksi ginjal batu ginjal hamil diabetes ganggu prostat konsumsi obat obat diuretik stroke sakit syaraf faktor psikologis pikir,F3,1,1
489,5,"Jika Anda sudah memeriksakan keadaan Anda dan ternyata baik - baik saja, Anda tidak perlu khawatir akan adanya penyakit yang serius dalam diri Anda",periksa nyata khawatir sakit serius,F4,1,1
489,6,"Hal ini bisa juga disebabkan faktor pikiran yang sedang cemas atau stres, dan lain – lain",faktor pikir cemas stres,F5,1,1
489,7,Konsumsi air mineral yang berlebih juga dapat menyebabkan buang air kecil menjadi meningkat,konsumsi air mineral buang air tingkat,F5,2,2
489,8,Berikut beberapa tips untuk Anda: Konsumsi air mineral yang rutin minimal 2 liter sehari agar tidak kekurangan cairan,tips konsumsi air mineral rutin minimal liter cair,F5,2,2
489,9,Jangan menahan kencing agar tidak terjadi ISK atau batu,tahan kencing isk batu,F5,2,2
489,10,Rutin berolahraga,rutin olahraga,F5,2,2
489,11,Simak juga artikel mengenai air putih berikut ini,simak artikel kena air putih,F5,2,2
489,12,"Semoga bermanfaat, dr Yosephine",moga manfaat dr yosephine,F1,2,2
490,0,Halo Haris79,halo haris,F1,0,0
490,1,Terima kasih atas pertanyaan Anda,terima kasih,F1,0,0
490,2,"Penyebab seringnya Buang Air Kecil (BAK) yang umumnya telah diketahui diantaranya adalah : Infeksi Saluran kemih (ISK), Batu Ginjal, Kandung kemih terlalu aktif, Kehamilan, Infeksi pada ginjal, Diabetes, Stroke, Faktor psikologis, dan lain – lain",buang air bak infeksi salur kemih isk batu ginjal kandung kemih aktif hamil infeksi ginjal diabetes stroke faktor psikologis,F3,0,0
490,3,"Sulit menahan keinginan untuk BAK memang salah satu gejala dari menopause, akan tetapi kondisi ini haruslah di kroscek kebenarannya dengan mengunjungi Dokter SPesialis Kebidanan dan Kandungan agar dilakukan pemeriksaan fisik, laboratorium, USG, dan lain – lain",sulit tahan bak salah gejala menopause kondisi kroscek kunjung dokter spesialis bidan kandung laku periksa fisik laboratorium usg,F3,0,0
490,4,Sehingga penanganan yang sesuai depat dilakukan,tangan sesuai depat laku,F3,1,0
490,5,Klik di SINI untuk melihat artikel dan cara pengobatan keluhan yang sesuai dengan pertanyaan Anda,klik lihat artikel obat keluh sesuai,F5,1,0
490,6,"Demikian penjelasan yang dapat kami sampaikan, semoga bermanfaat",moga manfaat,F1,1,0
490,7,"Salam, Dr jati Satriyo",salam dr jati satriyo,F1,1,0
491,0,Hai,hai,F1,0,0
491,1,Dari gejala yang Anda alami kemungkinan disebabkan oleh infeksi saluran kemih (ISK),gejala alami infeksi salur kemih isk,F4,0,0
491,2,"Dimana gejalanya antara lain: Nyeri saat buang air kecil (BAK), Anyang - anyangan atau seperti tidak tuntas setelah BAK, BAK lebih sering dan terkadang sulit ditahan, Nyeri atau tidak enak pada perut bagian bawah, Urin berwarna keruh atau berwarna kemerahan akibat disertai darah",gejala nyeri buang air bak anyang anyang tuntas bak bak terkadang sulit tahan nyeri enak perut urin warna keruh warna merah akibat darah,F3,0,0
491,3,Untuk memastikannya diperlukan pemeriksaan langsung oleh dokter serta pemeriksaan penunjang seperti pemeriksaan urin dan USG,periksa langsung dokter periksa tunjang periksa urin usg,F5,0,0
491,4,"Penyebab lain dari nyeri saat BAK adalah: Iritasi pada ujunga saluran kemih misal akibat pembalut, pembersih, pengharum, dan sebagainya",nyeri bak iritasi ujunga salur kemih akibat balut bersih harum,F5,0,0
491,5,"Kurang minum air putih sehingga urin menjadi lebih pekat Batu ginjal, Dan lainnya",minum air putih urin pekat batu ginjal,F5,0,0
491,6,Informasi terkait dapat Anda baca pada artikel berikut: Infeksi saluran kemih,informasi kait baca artikel infeksi salur kemih,F5,0,0
491,7,Semoga membantu ya,moga bantu ya,F1,1,1
491,8,Terima kasih,terima kasih,F1,1,1
491,9,Dr Yan william,dr yan william,F1,1,1
492,0,Hai,hai,F3,0,0
492,1,Sakit pada perut bagian bawah dan pinggang dapat diakibatkan oleh berbagai kemungkinan penyebab berikut ini: Penyakit radang panggul,sakit perut pinggang akibat sakit radang panggul,F3,1,1
492,2,Kista ovarium,kista ovarium,F3,2,2
492,3,Endometriosis (lapisan dalam dinding rahim tumbuh di luar rahim),endometriosis lapis dinding rahim tumbuh rahim,F3,2,2
492,4,Kehamilan ektopik (kehamilan di luar kandungan),hamil ektopik hamil kandung,F3,2,2
492,5,Fibroid rahim,fibroid rahim,F3,2,2
492,6,"Penyakit menular seksual (gonore, sifilis, trikomoniasis, dan lain – lain)",sakit tular seksual gonore sifilis trikomoniasis,F3,2,3
492,7,Gangguan usus,ganggu usus,F3,2,3
492,8,Infeksi saluran kemih / ISK,infeksi salur kemih isk,F3,2,3
492,9,Infeksi ginjal dan sebagainya,infeksi ginjal,F3,2,3
492,10,Berikut anjuran yang dapat dilakukan: Istirahatkan bagian yang sakit,anjur laku istirahat sakit,F3,3,4
492,11,"Hindari gerakan seperti membungkuk, mengangkat beban dan lain – lain",hindar gerak bungkuk angkat beban,F3,3,4
492,12,Jangan mengurut / memijat bagian perut yang sakit,urut pijat perut sakit,F3,3,4
492,13,Makan secara teratur dengan gizi seimbang,makan atur gizi imbang,F3,3,4
492,14,"Minum banyak air putih, minimal 2 liter sehari",minum air putih minimal liter,F3,4,5
492,15,Jangan menahan keinginan untuk berkemih,tahan kemih,F3,4,5
492,16,Jika keluhan terus berlanjut sebaiknya,keluh,F5,5,6
492,17,Anda berkonsultasi dengan dokter untuk menelusuri penyebabnya,konsultasi dokter telusur,F5,5,6
492,18,"Dokter akan melakukan pemeriksaan fisik dan pemeriksaan penunjang yang dibutuhkan seperti tes darah, USG, X - Ray dan sebagainya",dokter laku periksa fisik periksa tunjang butuh tes darah usg x ray,F5,5,6
492,19,Penanganan yang tepat akan diberikan sesuai dengan penyebab yang mendasarinya,tangan sesuai dasar,F5,6,7
492,20,Baca laman artikel berikut ini: Kenapa bisa terjadi sakit perut bagian bawah?,baca laman artikel sakit perut,F5,7,8
492,21,Demikian semoga bermanfaat,moga manfaat,F1,8,8
492,22,"Salam, dr Muliani Sukiman",salam dr muliani sukiman,F1,8,8
493,0,Hai,hai,F1,0,0
493,1,"Sakit perut sebelah kiri dapat disebabkan oleh berbagai penyebab, mulai dari yang ringan hingga yang berat",sakit perut belah kiri ringan berat,F3,0,0
493,2,Beberapa kemungkinan penyebabnya adalah: Maag / Gastritis (peradangan pada dinding lambung),maag gastritis radang dinding lambung,F3,1,1
493,3,Pankreatitis (peradangan pankreas),pankreatitis radang pankreas,F3,1,1
493,4,Gangguan usus besar,ganggu usus,F3,1,1
493,5,Infeksi saluran kemih / ISK,infeksi salur kemih isk,F3,1,1
493,6,Infeksi ginjal,infeksi ginjal,F3,1,1
493,7,Batu ginjal,batu ginjal,F3,1,1
493,8,Serangan jantung dan sebagainya,serang jantung,F3,1,1
493,9,Untuk memastikan penyebabnya disarankan agar dapat berkonsultasi dengan dokter,saran konsultasi dokter,F5,2,2
493,10,"Diperlukan pemeriksaan fisik secara langsung oleh Dokter untuk menilai keluhan sakit yang timbul (lokasi, derajat nyeri, apakah membaik / memburuk dengan posisi tertentu, dan sebagainya)",periksa fisik langsung dokter nilai keluh sakit timbul lokasi derajat nyeri buruk posisi,F5,2,2
493,11,"Jika diperlukan dokter akan menganjurkan pemeriksaan penunjang seperti USG, X - Ray, CT Scan dan sebagainya",dokter anjur periksa tunjang usg x ray ct scan,F5,3,3
493,12,Penanganan yang tepat akan diberikan sesuai dengan penyebab yang mendasarinya,tangan sesuai dasar,F5,4,4
493,13,Baca laman artikel berikut: Penyebab sakit perut sebelah kiri,baca laman artikel sakit perut belah kiri,F5,4,4
493,14,Demikian semoga bermanfaat,moga manfaat,F1,4,4
493,15,"Salam, dr Muliani Sukiman",salam dr muliani sukiman,F1,5,5
494,0,Hai,hai,F1,0,0
494,1,Nyeri pinggang sebelah kiri pada dasarnya dapat diakibatkan oleh berbagai kemungkinan penyebab berikut ini: Siatika (penekanan dan iritasi pada saraf skiatik),nyeri pinggang belah kiri dasar akibat siatika tekan iritasi saraf skiatik,F3,1,1
494,2,Penyempitan jalur tulang belakang,sempit jalur tulang,F3,1,1
494,3,Cedera otot / tulang,cedera otot tulang,F3,1,1
494,4,Infeksi ginjal,infeksi ginjal,F3,1,1
494,5,Batu ginjal,batu ginjal,F3,1,1
494,6,Sindrom iritasi usus,sindrom iritasi usus,F3,1,1
494,7,"Gangguan usus besar, dan sebagainya",ganggu usus,F3,1,1
494,8,Anda tidak disarankan untuk mengurut / memijat bagian pinggang yang nyeri,saran urut pijat pinggang nyeri,F4,2,1
494,9,Sebaiknya konsultasikan dengan dokter agar penyebabnya dapat ditelusuri lebih lanjut,konsultasi dokter telusur,F5,2,2
494,10,"Melalui pemeriksaan fisik dan tes penunjang yang diperlukan (USG, X - Ray, tes urine, CT Scan) dokter akan mengidentifikasi penyebabnya dan memberikan penanganan yang tepat",periksa fisik tes tunjang usg x ray tes urine ct scan dokter identifikasi tangan,F5,2,2
494,11,Berikut ini anjuran yang dapat dilakukan: Bila nyeri terasa mengganggu Anda dapat mengonsumsi paracetamol atau ibuprofen untuk meredakannya,anjur laku nyeri ganggu konsumsi paracetamol ibuprofen reda,F5,3,3
494,12,"Batasi gerakan tubuh atau aktivitas fisik yang dapat membebani pinggang (membungkuk, mengangkat beban berat dan sebagainya)",batas gerak tubuh aktivitas fisik beban pinggang bungkuk angkat beban berat,F5,3,3
494,13,Minum cukup air putih 2 - 3 liter sehari,minum air putih liter,F5,3,3
494,14,Hindari kebiasaan menahan keinginan untuk berkemih,hindar tahan kemih,F5,3,3
494,15,Beristirahat cukup dan konsumsi makanan bergizi untuk menjaga daya tahan tubuh,istirahat konsumsi makan gizi jaga daya tahan tubuh,F5,3,3
494,16,Baca laman artikel berikut ini: Penyebab sakit pinggang sebelah kiri,baca laman artikel sakit pinggang belah kiri,F5,4,4
494,17,Demikian semoga bermanfaat,moga manfaat,F1,4,4
494,18,dr Muliani Sukiman,dr muliani sukiman,F1,4,4
495,0,Halo Anatasya,halo anatasya,F1,0,0
495,1,Terima kasih atas pertanyaan Anda,terima kasih,F1,0,0
495,2,Kondisi yang Anda alami dengan keluhan utama berupa rasa sakit pada pinggang sebelah kiri kemungkinan mengarah ke gangguan kesehatan pada ginjal dikarenakan adanya gejala tambahan berupa timbulnya buang air kecil (BAK) yang terus - menerus,kondisi alami keluh utama rupa sakit pinggang belah kiri arah ganggu sehat ginjal gejala rupa timbul buang air bak,F4,1,1
495,3,Sakit pinggang dapat disebabkan oleh gangguan ginjal dikarenakan letak ginjal yang terdapat di daerah pinggang,sakit pinggang ganggu ginjal letak ginjal daerah pinggang,F3,1,1
495,4,"Jika ginjal terganggu, misalnya dikerenakan adanya suatu infeksi ataupun batu, maka area pinggang dan juga tulang rusuk ke bawah dan panggul akan merasakan rasa nyeri",ginjal ganggu rena infeksi batu area pinggang tulang rusuk panggul nyeri,F5,1,1
495,5,"Selain dari gangguan pada ginjal, kondisi yang Anda alami dapat pula disebabkan oleh karena : Siatika, spinal spinosis, otot yang tegang, fibroid pada rahim, kista ovarium, otot yang mengalami ketegangan, dan lain – lain",ganggu ginjal kondisi alami siatika spinal spinosis otot tegang fibroid rahim kista ovarium otot alam tegang,F5,1,1
495,6,"Jika hal ini masih saja Anda rasakan, maka Kami sangat menyarankan kepada Anda untuk menemui Dokter Spesialis Penyakit Dalam terlebih dahulu agar dilakukan serangkaian pemeriksaan fisik lebih lanjut",saran temu dokter spesialis sakit laku rangkai periksa fisik,F5,2,2
495,7,"Dokter kemungkinan akan melakukan beberapa pemeriksaan terkait kondisi yang Anda alami, yang meliputi : pemeriksaan fisik khususnya daerah pinggang, tes laboratorium darah, tes urine, USG sistem kemih, rontgen tulang belakang, dan lain – lain",dokter laku periksa kait kondisi alami liput periksa fisik khusus daerah pinggang tes laboratorium darah tes urine usg sistem kemih rontgen tulang,F5,2,2
495,8,Sehingga penyebab pasti dapat ditemukan dan akhirnya pengobatan yang tepat dapat diberikan,temu obat,F5,2,2
495,9,Klik artikel di bawah ini untuk lebih jelasnya : SAKIT PINGGANG SEBELAH KIRI,klik artikel sakit pinggang belah kiri,F5,2,2
495,10,"Demikian penjelasan yang dapat kami sampaikan, semoga bermanfaat",moga manfaat,F1,2,2
495,11,"Salam, Dr Jati",salam dr jati,F1,2,2
496,0,Hai,hai,F1,0,0
496,1,Keluhan tersebut dapat disebabkan oleh: infeksi saluran kemih,keluh infeksi salur kemih,F3,0,0
496,2,batu kandung kemih atau batu ginjal,batu kandung kemih batu ginjal,F3,0,0
496,3,infeksi ginjal,infeksi ginjal,F3,0,0
496,4,penyakit menular seksual,sakit tular seksual,F3,0,0
496,5,"Usahakan untuk banyak minum air mineral, dan tidak menahan rasa saat ingin buang air kecil",usaha minum air mineral tahan buang air,F3,1,1
496,6,Bersihkan dari arah depan ke belakang setelah buang air kecil maupun besar,bersih arah buang air,F3,1,1
496,7,"Setelah berhubungan seksual, basuh vagina dan coba buang air kecil",hubung seksual basuh vagina coba buang air,F3,1,1
496,8,"Jika keluhan masih berlanjut, disarankan agar Anda periksa ke dokter",keluh saran periksa dokter,F5,2,2
496,9,"Sehingga dapat dilakukan pemeriksaan fisik dan tes penunjang seperti tes darah, tes urin, atau USG",laku periksa fisik tes tunjang tes darah tes urin usg,F5,2,2
496,10,"Penanganan yang tepat akan diberikan sesuai dengan hasil pemeriksaan, dengan jenis dan dosis obat yang sesuai",tangan sesuai hasil periksa jenis dosis obat sesuai,F5,3,3
496,11,"Semoga bermanfaat, dr Jessica W",moga manfaat dr jessica w,F1,4,4
497,0,Halo Yeni,halo yen,F1,0,0
497,1,Terima kasih sudah bertanya,terima kasih,F1,0,0
497,2,"Keluhan nyeri pada pinggang kanan kerap kali dialami, biasanya penyebabnya tidak berbahaya, namun tetap saja, keluhan tersebut harus diwaspadai",keluh nyeri pinggang kanan kerap kali alami bahaya keluh waspada,F3,1,1
497,3,Beberapa penyebab yang mungkin untuk keluhan Anda antara lain : Cedera Penjepitan saraf,keluh cedera jepit saraf,F3,1,1
497,4,Kram otot,kram otot,F3,1,1
497,5,Batu ginjal,batu ginjal,F3,1,1
497,6,Infeksi ginjal,infeksi ginjal,F3,1,1
497,7,Infeksi saluran kemih,infeksi salur kemih,F3,1,1
497,8,Batu empedu atau radang kandung empedu,batu empedu radang kandung empedu,F3,1,1
497,9,"Endometriosis, dan lainnya",endometriosis,F3,1,1
497,10,"Cobalah beberapa tips berikut untuk membantu mengatasi keluhan yang Anda alami, antara lain : Istirahat cukup minimal 8 jam sehari Olahraga teratur",coba tips bantu keluh alami istirahat minimal jam olahraga atur,F3,2,2
497,11,Perbaiki posisi Anda saat duduk atau bekerja,posisi duduk kerja,F3,2,2
497,12,Konsumsi air putih minimal 8 - 10 gelas setiap hari,konsumsi air putih minimal gelas,F3,3,3
497,13,"Jaga kebersihan organ intim Anda, cuci tangan sebelum dan setelah buang air kecil",jaga bersih organ intim cuci tangan buang air,F3,3,3
497,14,"Cuci organ intim dari arah depan (lubang kemih), ke arah belakang (lubang anus)",cuci organ intim arah lubang kemih arah lubang anus,F3,3,3
497,15,Rajin mengganti pembalut,rajin ganti balut,F3,4,4
497,16,"Bila keluhan yang Anda rasakan bertambah parah, atau tidak membaik, dan mungkin disertai demam tinggi, mual, dan muntah, jangan menunda untuk memeriksakan diri ke Dokter",keluh parah demam mual muntah tunda periksa dokter,F5,4,4
497,17,"Dokter akan menganamnesis dan memeriksa fisik Anda, setelah itu mungkin Anda akan diminta melakukan pemeriksaan tambahan seperti pemeriksaan lab darah, urin, USG, x - ray, sesuai indikasi",dokter anamnesis periksa fisik laku periksa periksa lab darah urin usg x ray sesuai indikasi,F5,4,4
497,18,"Pengobatan dapat berupa obat antinyeri seperti ibuprofen, dan lainnya sesuai penyebab",obat rupa obat antinyeri ibuprofen sesuai,F5,4,4
497,19,"Terima kasih, semoga membantu, dr Fildzah K",terima kasih moga bantu dr fildzah k,F1,4,4
498,0,Halo,halo,F1,0,0
498,1,"Gejala mual, berkeringat dingin dengan riwayat BAK perlu ditindaklanjuti segera dengan pemeriksaan secara langsung ke dokter",gejala mual keringat dingin riwayat bak ditindaklanjuti periksa langsung dokter,F4,0,0
498,2,Kemungkinan penyebabnya adalah infeksi pada ginjal yang sering disebut dengan pielonefritis akut dengan gejala: sering buang air kecil,infeksi ginjal pielonefritis akut gejala buang air,F3,0,0
498,3,Rasa nyeri pada perut bagian samping atau di punggung,nyeri perut samping punggung,F3,0,0
498,4,"Demam, menggigil",demam gigil,F3,0,0
498,5,Diare mual dan muntah,diare mual muntah,F3,0,0
498,6,Nafsu makan berkurang,nafsu makan,F3,0,0
498,7,Kelelahan,lelah,F3,0,0
498,8,"Untuk memastikannya, dokter akan memeriksa Anda, kemudian melakukan pemeriksaan medis yang menunjang seperti tes Urin maupun USG",dokter periksa laku periksa medis tunjang tes urin usg,F5,1,1
498,9,Dari hasil pemeriksaan tersebut dokter dapat menyimpulkan penyebabnya dan memberi pengobatan yang sesuai,hasil periksa dokter simpul obat sesuai,F5,1,1
498,10,"Selain disebabkan infeksi ginjal, keluhan Anda masih dapat disebabkan yang lain: infeksi kandung kemih (sistitis)",infeksi ginjal keluh infeksi kandung kemih sistitis,F5,2,2
498,11,Infeksi uretra (uretritis),infeksi uretra uretritis,F5,2,2
498,12,"Penyakit saluran cerna, misalnya radang usus, demam tifoid",sakit salur cerna radang usus demam tifoid,F5,2,2
498,13,Sebaiknya Anda: pastikan kencing hingga tuntas setiap kali BAK,kencing tuntas kali bak,F5,3,3
498,14,Tidak menahan kencing,tahan kencing,F5,3,3
498,15,Minum air putih yang cukup,minum air putih,F5,3,3
498,16,Beristirahat,istirahat,F5,3,3
498,17,Artikel yang dapat Anda baca: Infeksi ginjal,artikel baca infeksi ginjal,F5,4,4
498,18,"Semoga membantu, dr Mira",moga bantu dr mira,F1,5,5
499,0,Hai,hai,F1,0,0
499,1,"Nyeri perut setelah buang air kecil dapat disebabkan oleh beberapa kemungkinan penyebab berikut ini: Infeksi saluran kemih / ISK, Infeksi ginjal, Batu ginjal, Batu kandung kemih, Penyakit menular seksual, dan sebagainya",nyeri perut buang air infeksi salur kemih isk infeksi ginjal batu ginjal batu kandung kemih sakit tular seksual,F3,0,0
499,2,Untuk memastikan penyebabnya tentunya diperlukan pemeriksaan lebih lanjut,periksa,F5,1,1
499,3,"Jika keluhan terus berlangsung sebaiknya Anda berkonsultasi dengan dokter agar dapat dilakukan pemeriksaan fisik dan tes penunjang yang diperlukan seperti tes urine, USG, X - Ray, dan sebagainya",keluh langsung konsultasi dokter laku periksa fisik tes tunjang tes urine usg x ray,F5,1,1
499,4,Dengan demikian penanganan yang tepat dapat diberikan sesuai dengan kondisi yang mendasarinya,tangan sesuai kondisi dasar,F5,2,1
499,5,Berikut ini anjuran bagi Anda: Istirahat yang cukup dan mengonsumsi makanan bergizi agar daya tahan tubuh terjaga,anjur istirahat konsumsi makan gizi daya tahan tubuh jaga,F5,2,2
499,6,Perbanyak konsumsi air putih 2 - 3 liter sehari,konsumsi air putih liter,F5,2,2
499,7,Jangan menahan keinginan untuk buang air kecil,tahan buang air,F5,2,2
499,8,Buang air kecil secara teratur,buang air atur,F5,2,2
499,9,Hindari memijat / mengurut bagian perut yang sakit,hindar pijat urut perut sakit,F5,2,2
499,10,Jika nyeri terasa mengganggu dapat mengonsumsi paracetamol atau ibuprofen untuk meredakannya,nyeri ganggu konsumsi paracetamol ibuprofen reda,F5,2,2
499,11,"Baca laman artikel berikut ini: Nyeri saat buang air kecil, Infeksi saluran kemih / ISK",baca laman artikel nyeri buang air infeksi salur kemih isk,F5,2,2
499,12,Demikian semoga bermanfaat,moga manfaat,F1,2,2
499,13,"Salam, dr Muliani Sukiman",salam dr muliani sukiman,F1,3,3
